-162.456 63.559
-160.404 64.046
-164.655 64.860
-165.734 64.623
-157.332 58.661
-156.518 58.721
-157.027 58.797
-164.644 68.654
-161.276 68.998
-156.920 71.209
-156.186 71.172
-159.259 70.153
-157.188 70.180
-144.031 69.175
-155.001 69.549
-149.689 69.149
-161.558 63.295
-149.217 61.574
-149.416 61.576
-149.558 61.650
-149.278 61.573
-143.587 62.952
-146.019 62.042
-144.831 61.593
-142.028 62.096
-143.432 63.099
-146.337 61.140
-146.521 61.100
-147.361 61.133
-148.632 60.778
-142.877 61.319
-145.170 62.740
-143.339 62.309
-145.635 60.540
-145.861 60.496
-149.260 61.617
-149.215 61.609
-149.104 61.596
-149.155 61.586
-149.172 61.636
-149.266 61.705
-149.387 61.586
-149.338 61.584
-149.434 61.656
-149.544 61.555
-149.379 61.622
-149.161 61.547
-149.533 61.530
-149.409 61.507
-149.713 62.113
-151.414 62.175
-149.793 61.618
-149.956 61.530
-149.669 62.667
-148.675 61.809
-149.837 61.774
-149.132 61.600
-149.126 61.780
-147.861 62.534
-148.807 61.645
-149.303 61.623
-149.681 61.622
-149.496 61.578
-150.124 61.349
-148.788 61.509
-146.025 63.944
-144.171 63.994
-142.670 62.912
-143.000 63.253
-141.572 62.696
-143.694 63.419
-142.296 64.209
-141.831 65.269
-145.694 64.060
-144.473 63.284
-145.317 63.658
-157.349 59.298
-157.904 58.877
-159.129 58.878
-158.208 59.176
-157.282 59.564
-156.680 60.319
-158.519 60.153
-160.259 59.150
-147.361 64.753
-147.303 64.750
-147.252 64.702
-147.045 64.667
-147.195 64.756
-146.814 65.200
-146.368 65.050
-147.327 64.777
-147.537 64.806
-147.464 64.825
-147.506 64.869
-147.612 64.834
-147.678 64.847
-147.718 64.809
-147.712 64.841
-147.728 64.850
-147.703 64.855
-147.731 64.841
-147.754 64.827
-147.756 64.841
-147.769 64.852
-147.790 64.833
-147.793 64.841
-147.797 64.859
-147.839 64.849
-147.680 64.896
-147.307 64.888
-147.975 65.098
-147.772 64.906
-147.847 64.866
-147.928 64.874
-147.804 64.827
-147.815 64.803
-147.866 64.838
-147.753 64.545
-147.982 64.798
-147.452 64.776
-147.722 64.827
-148.306 64.934
-147.790 64.956
-145.587 64.732
-135.288 58.982
-136.064 59.367
-163.816 67.886
-162.610 66.918
-157.631 66.682
-155.712 67.163
-161.264 67.832
-157.636 67.531
-161.018 66.752
-159.608 66.446
-163.052 66.082
-160.974 65.835
-160.109 67.380
-149.779 61.067
-149.552 61.307
-149.720 61.121
-149.758 61.064
-149.687 61.055
-149.426 61.178
-149.419 61.017
-148.874 60.932
-149.164 61.206
-149.790 61.141
-149.845 61.163
-149.864 61.134
-149.444 61.374
-149.790 61.112
-133.934 58.361
-134.806 58.728
-134.466 58.380
-134.521 58.162
-134.417 58.308
-134.588 58.427
-134.680 58.354
-156.805 61.489
-161.012 61.423
-162.847 59.937
-161.463 59.006
-161.267 59.619
-161.112 60.085
-163.961 59.839
-163.243 59.884
-162.614 60.183
-161.800 60.770
-161.973 60.537
-149.759 61.131
-149.806 61.131
-149.848 61.174
-149.802 61.212
-149.786 61.217
-149.817 61.211
-149.530 61.333
-149.557 61.322
-134.576 58.396
-134.429 58.288
-134.551 58.386
-161.715 60.807
-161.848 60.814
-162.460 60.877
-160.727 60.512
-162.275 60.950
-162.007 60.812
-165.126 60.507
-165.291 60.568
-164.764 60.499
-149.848 61.129
-149.843 61.137
-149.897 61.179
-149.848 61.201
-149.878 61.199
-149.819 61.148
-149.761 61.109
-149.819 61.163
-149.811 61.101
-134.538 58.367
-134.583 58.377
-163.750 60.330
-164.249 60.983
-167.606 60.165
-160.357 61.516
-162.857 61.002
-161.715 61.114
-160.433 61.054
-157.973 61.707
-154.544 61.511
-160.040 60.815
-159.205 61.450
-159.250 61.575
-163.346 65.021
-171.485 63.523
-142.263 60.185
-139.314 59.668
-149.992 61.107
-149.848 61.210
-149.879 61.208
-149.825 61.102
-149.851 61.102
-149.838 61.102
-134.573 58.354
-134.571 58.279
-169.869 63.332
-160.917 65.166
-162.643 64.777
-162.110 64.629
-160.706 64.671
-167.122 65.700
-166.897 65.442
-165.475 66.146
-165.539 65.341
-149.923 61.155
-149.972 61.192
-149.770 61.209
-149.763 61.221
-149.830 61.116
-149.714 61.228
-149.944 61.139
-134.381 58.305
-134.409 58.353
-168.821 65.694
-149.955 61.180
-149.946 61.187
-149.811 61.224
-149.805 61.218
-149.805 61.230
-149.684 61.340
-149.851 61.221
-149.820 61.274
-149.855 61.059
-159.369 56.681
-160.270 55.592
-161.779 55.297
-163.563 54.821
-165.541 54.131
-149.954 61.214
-149.906 61.184
-149.905 61.193
-149.900 61.201
-149.892 61.193
-149.898 61.206
-149.917 61.213
-149.887 61.228
-149.524 61.306
-149.918 61.145
-149.897 61.212
-149.882 61.218
-149.575 61.326
-149.453 61.421
-149.904 61.239
-149.929 61.187
-150.154 61.146
-149.930 61.082
-149.901 61.147
-149.731 61.228
-148.847 61.285
-149.560 61.369
-149.756 61.205
-149.726 61.203
-149.965 61.099
-149.928 61.228
-151.282 60.568
-151.182 60.538
-151.226 60.470
-150.453 60.273
-151.294 60.265
-151.004 60.520
-150.137 60.643
-151.067 60.486
-149.353 60.024
-151.176 60.574
-150.602 60.778
-150.987 60.910
-149.718 60.394
-149.360 60.790
-149.727 61.184
-149.741 61.188
-149.756 61.188
-149.771 61.188
-149.890 61.155
-149.909 61.123
-149.394 60.110
-149.209 60.539
-151.581 59.648
-151.476 59.640
-151.357 59.726
-151.544 59.703
-152.560 59.647
-151.614 59.424
-151.693 59.758
-150.997 59.976
-151.186 60.442
-152.310 61.057
-149.747 61.214
-149.726 61.192
-149.786 61.202
-149.940 61.149
-149.873 61.148
-149.801 61.204
-149.850 61.185
-149.853 61.192
-149.823 61.202
-149.948 61.144
-149.920 61.193
-149.936 61.192
-149.763 61.161
-149.824 61.175
-149.957 61.153
-149.901 61.167
-157.149 63.071
-154.381 63.008
-149.370 65.154
-154.237 66.045
-159.384 64.141
-149.761 61.199
-149.740 61.203
-149.816 61.191
-149.929 61.166
-149.920 61.180
-149.928 61.200
-149.867 61.115
-157.921 56.886
-154.059 59.821
-158.287 64.905
-158.073 64.179
-156.836 64.685
-155.274 64.542
-143.783 64.838
-144.167 65.835
-149.576 66.037
-147.327 66.234
-144.882 65.569
-147.604 67.368
-143.527 68.213
-143.503 66.906
-160.352 62.211
-159.050 62.909
-160.690 62.635
-160.324 63.095
-157.534 65.637
-148.583 64.460
-153.742 66.417
-149.726 61.213
-149.726 61.221
-149.523 61.319
-149.552 61.314
-149.798 61.183
-149.786 61.191
-149.622 61.121
-149.845 61.152
-149.870 61.160
-149.874 61.180
-149.889 61.134
-155.205 59.423
-154.632 59.781
-154.776 60.381
-155.773 58.771
-157.084 57.773
-158.700 56.187
-151.750 67.173
-149.472 64.594
-150.358 64.865
-153.088 64.925
-154.460 62.963
-148.750 63.938
-151.023 63.463
-147.892 63.592
-149.176 64.351
-148.991 64.133
-153.338 57.213
-152.404 57.786
-152.409 57.798
-152.313 57.796
-152.302 57.530
-154.234 57.462
-152.560 58.318
-152.589 57.709
-152.400 57.934
-163.267 62.037
-163.268 62.909
-166.067 61.620
-164.613 61.415
-165.331 61.951
-165.047 62.438
-164.550 62.545
-164.446 62.878
-162.875 61.940
-163.986 62.098
-160.659 61.847
-161.394 61.774
-161.862 62.141
-162.478 62.459
-132.698 57.071
-133.780 56.325
-134.642 56.226
-133.819 56.837
-131.794 55.803
-131.358 54.869
-130.648 55.545
-131.715 55.371
-131.673 55.352
-131.589 55.323
-131.636 55.345
-131.655 55.425
-131.427 55.330
-131.400 55.691
-135.338 59.559
-170.242 57.167
-169.628 56.590
-167.521 53.478
-132.838 56.008
-132.747 55.022
-130.170 55.954
-131.549 55.110
-132.642 55.712
-132.368 55.522
-133.119 55.490
-133.408 55.815
-135.401 57.076
-135.308 57.181
-135.355 57.064
-135.395 57.104
-132.912 56.158
-131.798 56.434
-132.091 55.787
-132.450 56.197
-135.889 59.399
-135.116 57.877
-136.336 58.009
-136.554 58.706
-133.903 57.604
-135.637 58.123
