-86.846 34.925
-87.004 32.407
-87.047 32.540
-86.963 32.506
-85.897 31.009
-85.845 31.057
-85.953 31.061
-85.834 31.155
-85.739 31.130
-86.041 31.140
-85.938 31.157
-86.032 31.044
-86.130 31.035
-86.146 31.138
-85.535 31.148
-85.539 31.044
-85.610 31.093
-85.664 31.096
-85.744 31.043
-87.547 32.844
-87.584 32.864
-87.634 32.866
-87.577 32.902
-87.526 32.804
-87.501 32.770
-87.478 32.829
-87.528 32.699
-87.573 32.792
-87.490 32.842
-87.574 32.741
-87.472 32.901
-87.589 32.964
-87.482 32.966
-87.493 32.864
-87.637 32.901
-87.689 32.971
-87.712 32.912
-87.657 32.921
-87.684 32.855
-87.778 32.856
-87.624 32.798
-87.695 32.823
-87.764 32.730
-87.624 32.749
-87.707 32.778
-87.577 32.633
-87.633 32.667
-87.695 32.617
-87.616 32.714
-87.656 32.708
-87.576 32.711
-87.588 32.709
-87.566 32.581
-88.295 32.730
-88.135 32.451
-88.052 32.346
-88.254 32.346
-88.370 32.446
-88.265 32.468
-87.983 32.530
-88.313 32.609
-88.301 32.858
-88.249 32.943
-88.168 32.795
-88.148 32.586
-88.143 32.693
-86.981 32.623
-87.217 32.263
-87.578 32.521
-87.704 32.531
-87.731 32.880
-87.440 32.855
-87.659 32.625
-87.147 32.326
-86.999 32.349
-86.941 32.352
-86.870 32.317
-86.961 32.177
-86.919 32.426
-87.028 32.262
-87.111 32.397
-87.076 32.468
-87.374 32.284
-87.251 32.429
-87.375 32.414
-87.078 32.112
-87.060 32.403
-87.044 32.428
-87.029 32.434
-87.038 32.436
-87.031 32.409
-87.025 32.408
-87.016 32.410
-87.019 32.417
-87.017 32.426
-87.016 32.439
-86.992 32.417
-87.243 33.093
-87.176 32.976
-87.222 32.896
-87.330 32.921
-87.165 32.917
-87.125 32.941
-87.023 32.864
-86.931 32.904
-86.985 33.080
-87.173 33.188
-85.516 34.170
-85.462 34.072
-85.536 34.111
-85.619 34.289
-87.836 32.625
-88.122 32.967
-87.965 32.954
-85.682 34.235
-85.596 34.229
-85.778 34.171
-85.788 34.223
-85.705 34.294
-85.654 34.155
-85.486 34.232
-85.549 34.366
-85.633 34.336
-85.528 34.293
-85.540 34.441
-85.755 34.123
-85.498 33.988
-85.571 34.061
-85.710 34.061
-85.643 34.005
-87.954 33.053
-87.908 32.987
-87.874 33.097
-87.790 32.987
-88.043 32.943
-88.102 32.863
-87.982 32.662
-88.027 32.761
-87.861 32.800
-87.830 32.901
-85.577 31.412
-85.640 31.426
-85.688 31.326
-85.745 31.407
-85.652 31.483
-85.463 31.590
-85.452 31.523
-85.536 31.559
-85.492 31.446
-85.599 31.567
-85.746 31.529
-85.679 31.573
-85.492 33.839
-85.444 33.919
-85.547 33.521
-85.546 33.575
-85.717 33.538
-85.600 33.682
-85.479 33.598
-85.416 33.533
-85.512 33.717
-85.439 33.719
-85.379 33.741
-85.384 33.625
-85.344 33.538
-85.399 33.673
-85.616 31.309
-85.738 31.232
-85.767 31.307
-85.537 31.302
-85.496 31.314
-85.448 31.321
-85.452 31.375
-87.875 32.840
-87.934 32.786
-87.968 32.872
-87.898 32.821
-87.866 32.735
-87.834 32.528
-87.896 32.495
-87.776 32.506
-87.757 32.457
-87.842 32.459
-87.942 32.384
-87.830 32.390
-87.737 32.379
-87.614 32.446
-87.620 32.367
-87.518 32.314
-87.614 32.271
-87.754 32.306
-87.886 32.824
-87.820 32.231
-87.545 32.190
-87.630 32.145
-87.736 32.229
-87.695 32.092
-87.772 32.053
-87.862 32.110
-87.896 32.019
-87.930 32.232
-87.992 32.110
-87.913 32.112
-88.033 32.027
-87.904 32.846
-87.890 32.873
-87.085 33.205
-87.083 33.117
-87.156 33.117
-86.977 33.002
-87.094 32.939
-87.251 33.013
-87.446 31.945
-87.566 31.965
-87.652 31.970
-87.372 31.979
-87.283 31.905
-87.338 31.974
-87.194 31.902
-87.287 32.000
-87.039 32.007
-87.151 31.984
-87.239 32.056
-87.073 31.861
-86.923 31.993
-87.856 31.487
-87.693 31.449
-87.775 31.545
-87.671 31.574
-87.864 31.324
-87.728 31.694
-87.814 31.679
-87.916 31.572
-87.929 31.685
-87.300 32.026
-87.309 32.122
-87.424 32.230
-87.329 32.023
-87.594 32.079
-87.385 32.056
-87.914 31.829
-88.013 31.928
-87.609 31.732
-87.586 31.591
-87.687 31.861
-87.871 31.973
-88.061 31.771
-88.035 31.622
-87.706 31.773
-87.897 31.914
-87.760 31.907
-87.734 31.799
-87.631 31.959
-87.576 31.899
-87.614 31.880
-87.496 31.986
-87.530 32.034
-86.299 34.273
-86.447 34.415
-86.549 34.352
-86.517 34.329
-86.447 34.338
-86.159 31.295
-86.133 31.345
-86.160 31.224
-86.069 31.426
-85.935 31.502
-86.003 31.482
-85.995 31.581
-85.920 31.580
-85.838 31.493
-85.320 31.810
-85.489 31.683
-85.152 32.040
-85.657 31.676
-85.478 31.817
-85.585 31.757
-85.557 31.919
-85.251 31.752
-85.150 31.907
-85.345 31.943
-85.301 32.064
-87.342 31.867
-87.453 31.875
-85.942 33.052
-85.838 33.034
-85.906 32.986
-85.917 32.902
-85.817 32.915
-85.839 32.835
-85.839 32.770
-85.859 32.683
-85.782 32.696
-85.839 32.522
-86.212 34.477
-86.527 34.444
-86.394 34.462
-86.317 34.496
-86.273 34.574
-86.248 34.520
-86.236 34.510
-86.188 34.567
-86.147 34.470
-86.483 34.333
-88.162 33.879
-88.207 33.795
-88.148 33.751
-88.225 33.703
-88.186 33.658
-88.164 33.596
-88.219 33.623
-85.850 31.579
-85.869 31.297
-86.077 31.268
-86.021 31.334
-86.093 31.217
-86.030 31.222
-86.031 31.520
-86.067 31.576
-85.982 31.253
-85.969 31.379
-85.947 31.315
-85.817 31.239
-85.897 31.239
-86.150 31.485
-85.669 32.741
-85.736 32.645
-85.647 32.793
-85.741 32.838
-85.721 32.926
-85.642 32.932
-85.660 33.040
-85.756 33.044
-85.814 32.597
-85.872 32.545
-85.637 32.843
-85.750 32.770
-86.391 34.393
-86.382 34.339
-86.334 34.327
-88.200 33.550
-88.088 33.551
-88.059 33.607
-87.993 33.585
-88.008 33.678
-88.104 33.659
-88.107 33.697
-87.997 33.738
-88.111 33.850
-88.082 33.779
-88.009 33.851
-87.994 33.797
-86.167 31.409
-86.084 31.499
-86.118 31.572
-85.846 31.406
-85.845 31.308
-86.066 31.393
-85.935 31.398
-85.874 31.359
-85.838 31.368
-85.952 32.818
-85.984 32.983
-85.957 32.968
-85.989 32.921
-85.894 32.955
-85.948 32.928
-86.312 34.362
-86.448 34.403
-86.287 34.413
-86.220 34.385
-86.241 34.334
-85.356 33.371
-85.336 33.452
-88.067 33.924
-87.989 33.917
-88.000 33.968
-88.034 34.015
-88.163 33.949
-88.151 34.022
-87.162 31.079
-87.116 31.108
-86.890 31.054
-86.754 31.044
-86.758 31.135
-86.862 31.193
-86.980 31.124
-87.033 31.190
-87.126 31.220
-87.319 31.019
-87.228 31.015
-87.283 31.065
-87.393 31.037
-87.392 31.112
-87.284 31.131
-87.322 31.219
-87.219 31.202
-87.193 31.032
-86.290 34.359
-86.145 34.399
-86.137 34.349
-86.183 34.352
-86.309 34.312
-86.336 34.276
-86.344 34.231
-86.306 34.246
-86.356 34.207
-85.424 33.461
-85.499 33.286
-85.415 33.160
-85.338 33.265
-85.287 33.190
-85.288 33.131
-85.526 33.177
-85.524 33.385
-85.620 33.408
-85.621 33.307
-85.549 33.459
-85.617 33.174
-87.440 31.203
-87.551 31.174
-87.039 31.085
-87.480 31.071
-87.513 31.031
-87.485 31.033
-87.570 31.023
-87.459 31.011
-86.392 34.259
-86.277 34.294
-86.234 34.218
-86.248 34.192
-86.144 34.294
-86.219 34.292
-87.504 31.011
-87.561 31.098
-87.053 31.031
-86.181 34.300
-86.208 34.303
-86.231 34.244
-86.248 34.284
-86.264 34.259
-86.265 34.290
-86.254 34.285
-86.099 32.836
-86.096 32.793
-86.045 32.883
-86.240 32.843
-86.127 32.865
-86.456 33.057
-86.391 32.975
-86.268 33.068
-86.316 32.920
-86.203 33.063
-86.192 33.096
-86.235 32.982
-86.127 33.079
-86.321 32.812
-88.060 32.247
-88.198 32.245
-88.355 31.755
-88.395 31.855
-88.241 31.877
-88.202 31.753
-88.187 31.966
-88.372 31.981
-88.159 32.110
-88.348 32.184
-88.354 32.096
-88.343 32.267
-86.248 34.295
-86.262 34.299
-86.170 34.289
-86.092 32.979
-86.172 32.882
-86.084 32.930
-86.170 33.004
-86.072 33.060
-86.032 33.052
-86.231 33.097
-86.180 34.274
-86.187 34.245
-86.163 34.250
-86.155 34.206
-86.136 34.218
-86.128 34.236
-86.344 34.186
-86.161 33.066
-86.249 33.020
-86.168 32.915
-86.382 32.826
-86.321 34.171
-86.338 34.155
-86.282 34.145
-86.320 34.183
-86.136 34.202
-86.139 34.188
-86.123 34.189
-86.107 34.192
-87.474 32.130
-86.996 31.923
-86.955 31.858
-85.005 32.450
-85.030 32.435
-84.994 32.432
-85.022 32.368
-84.988 32.284
-85.064 32.188
-85.145 32.287
-87.057 34.745
-86.943 34.816
-87.046 34.864
-86.974 34.942
-88.226 33.453
-88.182 33.500
-88.071 33.481
-88.141 33.393
-87.721 33.754
-87.648 33.744
-87.594 33.815
-87.675 33.650
-87.841 33.568
-87.716 33.549
-85.271 32.278
-85.314 32.408
-85.371 32.261
-85.193 32.160
-85.415 32.240
-88.053 33.388
-87.971 33.487
-88.209 33.416
-88.207 33.354
-88.128 33.286
-87.982 33.387
-88.045 33.292
-88.267 33.323
-88.251 33.387
-87.945 33.287
-88.280 33.074
-88.254 33.256
-88.174 33.121
-88.070 33.059
-88.202 33.222
-88.099 33.133
-87.888 33.424
-87.859 33.305
-87.950 33.324
-87.904 33.219
-88.228 33.295
-88.033 33.232
-86.967 34.681
-87.167 34.782
-86.864 34.623
-86.840 34.788
-86.838 34.690
-87.071 34.956
-87.161 34.952
-87.163 34.868
-87.971 33.143
-85.334 31.348
-85.344 31.500
-85.328 31.434
-85.233 31.415
-85.278 31.570
-85.170 31.572
-85.387 31.583
-85.379 31.660
-85.282 31.659
-85.091 31.569
-85.136 31.488
-85.157 31.678
-85.137 31.416
-85.170 31.346
-87.562 34.381
-87.630 34.378
-87.881 34.470
-87.768 34.453
-87.730 34.504
-87.679 34.459
-87.739 34.398
-87.677 34.545
-87.761 34.549
-87.607 34.514
-87.589 34.551
-87.594 34.479
-88.063 34.542
-88.026 34.458
-87.942 34.347
-88.070 34.359
-88.124 34.437
-87.852 34.365
-87.316 33.788
-87.248 33.856
-87.386 33.778
-87.386 33.838
-87.362 33.878
-87.260 33.892
-87.186 33.812
-87.249 33.812
-87.280 33.579
-87.383 33.639
-85.627 31.230
-87.708 34.344
-87.878 34.546
-87.225 33.674
-87.171 33.630
-87.279 33.737
-87.180 33.734
-87.046 33.750
-87.107 33.718
-87.087 33.676
-87.099 33.818
-87.184 33.856
-87.175 33.906
-87.053 33.867
-87.003 33.824
-87.168 33.954
-87.290 33.956
-87.469 33.820
-87.471 33.739
-87.369 33.712
-85.291 31.201
-85.216 31.195
-85.270 31.268
-85.157 31.256
-85.156 31.129
-85.220 31.115
-85.293 31.150
-85.177 31.044
-85.287 31.048
-85.077 31.055
-85.112 31.156
-85.289 31.111
-85.467 31.248
-87.249 31.635
-87.206 31.736
-87.452 31.667
-87.393 33.954
-87.612 33.929
-87.573 33.964
-87.567 33.915
-87.531 33.887
-87.454 33.932
-86.322 33.779
-87.518 33.975
-86.210 33.903
-87.312 33.664
-87.065 33.793
-86.167 33.848
-87.115 33.775
-87.238 33.965
-87.353 33.974
-86.362 33.686
-87.407 33.889
-85.534 31.225
-85.440 31.197
-85.332 31.294
-85.358 31.248
-85.339 31.221
-85.389 31.189
-85.399 31.274
-85.365 31.120
-85.451 31.163
-85.412 31.213
-87.273 31.795
-87.096 31.779
-86.984 31.780
-87.109 31.683
-87.191 31.562
-87.405 31.326
-87.319 33.900
-86.464 33.770
-87.310 33.850
-86.327 33.833
-87.317 33.828
-86.239 33.735
-87.474 33.868
-87.117 33.863
-86.233 33.681
-86.309 33.607
-86.294 33.522
-86.239 33.554
-86.351 33.461
-86.371 33.528
-86.460 33.547
-86.398 33.584
-86.472 33.603
-86.511 33.634
-86.162 33.807
-86.131 33.759
-85.435 31.276
-85.445 31.107
-85.421 31.036
-85.352 31.181
-87.436 31.335
-87.521 31.317
-87.456 31.384
-87.402 31.418
-87.655 31.332
-86.464 33.690
-86.280 33.928
-86.204 33.627
-86.842 31.699
-86.855 31.822
-86.708 31.630
-86.815 31.585
-86.878 31.918
-86.614 31.856
-86.660 31.885
-86.590 31.828
-86.689 31.742
-86.749 31.758
-86.771 31.898
-87.517 31.521
-87.511 31.417
-87.465 31.459
-86.573 31.923
-86.581 31.692
-86.534 31.784
-86.621 31.750
-86.515 31.867
-86.710 31.549
-86.685 31.679
-86.537 31.606
-86.630 31.590
-86.481 31.916
-86.474 31.755
-87.916 33.605
-87.833 33.682
-87.911 33.728
-87.801 33.795
-87.752 33.694
-87.750 33.605
-87.694 33.827
-87.421 31.443
-87.369 31.466
-87.350 31.396
-87.376 31.488
-87.716 33.886
-87.812 33.871
-87.903 33.797
-87.907 33.865
-87.868 33.904
-87.608 33.652
-87.497 33.648
-87.400 31.602
-87.366 31.548
-87.397 31.517
-87.283 31.468
-87.335 31.506
-87.306 31.514
-87.287 31.545
-87.235 31.493
-85.014 32.496
-87.563 33.736
-87.328 31.528
-87.320 31.581
-87.319 31.513
-87.323 31.607
-87.422 31.776
-85.009 32.468
-85.030 32.474
-85.072 32.410
-85.084 32.454
-85.192 32.399
-85.052 32.502
-88.081 30.748
-88.073 30.734
-88.063 30.730
-88.087 30.730
-88.100 30.739
-88.060 30.659
-88.086 30.653
-88.030 30.614
-88.087 30.625
-88.034 30.721
-88.064 30.710
-88.080 30.712
-88.092 30.702
-88.078 30.688
-88.188 30.594
-88.054 30.692
-88.121 30.970
-88.197 30.949
-88.277 30.920
-88.057 30.677
-88.070 30.550
-88.194 30.552
-88.089 30.483
-88.086 30.586
-88.119 30.354
-88.246 30.398
-88.235 30.492
-88.146 30.686
-88.160 30.699
-88.099 30.606
-88.198 30.225
-88.204 30.387
-88.251 30.403
-88.343 30.375
-88.186 30.700
-88.190 30.733
-88.075 30.824
-88.021 30.817
-88.021 30.935
-88.083 30.772
-88.087 30.803
-88.141 30.838
-88.113 30.772
-88.191 30.822
-88.243 30.789
-87.984 31.114
-88.033 30.669
-88.153 30.770
-88.175 30.715
-88.203 30.710
-88.116 30.751
-88.112 30.722
-88.191 30.670
-88.216 30.700
-88.337 30.632
-88.142 30.731
-88.109 30.704
-88.157 30.525
-88.259 30.518
-88.356 30.499
-88.236 30.623
-88.147 30.669
-88.195 30.645
-88.150 30.582
-88.275 30.620
-88.285 30.665
-88.257 30.671
-88.220 30.665
-88.170 30.655
-88.187 30.684
-88.171 30.632
-88.185 30.621
-88.218 30.591
-88.252 30.561
-88.348 30.561
-88.092 30.682
-88.150 30.658
-88.103 30.654
-88.096 30.693
-88.116 30.687
-88.095 30.717
-88.136 30.705
-88.115 30.667
-88.140 30.648
-88.137 30.621
-88.110 30.630
-88.086 30.671
-88.324 31.008
-88.284 31.091
-88.058 31.081
-88.244 30.750
-88.371 30.876
-88.282 30.842
-88.300 30.787
-88.379 30.708
-88.065 30.853
-88.199 30.785
-88.206 30.762
-88.288 30.713
-87.571 34.242
-87.443 34.245
-87.297 34.247
-87.177 34.214
-87.588 34.132
-87.527 34.055
-87.344 34.044
-87.411 34.148
-87.267 34.132
-87.187 34.046
-87.141 34.117
-88.040 34.815
-87.965 34.733
-87.701 34.756
-88.103 34.708
-88.053 34.625
-87.875 34.714
-87.805 34.703
-87.801 34.627
-87.915 34.619
-87.698 34.666
-87.642 34.747
-87.716 34.720
-87.508 34.706
-87.557 34.610
-87.702 34.601
-87.525 34.788
-87.615 34.687
-87.682 34.788
-87.602 34.824
-87.812 34.805
-85.251 32.707
-85.160 32.718
-85.144 32.637
-85.521 32.679
-85.372 32.653
-85.072 32.554
-85.269 32.515
-85.389 32.517
-85.489 32.583
-85.615 32.597
-85.624 32.685
-85.385 32.442
-85.238 32.615
-85.176 32.514
-85.108 32.517
-86.896 33.869
-86.818 33.934
-86.544 34.149
-85.810 34.515
-85.631 34.633
-86.004 34.350
-85.781 34.345
-86.462 34.154
-86.489 34.220
-86.421 34.070
-86.515 34.075
-86.376 34.124
-86.404 34.009
-86.509 33.986
-86.389 33.922
-86.494 33.939
-86.462 33.844
-86.508 33.884
-86.554 33.814
-86.574 33.986
-86.622 33.906
-86.658 33.988
-86.622 34.067
-86.607 33.816
-86.674 33.842
-86.753 33.892
-86.722 33.963
-86.816 33.885
-86.261 32.398
-86.281 32.403
-86.262 32.416
-86.231 32.402
-86.230 32.452
-86.192 32.405
-86.149 32.407
-86.314 32.377
-86.309 32.421
-86.290 32.453
-86.189 32.133
-86.348 32.135
-86.259 32.301
-86.167 32.365
-86.061 32.251
-86.059 32.067
-86.056 32.367
-86.228 32.056
-86.143 32.024
-86.271 32.013
-86.127 32.334
-86.184 32.329
-86.173 32.394
-86.258 32.337
-86.285 32.349
-86.314 32.360
-86.292 32.363
-86.268 32.382
-86.277 32.372
-86.295 32.373
-86.241 32.351
-86.255 32.373
-86.225 32.377
-86.206 32.352
-86.216 32.330
-86.189 32.235
-86.247 32.316
-86.201 32.372
-86.290 32.334
-86.318 32.335
-86.320 32.319
-86.335 32.340
-86.315 32.348
-86.365 32.340
-86.329 32.357
-86.336 32.364
-86.360 32.395
-86.415 32.382
-86.405 32.259
-86.392 32.304
-86.454 32.337
-86.282 32.309
-86.269 32.214
-86.326 32.268
-86.300 32.399
-86.287 32.388
-86.350 32.474
-86.365 32.476
-86.399 32.526
-86.244 32.513
-86.210 32.544
-87.374 34.958
-87.263 34.946
-87.274 34.833
-87.368 34.860
-87.672 34.809
-87.651 34.810
-87.681 34.806
-87.686 34.800
-87.682 34.821
-87.704 34.817
-87.689 34.831
-87.689 34.849
-87.658 34.862
-87.651 34.837
-87.665 34.822
-87.646 34.831
-87.636 34.817
-87.697 34.879
-87.611 34.830
-87.619 34.837
-87.618 34.883
-87.750 34.947
-86.200 32.533
-86.206 32.518
-87.644 34.960
-87.904 34.937
-87.814 34.894
-88.066 34.958
-87.451 34.857
-87.516 34.952
-87.529 34.865
-85.978 32.528
-86.225 32.516
-86.202 32.489
-86.106 32.483
-86.173 32.511
-86.211 32.509
-86.149 32.462
-86.204 32.562
-85.922 32.516
-85.951 32.615
-86.034 32.479
-85.902 32.530
-86.060 32.592
-86.027 32.650
-85.942 32.673
-85.969 32.722
-86.085 32.718
-86.101 32.647
-86.146 32.652
-86.184 32.713
-86.138 32.605
-86.155 32.560
-86.212 32.598
-86.221 32.634
-86.259 32.691
-86.338 32.627
-86.325 32.719
-86.375 32.700
-86.272 32.590
-86.294 32.565
-86.331 32.556
-86.387 32.604
-86.369 32.542
-86.215 32.553
-86.249 32.538
-86.325 32.509
-86.344 32.502
-86.290 32.496
-86.370 32.457
-86.963 34.597
-87.013 34.583
-87.000 34.565
-86.980 34.596
-86.992 34.590
-87.002 34.594
-86.972 34.571
-86.965 34.579
-86.942 34.579
-86.992 34.538
-86.994 34.582
-86.935 34.535
-86.600 34.540
-86.966 34.520
-85.703 33.374
-85.771 33.419
-85.858 33.419
-85.692 33.455
-85.695 33.302
-85.861 33.289
-85.699 33.244
-85.768 33.290
-85.929 33.326
-85.938 33.258
-85.768 33.330
-86.006 33.237
-85.918 33.167
-86.057 33.179
-85.971 33.130
-86.123 33.140
-85.727 33.169
-85.681 33.145
-85.806 33.162
-85.806 33.275
-85.888 33.145
-85.841 33.233
-85.977 33.196
-86.373 33.133
-86.394 33.203
-86.330 33.253
-86.225 33.162
-86.209 33.322
-86.149 33.273
-86.303 33.381
-86.032 33.355
-86.082 33.472
-85.991 33.448
-86.092 33.605
-86.200 33.496
-86.178 33.431
-85.954 33.514
-85.869 33.549
-87.054 34.641
-87.052 34.630
-87.005 34.604
-87.077 34.601
-86.618 34.360
-86.678 34.329
-86.723 34.375
-86.695 34.420
-86.610 34.465
-86.694 34.510
-86.788 34.459
-86.755 34.527
-86.838 34.383
-86.870 34.443
-86.882 34.522
-86.940 34.427
-86.960 34.465
-86.946 34.349
-86.978 34.395
-87.060 34.423
-87.047 34.476
-87.004 34.509
-87.040 34.576
-87.082 34.541
-87.037 34.537
-87.060 34.350
-87.009 34.535
-86.969 34.542
-86.842 34.338
-86.751 34.329
-86.981 34.611
-85.823 34.624
-86.078 34.537
-85.880 34.899
-85.755 34.950
-85.671 34.956
-86.040 34.649
-85.964 34.747
-86.052 34.753
-86.026 34.858
-85.917 34.809
-85.903 34.613
-85.849 34.690
-85.760 34.709
-86.120 34.571
-85.972 34.572
-86.020 34.513
-86.123 34.701
-86.139 34.819
-86.172 34.620
-86.196 34.691
-86.164 34.747
-86.272 34.648
-86.337 34.650
-86.322 34.733
-86.242 34.759
-86.244 34.710
-86.239 34.857
-86.146 34.943
-86.080 34.914
-86.226 34.926
-85.637 34.920
-85.753 34.812
-85.647 34.845
-85.701 34.780
-86.281 34.810
-86.298 34.883
-86.562 32.941
-86.521 32.849
-86.480 32.763
-86.592 32.817
-86.615 32.871
-86.675 32.924
-86.650 33.009
-86.807 33.032
-86.749 32.969
-86.733 32.910
-86.834 32.943
-86.787 32.854
-86.928 32.793
-86.871 32.711
-86.674 32.858
-86.729 32.759
-86.616 32.744
-86.658 32.813
-86.792 34.147
-86.840 34.176
-86.856 34.113
-86.882 34.167
-86.872 34.265
-86.789 34.180
-86.966 33.905
-86.937 33.984
-87.054 33.964
-87.019 34.019
-86.880 34.051
-86.835 34.016
-86.892 33.948
-87.074 34.066
-86.982 34.088
-85.404 33.061
-85.286 33.058
-85.267 32.970
-85.418 32.972
-85.537 32.785
-85.534 32.880
-85.435 32.789
-85.392 32.896
-85.335 32.796
-87.009 34.141
-86.946 34.158
-86.821 34.223
-86.942 34.060
-86.997 34.186
-86.953 34.231
-87.064 34.279
-86.944 34.285
-86.816 34.277
-86.755 34.269
-86.779 34.209
-86.686 34.265
-86.727 34.216
-86.786 34.107
-86.618 34.274
-86.548 34.271
-86.609 34.230
-86.914 34.111
-86.491 34.278
-86.676 34.126
-86.731 34.175
-86.736 34.141
-85.222 32.798
-85.247 32.889
-85.527 33.065
-85.543 32.975
-86.720 34.100
-86.787 34.060
-86.729 34.061
-86.769 34.003
-86.909 34.180
-86.835 33.963
-87.036 33.912
-87.054 34.210
-86.618 34.180
-87.275 34.574
-87.191 34.625
-87.315 34.636
-87.292 34.665
-87.132 34.490
-87.180 34.568
-87.233 34.557
-87.200 34.690
-87.132 34.568
-87.136 34.512
-87.174 34.516
-87.256 34.487
-87.183 34.480
-87.160 34.419
-87.470 34.603
-87.410 34.560
-87.392 34.661
-87.360 34.583
-87.316 34.564
-87.408 34.428
-87.218 34.476
-87.334 34.526
-87.335 34.458
-87.349 34.497
-87.252 34.438
-87.401 34.708
-87.357 34.754
-87.241 34.403
-87.300 34.368
-87.149 34.330
-87.234 34.335
-87.355 34.360
-87.278 34.472
-87.488 34.545
-87.475 34.400
-87.410 34.634
-85.823 33.780
-85.755 33.819
-85.810 33.848
-85.738 33.905
-85.651 33.839
-85.765 33.763
-85.644 33.936
-85.679 33.741
-85.702 33.650
-85.763 33.682
-85.768 33.589
-85.823 33.601
-85.946 33.666
-86.077 33.709
-86.008 33.806
-85.860 33.727
-85.819 33.680
-85.563 33.922
-85.931 33.796
-85.937 33.873
-85.852 33.900
-85.885 33.797
-86.949 31.661
-86.892 31.501
-86.998 31.570
-87.039 31.661
-86.853 31.372
-86.908 31.504
-86.977 31.494
-86.836 31.484
-86.734 31.451
-86.767 31.392
-86.981 31.434
-86.959 31.452
-86.931 31.422
-86.937 31.334
-87.021 31.350
-87.021 31.397
-87.027 31.477
-87.017 31.290
-87.296 31.294
-87.249 31.371
-87.132 31.486
-87.168 31.327
-87.105 31.581
-87.098 31.417
-86.829 31.285
-87.140 31.291
-86.737 31.244
-86.760 31.332
-86.937 31.460
-86.410 31.917
-86.364 32.001
-86.325 31.929
-86.247 31.588
-86.189 31.667
-86.250 31.697
-86.181 31.756
-86.213 31.524
-86.440 31.624
-86.358 31.709
-86.316 31.627
-86.381 31.548
-86.232 31.904
-86.357 31.821
-86.262 31.748
-86.350 31.502
-86.258 31.812
-86.410 31.789
-86.100 34.060
-86.020 34.049
-85.991 34.156
-85.956 34.106
-86.021 34.020
-86.051 34.031
-86.091 34.020
-86.091 33.948
-86.025 33.994
-86.072 33.994
-86.014 34.007
-86.016 33.969
-85.962 33.997
-85.980 33.987
-85.988 33.950
-85.942 33.940
-85.936 34.003
-85.972 34.036
-85.898 34.070
-86.008 34.026
-86.139 33.992
-85.886 34.171
-85.891 34.041
-86.079 34.086
-86.058 34.167
-86.114 34.175
-86.146 34.042
-86.313 33.989
-86.225 34.060
-86.033 34.085
-86.134 34.120
-86.284 34.071
-86.215 34.136
-86.028 33.898
-86.084 33.890
-86.315 34.039
-86.167 34.081
-86.219 34.004
-85.859 33.986
-85.808 34.066
-85.773 33.977
-87.310 32.622
-87.373 32.650
-87.379 32.534
-87.424 32.758
-87.333 32.788
-87.193 32.775
-87.204 32.622
-87.116 32.599
-87.094 32.751
-87.474 32.378
-85.485 32.079
-85.618 32.027
-85.573 32.103
-85.508 32.191
-85.622 32.182
-85.694 32.144
-85.842 32.019
-85.881 32.108
-85.765 32.084
-85.775 32.009
-85.817 32.194
-85.716 32.013
-85.764 31.922
-85.677 31.929
-85.935 32.211
-87.954 34.180
-87.823 34.171
-87.823 34.261
-87.710 34.259
-87.718 34.091
-87.846 34.087
-87.894 33.979
-87.944 34.049
-87.994 34.102
-87.686 33.987
-87.791 34.005
-87.679 34.153
-87.795 33.944
-88.108 34.089
-88.077 34.144
-88.143 34.198
-87.958 34.268
-87.886 34.286
-88.083 34.268
-88.173 34.100
-87.707 34.187
-87.536 33.198
-87.564 33.206
-87.486 33.231
-87.503 33.211
-87.481 33.202
-87.510 33.196
-87.561 33.261
-87.625 33.514
-87.646 33.398
-87.801 33.354
-87.731 33.436
-87.464 33.507
-87.728 33.080
-87.563 33.044
-87.414 33.070
-87.577 33.124
-87.528 33.152
-87.487 33.168
-87.594 33.171
-87.597 33.195
-87.464 33.355
-87.502 33.274
-86.015 31.802
-85.955 31.853
-85.999 31.905
-85.924 31.913
-85.860 31.816
-85.922 31.807
-85.991 31.765
-85.783 31.759
-87.539 33.241
-87.426 33.236
-87.413 33.166
-87.349 33.165
-87.256 33.182
-87.653 33.163
-87.166 33.265
-87.318 33.333
-87.570 33.228
-87.602 33.220
-87.622 33.249
-87.681 33.287
-87.541 33.179
-85.709 31.799
-85.739 31.852
-85.794 31.733
-85.836 31.900
-85.940 31.759
-85.941 31.708
-85.752 31.648
-85.931 31.878
-85.872 31.653
-85.842 31.712
-85.964 31.654
-86.030 31.688
-86.099 31.741
-86.106 31.656
-86.083 31.896
-85.942 31.998
-86.122 31.815
-86.146 31.928
-85.804 31.644
-85.863 31.953
-87.557 33.184
-87.736 33.202
-87.568 33.322
-87.585 33.271
-87.649 33.330
-87.541 33.215
-86.542 33.067
-86.727 33.106
-86.624 33.307
-86.438 33.316
-86.404 33.412
-86.477 33.428
-86.717 33.379
-86.940 33.160
-86.861 33.095
-86.950 33.254
-86.526 33.509
-86.498 33.470
-86.539 33.347
-86.501 33.235
-86.558 33.261
-86.685 33.305
-86.681 33.351
-86.712 33.355
-86.605 33.396
-86.597 33.450
-86.632 33.427
-86.643 33.433
-86.661 33.446
-86.698 33.413
-86.751 33.351
-86.769 33.293
-86.801 33.358
-86.718 33.409
-86.758 33.378
-86.742 33.403
-86.814 33.341
-86.877 33.269
-86.875 33.222
-86.824 33.232
-86.808 33.245
-86.845 33.236
-86.818 33.197
-86.831 33.172
-86.837 33.130
-86.880 33.150
-86.893 33.070
-86.806 33.250
-86.751 33.156
-86.730 33.224
-86.623 33.190
-86.562 33.114
-86.812 33.289
-88.192 31.667
-88.133 31.487
-87.994 31.279
-87.981 31.198
-88.366 31.192
-88.081 31.269
-88.230 31.563
-88.312 31.650
-88.356 31.322
-88.401 31.424
-88.385 31.495
-88.082 31.179
-88.217 31.227
-88.286 31.426
-88.302 31.530
-88.415 31.658
-88.390 31.578
-87.970 31.376
-87.960 31.466
-88.037 31.541
-88.015 31.495
-88.108 31.632
-88.139 31.573
-88.091 31.390
-88.197 31.368
-86.626 31.233
-86.486 31.298
-86.563 31.352
-86.443 31.390
-86.386 31.256
-86.526 31.172
-86.621 31.080
-86.639 31.417
-86.602 31.481
-86.495 31.442
-86.645 31.333
-86.243 31.177
-86.325 31.180
-86.268 31.055
-86.434 31.137
-86.323 31.323
-86.245 31.287
-86.243 31.385
-86.372 31.358
-86.326 31.447
-86.440 31.498
-86.435 31.039
-86.455 31.238
-86.562 34.666
-86.539 34.636
-86.607 34.717
-86.599 34.722
-86.572 34.677
-86.820 32.207
-86.744 32.312
-86.621 32.322
-86.610 32.220
-86.618 31.986
-86.588 32.015
-86.763 32.062
-86.589 32.093
-86.546 32.091
-86.680 32.167
-86.441 32.229
-86.520 32.248
-86.530 32.307
-86.479 32.201
-86.577 34.699
-86.596 34.676
-86.596 34.698
-86.452 32.045
-86.503 32.151
-86.548 32.028
-86.523 32.066
-86.495 32.091
-86.578 34.654
-86.538 34.607
-86.559 34.617
-86.603 34.731
-86.601 34.754
-86.577 34.752
-86.631 34.617
-86.566 34.595
-86.634 34.762
-86.654 34.758
-86.657 34.749
-86.516 34.590
-86.451 34.598
-86.628 34.748
-86.673 34.789
-86.646 34.818
-86.632 34.768
-86.611 34.740
-86.681 34.724
-86.628 34.729
-86.631 34.775
-86.603 34.772
-86.601 34.812
-86.761 34.852
-86.480 34.662
-86.599 34.844
-86.700 34.905
-86.563 34.874
-86.708 34.842
-86.545 34.838
-86.562 34.811
-86.567 34.782
-86.525 34.817
-86.629 34.707
-86.630 34.717
-86.619 34.691
-86.747 34.744
-86.583 34.772
-86.596 34.786
-86.478 34.748
-86.536 34.732
-86.701 34.782
-86.735 34.762
-86.734 34.715
-86.759 34.776
-86.753 34.592
-86.757 34.633
-86.559 34.722
-86.558 34.738
-86.536 34.770
-86.470 34.679
-86.725 34.687
-86.403 34.774
-86.396 34.904
-86.475 34.848
-86.508 34.936
-86.384 34.962
-86.379 34.839
-86.400 34.681
-86.708 34.735
-86.375 34.645
-86.339 34.571
-86.750 34.706
-86.537 34.658
-86.591 34.743
-86.713 34.963
-86.588 34.967
-86.598 34.924
-86.476 34.515
-86.403 34.544
-86.507 34.796
-86.724 34.799
-86.767 34.696
-86.723 34.733
-86.764 34.709
-86.586 34.732
-86.574 34.744
-86.577 34.732
-86.588 34.723
-86.581 34.713
-86.548 34.708
-86.539 34.684
-86.799 32.438
-86.843 32.592
-86.485 32.520
-86.432 32.480
-86.724 32.548
-86.667 32.432
-86.441 32.427
-86.474 32.475
-86.523 32.416
-86.460 32.475
-86.581 32.498
-86.425 32.449
-86.610 32.568
-86.473 32.590
-86.689 32.653
-86.595 32.650
-86.480 32.672
-86.759 33.431
-86.793 33.414
-86.743 33.464
-86.964 33.370
-86.962 33.389
-86.725 33.458
-86.743 33.562
-86.759 33.478
-86.972 33.395
-87.107 33.390
-87.216 33.442
-87.013 33.359
-86.944 33.364
-87.046 33.303
-86.895 33.372
-86.845 33.370
-86.869 33.340
-86.930 33.319
-87.080 33.618
-86.707 33.596
-86.753 33.630
-86.834 33.609
-86.869 33.493
-86.881 33.492
-86.863 33.480
-86.734 33.597
-86.705 33.615
-86.874 33.482
-86.891 33.458
-86.857 33.466
-86.878 33.469
-86.721 33.625
-87.059 33.549
-86.853 33.476
-86.960 33.475
-86.694 33.650
-86.921 33.520
-86.953 33.531
-87.008 33.543
-86.674 33.651
-86.674 33.687
-86.652 33.666
-86.936 33.581
-86.983 33.555
-87.008 33.549
-86.678 33.613
-86.582 33.719
-86.655 33.622
-86.718 33.681
-86.990 33.604
-86.955 33.630
-86.901 33.580
-86.907 33.638
-86.993 33.733
-86.914 33.788
-86.891 33.708
-86.716 33.510
-86.796 33.609
-86.782 33.742
-86.801 33.677
-86.645 33.743
-86.821 33.816
-86.786 33.783
-86.712 33.747
-86.731 33.803
-86.672 33.596
-86.697 33.579
-86.803 33.435
-86.803 33.374
-86.823 33.394
-86.841 33.421
-86.710 33.564
-86.662 33.568
-86.715 33.551
-86.731 33.542
-86.896 33.405
-86.677 33.511
-86.737 33.535
-86.745 33.525
-86.780 33.491
-86.856 33.443
-86.841 33.432
-86.824 33.413
-86.782 33.475
-86.761 33.515
-86.815 33.481
-86.802 33.479
-86.734 33.515
-86.760 33.500
-86.575 33.583
-86.659 33.539
-86.813 33.461
-86.791 33.484
-86.798 33.460
-86.783 33.505
-86.749 33.495
-86.718 33.490
-86.722 33.435
-86.684 33.477
-86.601 33.510
-86.585 33.614
-86.572 33.556
-86.796 33.497
-86.793 33.400
-86.700 33.542
-86.933 33.460
-86.955 33.421
-87.053 33.416
-86.993 33.397
-86.992 33.440
-86.775 33.452
-86.780 33.425
-87.004 33.453
-86.976 33.439
-86.978 33.499
-87.017 33.419
-87.052 33.504
-87.063 33.467
-87.146 33.524
-87.883 30.648
-87.926 30.705
-87.910 30.666
-87.926 30.606
-87.934 30.229
-87.870 30.322
-87.923 30.418
-87.736 30.252
-87.584 30.260
-87.618 30.337
-87.679 30.400
-87.816 30.388
-87.547 30.340
-87.596 30.423
-87.517 30.381
-87.474 30.430
-87.680 30.490
-87.749 30.564
-87.892 30.509
-87.780 30.491
-87.792 30.617
-87.828 30.568
-87.693 30.564
-87.569 30.546
-87.467 30.536
-87.463 30.637
-87.592 30.720
-87.828 30.666
-87.749 30.640
-87.648 30.630
-87.927 30.756
-87.833 30.807
-87.768 30.735
-87.909 30.858
-87.790 30.854
-87.719 30.808
-87.643 30.960
-87.764 30.906
-87.904 31.002
-87.823 31.035
-87.729 31.023
-87.690 31.108
-87.943 30.479
-87.723 31.219
-87.876 31.143
-85.704 32.430
-85.712 32.438
-85.764 32.541
-85.824 32.439
-85.938 32.383
-85.854 32.305
-85.734 32.291
-85.542 32.295
-85.669 32.527
-85.728 32.465
-85.737 32.388
-85.653 32.386
-85.498 32.416
-85.646 32.455
-85.562 32.464
-86.731 33.580
-86.687 33.631
-86.626 33.660
-86.586 33.656
-86.718 33.527
-86.935 33.408
-86.895 33.441
-86.813 33.494
-86.830 33.488
-86.891 33.538
-86.881 33.524
-86.870 33.592
-86.803 33.552
-86.794 33.560
-86.827 33.498
-86.849 33.499
-86.846 33.490
-86.892 33.475
-86.808 33.565
-86.868 33.548
-86.839 33.548
-86.830 33.576
-86.729 33.552
-86.761 33.564
-86.765 33.585
-86.950 33.441
-86.924 33.441
-86.923 33.456
-86.900 33.446
-86.906 33.438
-86.918 33.428
-86.934 33.428
-86.946 33.396
-86.915 33.477
-86.934 33.477
-86.897 33.487
-86.889 33.514
-86.915 33.490
-86.910 33.492
-86.898 33.502
-86.903 33.523
-86.910 33.557
-86.852 33.531
-86.830 33.528
-86.820 33.542
-86.821 33.526
-86.799 33.536
-86.805 33.525
-86.909 33.470
-86.771 33.547
-86.782 33.564
-86.781 33.538
-86.760 33.538
-86.840 33.525
-86.861 33.516
-86.876 33.454
-86.876 33.430
-86.775 33.392
-86.765 33.393
-86.850 33.509
-86.875 33.506
-86.825 33.512
-86.850 33.396
-86.833 33.459
-86.775 33.515
-86.796 33.512
-86.797 33.503
