-93.170 33.382
-93.172 33.204
-93.434 33.133
-93.170 33.086
-93.209 33.348
-93.289 33.358
-93.225 33.265
-93.315 33.383
-93.196 33.097
-93.035 33.269
-93.182 33.286
-93.294 33.347
-93.303 33.356
-93.230 33.277
-93.361 33.282
-93.462 33.100
-93.332 33.160
-93.233 33.295
-93.246 33.266
-93.592 36.085
-93.620 36.021
-93.821 35.848
-93.824 36.017
-93.733 36.119
-93.739 36.093
-93.923 35.842
-93.748 36.084
-93.730 36.084
-93.689 35.908
-93.717 35.990
-93.595 36.140
-93.672 36.187
-93.561 35.851
-93.680 35.819
-93.709 36.064
-93.802 35.952
-93.768 35.809
-93.892 35.936
-93.606 35.941
-93.507 36.038
-93.911 36.029
-93.869 36.141
-93.826 36.074
-93.778 36.249
-93.725 36.103
-93.590 34.226
-93.633 34.033
-93.572 34.333
-93.535 33.983
-93.438 34.023
-93.870 34.225
-93.751 34.231
-93.538 34.105
-93.791 34.309
-93.534 34.301
-93.726 34.108
-93.662 34.126
-93.765 34.074
-91.835 33.933
-91.664 34.041
-91.839 33.826
-91.638 33.934
-91.804 34.065
-91.930 33.955
-91.937 33.907
-91.556 33.987
-91.522 34.052
-91.840 33.931
-91.707 34.079
-91.686 33.843
-91.567 33.990
-91.748 33.948
-91.925 33.835
-91.676 34.131
-91.884 34.058
-91.766 34.011
-91.852 33.943
-91.798 33.848
-91.923 34.018
-92.542 33.628
-92.380 33.636
-92.678 33.614
-92.454 33.542
-92.499 33.426
-92.683 33.499
-92.449 33.745
-92.378 33.481
-92.461 33.531
-92.534 33.780
-92.472 33.538
-91.566 33.991
-91.560 33.981
-91.835 33.951
-91.692 34.079
-91.605 33.872
-93.140 36.074
-93.307 36.014
-92.981 36.065
-93.030 36.022
-93.056 35.770
-93.088 35.868
-93.387 36.034
-93.329 35.937
-93.269 35.897
-93.185 36.007
-93.186 36.010
-92.987 35.900
-93.282 35.831
-93.109 35.944
-93.174 35.983
-93.221 36.036
-93.218 35.805
-93.444 35.921
-93.368 36.095
-93.459 35.777
-93.243 35.948
-93.362 35.830
-92.347 36.336
-92.358 36.033
-92.253 36.107
-92.540 36.371
-92.260 36.194
-92.503 36.366
-92.193 36.391
-92.475 36.454
-92.459 36.276
-92.487 36.285
-92.305 36.351
-92.369 36.323
-92.278 36.209
-92.340 36.350
-92.418 36.223
-92.221 36.240
-92.281 36.270
-92.343 36.458
-92.416 36.366
-92.522 36.281
-92.224 36.451
-92.539 36.374
-92.380 36.396
-92.285 36.295
-92.358 36.345
-92.433 36.334
-92.383 36.367
-92.331 36.355
-92.354 36.152
-92.282 36.377
-92.404 36.326
-92.360 36.307
-92.407 36.005
-92.385 36.353
-92.457 36.363
-92.491 36.311
-92.330 36.266
-92.276 36.241
-92.384 36.282
-92.205 36.314
-92.183 36.230
-93.456 35.088
-93.151 35.209
-93.264 35.164
-93.390 35.064
-93.216 35.036
-93.560 34.801
-93.291 34.991
-93.218 35.027
-93.231 35.032
-93.599 34.898
-93.549 35.121
-93.520 34.985
-93.637 34.996
-93.401 35.044
-93.202 35.214
-93.624 35.071
-93.341 35.110
-93.673 34.890
-93.472 35.083
-93.234 35.042
-93.321 35.194
-93.299 34.984
-93.385 35.053
-93.528 35.111
-93.373 34.974
-93.302 34.993
-93.413 35.174
-93.172 35.235
-93.160 35.220
-93.409 34.947
-93.177 35.108
-93.380 35.049
-93.263 35.103
-93.519 34.906
-93.451 35.098
-93.284 34.968
-93.043 35.126
-93.438 35.089
-93.368 34.828
-93.455 34.941
-93.652 35.121
-93.124 35.047
-92.980 35.353
-93.152 35.291
-92.948 35.251
-93.016 35.404
-93.183 35.486
-93.127 35.267
-93.072 35.235
-93.082 35.650
-93.139 35.269
-92.951 35.234
-93.133 35.275
-93.163 35.274
-93.123 35.290
-92.895 35.652
-92.899 35.222
-93.062 35.250
-92.955 35.408
-94.364 34.229
-94.388 34.637
-94.356 34.311
-94.326 34.543
-94.195 34.524
-94.006 34.616
-93.154 35.273
-93.130 35.242
-93.107 35.309
-93.054 35.504
-93.237 35.335
-93.114 35.408
-93.153 35.281
-93.987 34.478
-94.422 34.574
-94.350 34.378
-94.296 34.597
-94.360 34.486
-94.244 34.576
-94.057 34.526
-94.242 34.668
-94.110 34.407
-92.931 35.255
-93.053 35.196
-93.141 35.282
-93.130 35.285
-93.167 35.295
-92.933 35.546
-93.139 35.274
-92.985 35.205
-93.169 35.269
-93.145 35.274
-91.892 35.401
-92.062 35.490
-92.135 35.564
-92.129 35.656
-92.169 35.568
-92.057 35.393
-91.836 35.635
-92.202 35.484
-91.873 35.476
-94.256 34.581
-94.375 34.421
-94.130 34.615
-94.225 34.585
-92.995 35.281
-93.107 35.283
-93.237 35.401
-93.052 35.342
-93.139 35.278
-93.137 35.309
-93.160 35.302
-93.130 35.290
-91.966 35.412
-92.204 35.604
-92.219 35.406
-92.111 35.497
-93.107 35.399
-93.071 35.305
-93.161 35.282
-93.127 35.280
-93.135 35.294
-93.098 35.263
-93.224 35.328
-92.053 35.667
-92.057 35.576
-91.825 35.475
-91.930 35.490
-91.962 35.548
-92.166 35.378
-92.888 35.431
-93.257 35.333
-93.174 35.277
-92.213 35.547
-92.015 35.503
-92.036 35.513
-91.852 35.532
-91.940 35.666
-92.196 35.669
-93.243 35.326
-92.880 35.314
-93.116 35.393
-93.129 35.319
-93.111 35.210
-92.976 35.465
-93.137 35.263
-93.143 35.263
-91.943 35.595
-92.041 35.496
-92.014 35.480
-92.136 35.433
-93.124 35.284
-93.120 35.399
-92.937 35.329
-93.179 35.310
-93.038 35.240
-94.396 35.191
-94.117 36.071
-93.961 36.184
-94.184 36.200
-94.171 36.081
-94.102 36.018
-94.186 36.134
-94.267 36.082
-94.134 36.089
-94.055 36.174
-94.140 36.146
-94.207 35.825
-94.161 36.182
-94.153 36.076
-94.171 35.923
-94.140 36.078
-94.498 36.051
-94.149 36.124
-94.188 36.071
-94.278 36.117
-94.171 36.102
-94.149 36.203
-94.189 36.060
-93.980 36.097
-94.401 35.803
-94.249 36.178
-94.474 35.800
-94.198 36.103
-94.130 36.046
-94.223 36.094
-94.341 36.038
-94.155 36.154
-94.216 36.087
-94.234 36.085
-94.162 36.064
-94.122 36.161
-94.140 36.106
-94.115 36.101
-94.203 36.168
-94.086 36.109
-94.108 35.865
-93.984 35.944
-94.493 35.890
-94.298 36.150
-94.177 36.060
-94.228 36.072
-94.061 35.946
-94.169 36.014
-94.232 36.084
-94.152 36.035
-94.045 36.015
-94.118 36.148
-94.085 36.049
-94.128 36.080
-94.215 36.183
-94.152 36.141
-94.024 36.016
-94.128 36.176
-94.443 35.866
-94.181 36.156
-94.261 35.978
-94.273 35.902
-94.306 36.093
-94.301 35.814
-94.171 36.068
-94.106 36.154
-93.986 36.023
-94.199 36.189
-94.168 36.203
-94.154 36.070
-94.257 36.048
-94.109 36.196
-94.149 36.087
-94.140 36.064
-94.000 35.839
-94.103 36.174
-94.206 36.049
-94.203 36.113
-94.132 36.196
-94.205 36.086
-94.233 36.143
-94.158 36.090
-94.155 36.107
-94.126 36.131
-94.382 35.903
-94.162 36.081
-94.150 36.185
-94.278 36.197
-94.004 36.104
-94.073 36.050
-94.130 36.207
-94.166 36.059
-94.109 35.794
-94.156 36.169
-94.402 36.086
-94.261 36.032
-94.185 36.088
-94.127 36.105
-94.175 35.987
-94.162 36.072
-94.054 36.069
-94.326 35.966
-94.184 36.043
-94.466 35.963
-94.421 35.949
-94.150 36.193
-94.405 36.018
-94.191 36.178
-94.173 36.044
-94.105 36.137
-94.204 36.035
-90.769 35.491
-90.484 35.596
-90.338 35.613
-90.533 35.673
-90.710 35.550
-90.352 35.482
-90.909 35.616
-90.970 35.493
-90.931 35.557
-90.358 35.493
-90.326 35.613
-90.403 35.531
-90.504 35.676
-90.412 35.523
-90.534 35.685
-91.667 34.433
-91.253 33.295
-91.411 34.406
-91.346 34.287
-91.265 33.106
-91.263 33.132
-91.422 33.528
-91.550 34.510
-91.701 34.428
-91.159 34.274
-91.383 34.118
-91.328 34.454
-90.520 35.541
-90.904 35.632
-91.446 33.529
-91.264 33.134
-91.228 34.420
-91.382 34.122
-91.540 34.527
-91.433 34.521
-91.286 34.188
-91.541 34.483
-91.477 34.216
-91.393 34.158
-91.234 34.060
-90.727 35.556
-91.011 35.664
-90.721 35.572
-90.339 35.479
-91.274 33.350
-91.309 33.356
-91.266 33.114
-91.328 34.293
-91.509 34.327
-91.341 34.282
-91.573 34.427
-91.700 34.417
-91.560 34.484
-90.554 35.590
-90.716 35.556
-91.287 33.315
-91.258 33.121
-91.137 34.374
-91.454 34.418
-91.370 34.056
-91.338 34.285
-91.630 34.266
-90.579 35.516
-90.421 35.528
-90.763 35.657
-91.439 33.522
-91.295 33.329
-91.349 33.488
-91.376 34.118
-91.649 34.349
-90.339 35.684
-90.516 35.678
-90.896 35.618
-90.935 35.565
-90.972 35.488
-91.364 33.144
-90.908 35.623
-90.334 35.604
-90.428 35.532
-90.976 35.490
-90.366 35.486
-90.665 35.669
-90.972 35.495
-90.931 35.489
-90.338 35.610
-90.663 35.492
-90.718 35.594
-90.374 35.618
-90.527 35.662
-90.957 35.665
-90.507 35.665
-90.457 35.499
-90.670 34.557
-90.641 34.549
-90.646 34.526
-90.705 34.532
-90.645 34.549
-90.640 34.533
-90.776 34.548
-90.640 34.541
-90.944 34.299
-90.867 34.591
-91.020 34.480
-90.661 34.541
-90.666 34.408
-90.654 34.543
-90.643 34.549
-90.810 34.384
-90.677 34.554
-90.853 34.311
-90.652 34.550
-90.599 34.509
-90.633 34.570
-90.645 34.560
-90.656 34.576
-90.635 34.527
-90.643 34.547
-90.599 34.587
-90.642 34.544
-90.653 34.537
-90.679 34.605
-90.656 34.557
-92.016 33.751
-90.658 34.483
-90.838 34.492
-90.637 34.537
-90.660 34.563
-90.743 34.460
-90.795 34.510
-90.971 34.192
-92.141 33.886
-92.188 33.948
-92.316 33.895
-92.198 33.961
-92.037 33.890
-92.116 33.744
-90.660 34.552
-90.657 34.546
-90.637 34.557
-90.919 34.449
-90.702 34.614
-90.645 34.538
-94.037 33.442
-92.063 33.950
-92.292 33.869
-92.029 33.821
-91.985 34.007
-92.295 33.859
-92.389 34.013
-92.227 33.776
-92.274 34.018
-92.194 34.018
-92.185 33.962
-92.044 34.014
-92.210 33.938
-92.110 34.019
-91.017 34.587
-90.646 34.553
-90.920 34.557
-94.025 33.440
-93.887 33.425
-93.758 33.390
-93.791 33.210
-94.036 33.413
-90.600 34.450
-90.615 34.519
-90.643 34.541
-90.654 34.509
-93.879 33.258
-94.002 33.366
-93.971 33.439
-94.037 33.430
-94.009 33.486
-94.010 33.468
-94.013 33.406
-94.003 33.431
-94.037 33.452
-93.887 33.519
-90.654 34.545
-90.813 34.421
-94.000 33.308
-94.035 33.463
-93.901 33.088
-94.015 33.417
-90.633 34.541
-90.841 34.326
-90.899 34.499
-90.752 34.599
-90.647 34.543
-93.837 33.355
-93.914 33.353
-93.998 33.135
-93.971 33.394
-94.016 33.426
-94.016 33.454
-90.854 34.305
-90.913 34.396
-90.754 34.550
-90.648 34.564
-90.646 34.551
-90.907 34.551
-90.933 34.413
-90.943 34.582
-90.649 34.541
-90.640 34.545
-90.781 34.596
-90.650 34.543
-90.972 34.478
-90.584 34.530
-90.646 34.541
-90.751 34.524
-90.611 34.539
-90.908 34.559
-90.619 34.485
-93.544 36.449
-93.445 36.380
-93.440 36.432
-93.353 36.245
-93.448 36.263
-93.758 36.424
-93.482 36.211
-93.526 36.287
-93.788 36.409
-93.375 36.164
-93.525 36.344
-93.428 36.331
-93.428 36.338
-93.492 36.150
-93.386 36.361
-93.557 36.370
-93.331 36.331
-93.790 36.337
-93.575 36.371
-93.728 36.389
-93.645 36.453
-93.422 36.311
-93.338 36.438
-93.688 36.348
-93.819 36.475
-93.723 36.477
-93.611 36.340
-93.735 36.409
-93.564 36.213
-93.442 36.476
-93.526 36.385
-90.930 36.368
-91.042 36.467
-91.061 36.305
-91.181 36.431
-91.298 36.452
-91.089 36.237
-91.220 36.327
-90.992 36.174
-91.135 36.315
-90.869 36.400
-91.065 36.407
-91.173 36.239
-90.823 36.455
-91.049 36.186
-90.986 36.261
-90.980 36.258
-91.113 36.175
-91.131 36.465
-90.961 36.258
-90.837 36.299
-91.070 36.356
-90.915 36.192
-90.841 36.203
-90.773 36.355
-90.989 36.348
-90.987 36.280
-90.890 36.315
-90.924 36.467
-90.986 36.420
-92.099 36.437
-91.728 36.392
-91.699 36.471
-91.510 36.380
-91.646 36.296
-92.015 36.294
-91.619 36.384
-92.097 36.329
-91.541 36.460
-91.994 36.387
-91.990 36.466
-91.859 36.465
-91.882 36.290
-91.776 36.292
-91.850 36.375
-94.350 33.656
-94.234 33.614
-94.453 33.786
-94.365 33.817
-94.425 33.854
-94.284 33.670
-94.416 33.716
-94.200 33.740
-94.111 33.674
-93.971 33.597
-94.137 33.669
-94.390 33.725
-94.092 33.747
-94.109 33.631
-94.403 33.726
-94.005 33.682
-94.291 33.759
-94.128 33.686
-94.400 33.715
-94.412 33.619
-94.438 33.903
-90.474 35.041
-90.804 34.985
-90.795 35.013
-90.712 35.121
-90.772 35.025
-90.826 35.125
-90.792 35.014
-90.854 35.017
-90.806 34.943
-90.945 36.063
-90.883 35.999
-91.233 35.974
-90.793 35.020
-90.794 35.002
-90.786 35.009
-90.904 34.953
-90.794 35.026
-91.217 36.097
-90.767 35.012
-90.960 35.088
-90.802 35.043
-91.249 36.151
-90.971 36.069
-90.936 36.099
-90.570 35.128
-91.099 34.954
-90.451 35.116
-91.307 35.936
-90.928 35.922
-91.021 35.966
-91.096 35.919
-90.803 35.019
-90.745 35.025
-90.614 35.003
-90.461 34.954
-90.474 34.954
-90.797 35.018
-90.964 36.012
-90.789 35.014
-90.784 35.002
-90.663 34.962
-90.830 35.078
-90.784 35.009
-90.567 34.947
-90.905 34.974
-90.657 35.069
-91.015 36.035
-91.303 36.194
-91.135 36.123
-91.321 36.028
-90.945 36.047
-93.139 36.254
-91.106 34.920
-90.803 35.012
-90.787 35.013
-90.667 34.999
-90.804 35.029
-92.268 34.325
-93.259 36.169
-92.933 36.280
-92.981 36.144
-92.964 36.200
-93.101 36.336
-90.757 34.983
-90.909 34.980
-90.787 35.005
-92.406 34.304
-92.430 34.199
-92.307 34.120
-92.429 34.324
-92.409 34.422
-92.367 34.322
-93.059 36.137
-93.221 36.380
-93.156 36.142
-93.172 36.456
-93.128 36.227
-90.813 35.079
-90.716 34.943
-90.795 35.010
-90.784 35.038
-90.784 34.995
-90.741 35.072
-90.813 35.133
-92.578 34.443
-92.507 34.247
-92.276 34.424
-92.415 34.310
-92.525 34.403
-92.632 34.339
-92.347 34.466
-92.395 34.309
-92.607 34.207
-92.296 34.231
-92.555 34.336
-93.007 36.319
-93.206 36.218
-93.271 36.299
-93.231 36.264
-90.786 34.985
-90.994 34.968
-90.801 35.006
-90.771 35.001
-92.915 36.155
-93.091 36.248
-93.186 36.298
-93.032 36.198
-92.926 36.225
-92.964 36.427
-93.133 36.192
-93.095 36.223
-93.113 36.254
-90.466 34.945
-90.755 35.015
-90.730 35.019
-90.567 35.065
-90.904 34.962
-90.788 35.019
-90.480 34.945
-90.795 35.017
-91.149 36.054
-90.833 36.109
-91.007 36.129
-91.195 36.182
-91.301 36.095
-90.950 36.076
-90.773 34.986
-90.681 35.022
-90.762 35.006
-90.781 35.011
-91.216 36.038
-91.072 36.074
-91.256 36.241
-91.114 35.990
-93.449 34.688
-93.500 34.537
-93.555 34.690
-93.625 34.554
-93.595 34.583
-93.455 34.478
-93.814 34.389
-93.610 34.468
-93.473 34.372
-93.786 34.621
-93.819 34.640
-93.577 34.403
-93.654 34.681
-93.632 34.547
-93.638 34.554
-93.743 34.651
-93.813 34.491
-93.679 34.459
-90.186 36.398
-90.314 36.271
-90.195 36.457
-90.226 36.255
-90.726 36.357
-90.557 36.449
-90.122 36.313
-90.391 36.323
-90.698 36.286
-90.436 36.285
-90.404 36.428
-90.696 36.463
-90.283 36.445
-90.274 36.346
-90.176 36.367
-90.576 36.317
-90.597 36.382
-92.211 33.484
-92.264 33.611
-92.135 33.436
-92.043 33.493
-92.089 33.655
-92.034 33.359
-92.177 33.287
-92.308 33.381
-92.073 33.598
-92.077 33.623
-92.052 33.611
-92.085 33.568
-93.067 34.137
-93.073 34.195
-93.071 34.119
-93.157 33.921
-92.954 34.087
-93.137 33.915
-93.056 34.135
-93.142 33.921
-93.299 34.117
-93.089 34.125
-93.289 33.989
-93.070 34.061
-93.084 34.179
-93.102 33.847
-93.064 34.111
-93.143 34.186
-93.409 34.233
-93.300 34.230
-93.050 34.190
-93.165 33.912
-93.463 34.266
-93.002 33.947
-93.147 33.909
-91.965 33.166
-91.579 33.048
-91.918 33.178
-91.644 33.146
-91.781 33.078
-91.939 33.229
-91.806 33.229
-91.909 33.154
-91.963 33.138
-91.497 33.299
-91.954 33.117
-91.678 33.242
-91.970 33.118
-91.760 33.349
-91.510 33.304
-91.795 33.217
-91.529 33.113
-91.981 33.064
-91.790 33.232
-92.046 33.209
-91.500 33.360
-91.575 33.059
-91.546 33.121
-91.593 33.324
-91.851 33.358
-91.511 33.238
-91.528 33.205
-92.058 33.141
-91.932 33.327
-91.800 33.219
-93.160 34.079
-93.151 33.945
-93.065 34.203
-93.149 33.916
-92.811 35.329
-92.605 35.223
-92.701 35.408
-92.805 35.408
-92.733 35.142
-92.676 35.322
-92.766 35.102
-92.727 35.167
-92.586 35.385
-92.799 35.277
-92.537 35.265
-92.694 35.145
-92.613 35.307
-92.621 35.140
-92.759 35.159
-92.742 35.164
-92.883 35.098
-92.545 35.435
-92.641 35.163
-92.780 35.098
-92.808 35.191
-92.766 35.102
-92.742 35.233
-92.546 35.151
-92.907 35.139
-92.679 35.240
-92.945 35.097
-92.529 35.342
-92.842 35.116
-92.555 35.149
-92.729 35.308
-92.639 35.160
-92.647 35.157
-93.006 35.096
-90.683 35.824
-90.463 35.910
-90.810 35.765
-90.356 35.921
-90.452 35.821
-90.647 35.931
-90.586 35.852
-90.550 35.747
-90.674 35.874
-90.358 35.777
-90.803 35.921
-90.718 35.932
-90.956 35.751
-90.720 35.836
-90.700 35.865
-90.550 35.922
-90.657 35.737
-90.924 35.822
-90.592 35.795
-90.722 35.822
-90.975 35.851
-90.465 35.755
-90.692 35.788
-90.784 35.854
-90.743 35.787
-90.207 35.154
-90.354 35.065
-90.202 35.138
-90.197 35.316
-90.171 35.158
-90.187 35.154
-90.224 35.145
-90.240 35.229
-90.475 35.273
-90.198 35.154
-90.206 35.376
-90.172 35.149
-90.134 35.160
-90.264 35.416
-90.249 35.081
-90.234 35.189
-90.422 35.164
-90.155 35.167
-90.170 35.135
-90.189 35.174
-90.381 35.385
-90.465 35.262
-90.461 35.393
-90.339 35.208
-90.449 35.273
-90.466 35.275
-90.204 35.118
-90.338 34.919
-90.209 35.163
-90.206 35.224
-90.308 34.914
-90.323 35.300
-90.142 35.223
-90.161 35.140
-90.305 35.105
-90.206 35.212
-90.205 35.197
-90.183 35.138
-90.450 35.304
-90.456 35.211
-92.415 33.806
-92.429 33.822
-92.497 33.886
-92.621 34.059
-91.444 33.702
-91.447 33.708
-91.486 33.891
-91.510 33.917
-91.045 34.048
-91.317 33.579
-91.278 33.779
-91.380 33.617
-91.395 33.803
-91.410 33.610
-91.156 33.738
-91.433 33.940
-91.500 33.889
-91.402 33.619
-91.490 33.877
-91.473 33.880
-91.503 33.825
-91.407 33.640
-91.256 33.893
-91.366 33.693
-92.409 33.815
-92.401 33.828
-92.386 33.819
-92.742 33.877
-92.833 34.000
-91.364 35.288
-91.255 35.002
-91.197 35.262
-91.235 35.259
-91.216 35.294
-91.094 35.132
-91.354 35.300
-91.378 35.123
-91.222 35.138
-91.326 35.235
-91.321 35.355
-91.125 35.048
-91.251 35.008
-91.197 35.252
-91.294 35.018
-91.076 35.223
-91.364 35.273
-91.119 35.312
-91.123 35.055
-91.179 35.220
-92.488 35.103
-92.442 35.014
-92.449 35.101
-92.472 35.123
-92.269 35.164
-92.228 35.320
-92.467 35.193
-92.151 35.057
-92.395 34.957
-92.521 35.064
-92.212 35.219
-92.384 35.229
-90.790 36.040
-90.757 36.079
-90.575 36.061
-90.661 36.057
-90.550 36.061
-90.559 35.993
-90.739 36.213
-90.519 36.226
-90.438 36.087
-90.622 36.204
-90.261 36.174
-90.629 36.000
-90.714 36.001
-90.386 36.239
-90.706 36.140
-90.340 36.103
-90.499 36.079
-90.536 36.145
-90.343 36.172
-92.455 35.042
-92.375 35.045
-92.288 35.048
-92.457 35.140
-92.142 35.159
-92.452 35.260
-90.504 36.209
-90.425 36.006
-90.521 36.032
-92.443 35.074
-92.488 35.063
-92.327 35.318
-90.490 35.995
-90.798 35.995
-90.387 36.189
-90.417 36.194
-90.381 36.037
-90.635 36.111
-90.474 36.053
-92.534 34.993
-92.379 35.177
-92.196 35.063
-92.516 35.098
-90.509 36.127
-90.439 36.141
-92.472 35.081
-92.271 35.244
-92.459 35.081
-92.417 35.103
-92.145 35.239
-92.355 35.122
-92.493 35.081
-92.280 35.107
-92.148 35.319
-92.445 35.086
-92.207 35.082
-92.475 35.101
-92.462 35.112
-92.273 34.972
-92.346 35.230
-92.429 35.335
-92.419 34.972
-92.199 35.141
-92.463 35.099
-92.413 35.075
-93.172 34.570
-93.072 34.459
-93.009 34.418
-93.238 34.482
-93.030 34.506
-93.041 34.540
-93.101 34.489
-94.438 35.593
-94.262 35.476
-94.100 35.497
-93.026 34.489
-93.022 34.681
-94.363 35.587
-94.250 35.496
-92.935 34.523
-93.017 34.510
-93.204 34.431
-93.333 34.433
-93.054 34.504
-93.161 34.528
-93.042 34.493
-93.018 34.465
-93.140 34.453
-93.114 34.413
-92.951 34.469
-94.419 35.697
-94.294 35.627
-94.342 35.432
-93.055 34.488
-93.081 34.498
-93.063 34.518
-94.203 35.507
-94.420 35.463
-94.259 35.713
-94.300 35.537
-94.064 35.476
-94.190 35.630
-90.770 35.330
-90.528 35.396
-90.755 35.402
-94.234 35.577
-90.546 35.271
-90.809 35.224
-90.931 35.202
-94.078 35.673
-94.377 35.480
-94.074 35.733
-94.115 35.584
-90.786 35.211
-90.794 35.200
-90.683 35.214
-90.797 35.249
-90.960 35.312
-94.333 35.512
-94.352 35.453
-90.959 35.398
-90.862 35.214
-90.630 35.401
-90.773 35.399
-91.006 35.207
-90.557 35.252
-90.558 35.249
-93.984 35.726
-94.048 35.491
-94.202 35.407
-94.301 35.477
-94.180 35.550
-90.994 35.403
-90.559 35.273
-90.773 35.236
-90.784 35.233
-94.396 35.524
-94.248 35.530
-94.340 35.455
-94.179 35.497
-94.337 35.477
-94.143 35.488
-94.282 35.449
-94.158 35.731
-94.345 35.444
-94.328 35.703
-93.065 34.487
-93.095 34.700
-93.096 34.478
-92.996 34.595
-94.329 35.444
-94.369 35.460
-93.066 34.497
-93.043 34.505
-93.285 34.698
-93.050 34.471
-93.015 34.655
-93.325 34.543
-93.180 34.591
-93.087 34.468
-92.838 34.545
-94.367 35.444
-94.292 35.396
-94.179 35.687
-94.198 35.463
-94.062 35.548
-93.592 33.674
-93.578 33.681
-93.604 33.682
-93.582 33.645
-93.693 33.646
-93.815 33.631
-93.834 33.750
-93.662 33.547
-93.522 33.887
-93.561 33.659
-93.546 33.534
-93.535 33.696
-93.640 33.930
-93.568 33.661
-93.571 33.672
-93.557 33.790
-93.498 33.774
-93.773 33.920
-93.589 33.664
-93.601 33.653
-93.681 33.785
-91.807 33.607
-91.841 33.664
-91.651 33.560
-91.805 33.644
-91.510 33.754
-91.499 33.459
-91.773 33.638
-91.487 33.711
-91.755 33.455
-91.811 33.563
-91.946 33.470
-91.575 33.685
-91.732 33.706
-91.897 33.742
-91.924 33.620
-91.929 33.626
-91.775 33.622
-91.554 33.509
-90.778 34.775
-90.656 34.710
-90.730 34.872
-90.759 34.761
-90.764 34.678
-90.658 34.801
-90.478 34.822
-90.769 34.764
-90.890 34.784
-93.333 34.372
-92.710 34.208
-93.068 34.343
-91.754 35.717
-91.662 35.785
-91.571 35.768
-91.751 35.579
-91.412 35.834
-91.563 35.778
-91.684 35.785
-91.449 35.700
-91.401 35.710
-91.590 35.702
-91.679 35.908
-91.472 35.608
-90.757 34.772
-90.571 34.861
-90.872 34.862
-91.022 34.777
-90.895 34.701
-90.987 34.681
-90.612 34.678
-91.022 34.866
-90.544 34.728
-91.518 35.743
-91.626 35.757
-91.640 35.780
-91.628 35.848
-91.618 35.647
-91.651 35.707
-91.622 35.773
-91.645 35.575
-90.770 34.783
-91.597 35.771
-91.418 35.556
-91.596 35.757
-91.441 35.698
-91.537 35.657
-91.493 35.693
-91.443 35.712
-91.723 35.650
-91.538 35.904
-91.805 35.791
-91.514 35.825
-91.678 35.736
-91.519 35.555
-91.760 35.867
-91.296 35.838
-92.709 34.318
-92.712 34.383
-92.812 34.392
-92.814 34.364
-92.800 34.422
-92.865 34.291
-92.732 34.450
-92.778 34.384
-92.779 34.364
-92.907 34.229
-92.842 34.474
-92.993 34.309
-92.947 34.181
-93.192 34.336
-92.982 34.265
-93.000 34.227
-93.100 34.264
-92.935 34.344
-93.003 34.225
-92.799 34.203
-92.799 34.349
-92.769 34.284
-92.897 34.404
-93.301 34.317
-92.885 34.443
-92.823 34.384
-92.819 34.341
-92.798 34.359
-93.866 34.130
-93.969 34.029
-93.872 33.985
-93.865 33.916
-93.893 33.770
-94.068 34.225
-93.863 33.927
-94.015 34.115
-94.033 34.179
-93.958 33.824
-92.158 34.447
-92.167 34.099
-92.061 34.158
-92.073 34.250
-92.019 34.357
-92.027 34.107
-91.974 34.108
-92.003 34.211
-92.015 34.206
-92.176 34.354
-92.091 34.286
-92.051 34.259
-92.021 34.205
-92.009 34.202
-92.028 34.222
-92.123 34.386
-92.001 34.202
-91.999 34.220
-91.949 34.176
-91.894 34.196
-92.067 34.211
-91.881 34.348
-92.169 34.457
-91.932 34.176
-91.537 34.142
-92.055 34.261
-92.090 34.269
-91.827 34.324
-91.709 34.418
-92.006 34.196
-92.044 34.172
-92.109 34.278
-92.010 34.218
-92.083 34.217
-93.556 33.258
-93.489 33.348
-92.038 34.206
-92.039 34.193
-91.951 34.187
-92.039 34.215
-92.063 34.231
-92.178 34.172
-91.969 34.180
-91.994 34.210
-91.994 34.245
-92.151 34.223
-92.090 34.089
-92.010 34.195
-92.184 34.435
-91.793 34.143
-92.014 34.231
-93.457 33.286
-93.767 33.094
-93.489 33.323
-93.653 33.097
-93.661 33.100
-93.501 33.419
-93.656 33.100
-93.569 33.362
-92.009 34.209
-92.029 34.243
-92.079 34.243
-92.020 34.199
-91.980 34.162
-92.019 34.190
-92.112 34.267
-92.032 34.208
-91.933 34.264
-91.843 34.314
-92.098 34.347
-92.015 34.171
-91.997 34.183
-91.934 34.161
-92.046 34.154
-93.585 33.359
-93.650 33.090
-91.891 34.439
-92.124 34.245
-92.010 34.188
-92.093 34.236
-91.919 34.255
-92.011 34.211
-92.029 34.279
-91.973 34.201
-91.932 34.189
-91.996 34.279
-92.054 34.222
-93.525 33.145
-93.550 33.338
-91.951 34.399
-92.041 34.233
-92.031 34.216
-92.028 34.169
-92.017 34.225
-92.080 34.139
-92.056 34.237
-91.768 34.354
-92.030 34.204
-91.865 34.272
-93.676 33.443
-93.484 33.365
-93.579 33.374
-92.067 34.263
-92.039 34.229
-92.031 34.186
-92.100 34.200
-92.157 34.301
-91.994 34.198
-92.029 34.200
-93.438 33.401
-93.656 33.318
-93.436 33.336
-93.499 33.356
-93.514 33.349
-93.561 33.070
-94.027 35.275
-93.761 35.442
-93.775 35.414
-92.097 34.293
-92.075 34.166
-92.070 34.256
-92.081 34.255
-91.709 34.427
-92.019 34.242
-91.762 34.245
-92.113 34.308
-91.852 34.325
-92.017 34.227
-93.655 33.192
-93.504 33.365
-93.571 33.429
-92.101 34.259
-92.057 34.202
-94.025 35.301
-93.948 35.323
-93.877 35.475
-93.838 35.695
-93.970 35.435
-93.758 35.482
-93.860 35.351
-93.800 35.506
-93.821 35.585
-93.857 35.503
-93.846 35.486
-92.014 34.229
-92.093 34.274
-92.111 34.293
-92.001 34.160
-92.086 34.275
-92.185 34.453
-92.013 34.199
-91.925 34.227
-92.099 34.168
-92.070 34.273
-92.094 34.143
-92.076 34.268
-92.069 34.221
-92.054 34.211
-92.065 34.186
-91.963 34.308
-93.830 35.504
-93.738 35.539
-94.034 35.384
-93.956 35.308
-93.956 35.561
-93.960 35.495
-93.852 35.429
-93.740 35.620
-92.046 34.448
-91.951 34.385
-91.986 34.186
-91.928 34.232
-92.073 34.213
-92.016 34.180
-92.052 34.229
-92.045 34.240
-91.839 34.325
-91.964 34.280
-92.026 34.214
-92.019 34.211
-94.058 35.301
-93.757 35.425
-93.846 35.527
-93.728 35.426
-94.048 35.291
-93.890 35.598
-94.021 35.619
-92.013 34.192
-92.034 34.220
-92.027 34.229
-92.001 34.258
-92.034 34.208
-92.074 34.297
-91.854 34.316
-91.874 34.130
-92.095 34.251
-93.922 33.872
-93.866 33.861
-93.951 34.124
-94.014 34.126
-93.843 33.940
-93.922 33.882
-92.175 34.262
-92.013 34.156
-92.032 34.155
-92.068 34.203
-91.968 34.258
-92.077 34.148
-92.010 34.227
-92.038 34.154
-91.761 34.440
-92.045 34.199
-92.033 34.160
-92.107 34.259
-91.935 34.225
-93.937 33.904
-93.844 33.931
-93.984 34.319
-94.004 33.878
-94.024 34.124
-93.840 33.954
-94.223 34.277
-94.017 33.929
-91.941 34.354
-92.050 34.193
-92.055 34.248
-91.840 34.338
-92.057 34.269
-92.009 34.199
-91.921 34.117
-92.018 34.219
-92.080 34.217
-92.065 34.249
-92.044 34.205
-93.897 33.818
-93.867 34.043
-94.023 33.985
-93.875 33.814
-93.939 33.866
-93.932 33.952
-94.130 34.281
-94.048 34.090
-93.968 34.236
-92.070 34.121
-91.957 34.240
-92.115 34.241
-92.039 34.223
-91.974 34.218
-92.077 34.197
-92.100 34.266
-92.117 34.260
-91.650 34.189
-93.854 33.948
-93.856 33.955
-92.111 34.253
-92.089 34.262
-92.027 34.194
-91.960 34.213
-91.986 34.223
-92.073 34.225
-92.065 34.244
-92.104 34.252
-91.947 34.197
-92.097 34.222
-91.917 34.240
-91.877 35.074
-91.692 35.113
-91.940 35.142
-91.580 35.314
-91.794 35.346
-91.567 35.414
-91.860 35.353
-91.854 35.180
-91.756 35.119
-91.901 35.069
-91.837 35.288
-91.615 35.487
-91.676 35.312
-91.886 35.073
-91.646 35.124
-91.718 35.251
-91.701 35.257
-91.762 35.208
-91.642 35.271
-91.916 35.074
-91.750 35.490
-91.781 35.142
-91.491 35.142
-91.640 35.277
-91.674 35.239
-91.460 35.258
-91.682 35.471
-91.664 35.230
-91.562 35.314
-91.570 35.275
-91.766 35.234
-91.959 35.338
-91.729 35.235
-91.741 35.261
-91.967 35.187
-91.641 35.282
-91.829 35.364
-91.610 35.203
-91.673 35.389
-91.712 35.195
-91.726 35.251
-91.460 35.422
-91.751 35.243
-91.980 35.249
-91.820 35.111
-91.838 35.427
-91.616 35.395
-91.598 35.182
-91.846 35.321
-92.066 35.242
-91.962 35.297
-91.660 35.215
-91.765 35.255
-91.510 35.362
-91.800 35.418
-91.728 35.260
-91.454 35.126
-91.745 35.297
-91.746 35.253
-91.452 35.422
-91.676 35.229
-91.609 35.097
-92.080 35.325
-92.073 35.189
-92.027 35.103
-91.812 35.099
-91.882 35.125
-91.751 35.377
-92.057 35.316
-91.825 35.116
-91.716 35.179
-91.748 35.249
-91.805 35.256
-92.040 35.161
-91.583 35.305
-91.702 35.240
-91.736 35.223
-91.886 35.066
-91.896 35.262
-91.770 35.242
-92.096 35.112
-91.459 35.427
-91.840 35.423
-91.481 35.361
-91.451 35.412
-91.560 35.369
-91.720 35.237
-94.010 34.716
-93.991 34.869
-94.342 34.853
-90.175 35.886
-90.087 35.704
-89.980 35.679
-89.903 35.910
-89.937 35.958
-89.856 35.856
-89.773 35.917
-92.824 36.481
-92.760 36.117
-92.844 36.251
-93.295 33.519
-93.401 33.561
-93.111 33.752
-93.404 33.482
-93.370 33.661
-89.929 35.856
-90.010 35.704
-89.904 35.780
-92.577 36.183
-92.784 36.439
-93.169 33.500
-93.378 33.810
-93.465 33.723
-93.132 33.721
-89.855 35.925
-90.039 35.568
-90.195 35.717
-92.823 36.106
-92.690 36.232
-93.270 33.586
-93.401 33.811
-93.442 33.708
-93.156 33.702
-93.358 33.885
-93.263 33.688
-93.161 33.594
-89.874 35.936
-89.932 35.753
-90.257 35.912
-92.847 36.262
-92.642 36.356
-92.671 36.153
-92.624 34.945
-93.235 33.783
-93.380 33.791
-93.434 33.852
-93.280 33.588
-93.388 33.600
-93.276 33.503
-93.417 33.553
-93.842 34.777
-94.247 34.895
-94.241 34.767
-90.093 35.675
-89.910 35.931
-90.031 35.858
-92.839 36.179
-92.590 36.369
-92.688 36.252
-92.694 36.241
-92.575 36.279
-92.888 34.973
-92.793 35.011
-92.586 35.067
-93.232 33.623
-89.932 35.762
-90.009 35.691
-94.080 34.888
-94.395 34.922
-94.187 34.870
-89.916 35.902
-89.974 35.718
-90.226 35.592
-90.083 35.613
-92.563 36.124
-92.468 36.148
-92.516 36.219
-92.809 34.996
-93.108 34.955
-92.905 35.042
-92.967 34.962
-92.692 35.042
-92.815 34.963
-89.973 35.975
-90.158 35.531
-90.049 35.916
-90.150 35.509
-89.873 35.971
-89.898 35.924
-90.055 35.514
-93.859 34.909
-94.398 34.779
-94.096 34.890
-94.308 34.920
-89.896 35.934
-90.098 35.672
-90.139 35.484
-89.933 35.920
-89.976 35.708
-92.591 36.091
-92.745 36.183
-92.575 36.385
-92.987 35.061
-92.623 35.010
-92.806 35.054
-92.811 35.006
-89.977 35.958
-89.926 35.757
-89.978 35.701
-89.869 35.916
-93.787 34.862
-94.233 35.066
-93.736 34.880
-90.226 35.845
-89.946 35.816
-90.154 35.891
-90.258 35.934
-92.845 36.370
-92.712 36.402
-92.807 35.019
-92.649 34.974
-90.232 35.722
-90.129 35.536
-90.262 35.459
-90.060 35.757
-90.093 35.627
-89.956 35.809
-90.251 35.489
-93.736 34.799
-94.080 35.013
-94.086 34.908
-94.069 34.794
-92.778 36.321
-92.586 36.448
-93.041 35.021
-92.734 34.958
-93.154 34.851
-92.849 34.892
-93.363 33.769
-93.369 33.802
-89.908 35.948
-90.052 35.841
-90.245 35.936
-94.342 34.051
-94.312 34.055
-94.241 34.046
-92.756 36.270
-92.760 36.236
-89.965 35.716
-89.971 35.701
-89.974 35.693
-94.357 34.045
-94.163 34.143
-94.352 34.032
-94.420 33.963
-94.261 33.895
-92.464 36.092
-92.681 36.222
-90.176 35.875
-89.965 35.598
-90.216 35.948
-90.046 35.565
-89.964 35.951
-90.213 35.589
-90.161 35.875
-89.937 35.940
-92.668 36.279
-92.606 36.372
-94.099 34.907
-93.916 34.987
-92.666 36.211
-92.582 36.381
-93.759 34.963
-93.962 34.925
-94.177 35.034
-90.149 35.843
-92.862 36.445
-92.680 36.097
-94.402 34.879
-94.179 34.953
-93.937 34.813
-89.923 35.920
-90.040 35.971
-89.962 35.698
-89.860 35.898
-92.700 36.471
-92.593 36.277
-92.619 35.646
-92.319 35.566
-92.459 35.723
-92.280 35.613
-92.423 35.556
-92.407 35.388
-92.410 35.601
-92.256 35.618
-92.691 35.523
-92.287 35.581
-92.406 35.445
-92.296 35.387
-92.743 35.629
-92.310 35.661
-92.398 35.670
-92.300 35.482
-92.601 35.726
-92.500 35.623
-94.116 33.845
-94.153 33.942
-94.182 33.860
-94.319 33.922
-94.376 34.138
-94.037 33.821
-94.311 34.170
-92.501 35.544
-92.512 35.483
-92.416 35.509
-94.329 34.045
-94.171 34.059
-94.419 34.044
-94.153 33.989
-94.108 34.046
-91.740 35.963
-91.779 36.156
-91.999 36.080
-91.908 36.230
-91.719 36.108
-91.770 36.173
-91.895 36.054
-91.276 34.870
-91.088 34.668
-91.939 35.927
-91.697 36.221
-91.957 34.543
-91.196 34.603
-91.178 34.517
-91.236 34.781
-91.302 34.690
-91.179 34.883
-91.178 34.683
-91.233 34.606
-91.082 34.415
-91.308 34.726
-91.138 34.856
-91.243 34.952
-91.719 36.245
-92.147 36.120
-91.916 36.072
-92.067 34.652
-91.923 34.933
-91.951 35.027
-91.849 34.977
-91.888 34.782
-91.898 34.775
-91.311 34.694
-91.374 34.616
-91.087 34.556
-91.386 34.631
-91.201 34.592
-91.779 36.223
-91.828 36.226
-91.817 36.040
-92.079 36.173
-91.912 36.201
-91.892 34.780
-91.762 34.531
-92.001 34.954
-92.019 34.945
-91.775 36.240
-92.152 36.146
-91.856 35.984
-91.726 36.207
-91.314 35.649
-91.065 35.554
-91.727 34.801
-91.989 35.008
-91.747 34.780
-91.985 36.111
-91.951 36.142
-92.031 36.028
-91.931 36.235
-91.768 36.212
-91.942 35.944
-91.566 35.471
-91.182 35.624
-91.105 35.377
-91.205 35.719
-91.238 35.604
-91.092 35.657
-91.205 35.442
-91.248 35.614
-91.260 35.769
-91.902 34.783
-91.973 34.551
-92.050 35.957
-91.920 36.215
-92.007 36.214
-91.167 35.476
-91.435 35.476
-91.208 35.395
-91.264 35.646
-91.279 35.512
-91.229 35.510
-91.288 35.602
-91.556 35.515
-91.965 35.011
-92.045 34.964
-91.838 34.900
-91.991 34.610
-91.933 34.705
-92.041 34.856
-91.776 35.982
-91.280 35.569
-91.267 35.603
-91.309 35.480
-91.310 35.690
-91.224 35.475
-91.250 35.676
-91.282 35.601
-91.147 35.743
-91.336 35.587
-91.119 35.837
-91.119 35.518
-91.093 35.442
-91.173 35.546
-93.582 35.545
-93.432 35.674
-93.645 35.687
-93.447 35.444
-91.976 34.541
-91.871 34.540
-91.809 34.695
-91.966 34.985
-91.757 34.884
-91.746 34.778
-91.867 34.530
-91.830 36.088
-91.866 36.064
-92.106 36.229
-91.732 36.231
-91.519 35.481
-91.232 35.569
-91.279 35.614
-93.611 35.437
-93.532 35.683
-93.513 35.460
-91.909 34.775
-91.901 34.774
-91.859 34.862
-91.198 34.909
-91.184 34.960
-91.752 36.063
-92.078 36.096
-91.864 36.112
-91.933 36.198
-91.195 35.735
-91.203 35.732
-91.181 35.677
-91.262 35.617
-93.265 35.505
-93.532 35.487
-93.290 35.624
-91.810 34.623
-91.976 34.532
-92.072 35.043
-91.720 34.644
-91.195 34.874
-91.134 34.753
-91.118 34.625
-92.106 36.161
-91.849 35.913
-91.377 35.504
-91.111 35.552
-91.239 35.625
-93.497 35.545
-93.315 35.403
-91.753 34.793
-92.009 34.611
-91.692 34.561
-91.737 36.011
-91.915 36.058
-92.131 36.139
-93.376 35.434
-93.532 35.619
-93.652 35.609
-91.952 35.013
-91.984 34.667
-91.852 36.161
-91.942 36.003
-93.669 35.478
-93.604 35.741
-93.435 35.491
-93.376 35.366
-92.036 34.963
-91.976 34.833
-91.945 34.893
-92.034 34.776
-92.032 35.003
-91.950 35.034
-91.913 34.796
-92.130 36.118
-92.121 36.135
-91.707 36.180
-91.767 36.248
-91.914 36.061
-91.798 35.968
-93.676 35.418
-93.421 35.563
-93.666 35.537
-91.897 34.788
-91.891 34.794
-92.004 34.887
-91.895 34.615
-92.050 34.713
-91.964 34.551
-93.537 35.427
-93.643 35.262
-93.930 35.145
-93.806 35.153
-93.739 35.289
-93.528 35.338
-93.433 35.271
-93.332 35.273
-93.944 35.148
-93.889 35.307
-93.549 35.289
-93.868 35.302
-93.765 35.071
-93.909 35.143
-93.719 35.139
-93.923 35.132
-93.449 35.357
-93.636 35.328
-93.862 35.074
-93.539 35.361
-93.719 35.281
-93.738 35.320
-93.791 35.227
-94.076 35.071
-94.090 35.122
-93.863 35.283
-93.929 35.212
-93.530 35.383
-93.584 35.203
-93.976 35.071
-93.710 35.298
-93.782 35.172
-93.716 35.131
-92.490 34.790
-92.368 34.771
-92.238 34.832
-92.385 34.778
-92.367 34.759
-92.401 34.879
-93.058 33.598
-93.064 33.407
-92.614 33.733
-92.414 34.780
-92.397 34.781
-92.384 34.719
-92.101 34.875
-92.520 34.755
-92.222 34.814
-92.102 34.616
-91.503 34.974
-91.568 34.800
-92.844 33.540
-92.821 33.532
-92.831 33.580
-92.089 34.854
-92.308 34.704
-92.231 34.769
-92.383 34.755
-92.352 34.785
-92.271 34.810
-92.434 34.661
-92.086 34.884
-91.460 34.786
-91.410 34.819
-91.596 34.781
-91.746 34.986
-91.421 34.982
-91.617 34.675
-91.491 34.972
-91.537 34.936
-91.410 34.886
-91.653 34.909
-93.061 33.511
-92.659 33.697
-92.844 33.599
-92.611 33.756
-92.773 33.679
-92.957 33.486
-92.694 33.768
-92.219 34.838
-92.115 34.813
-92.360 34.708
-92.243 34.806
-92.172 34.845
-92.412 34.791
-92.323 34.779
-92.227 34.800
-92.153 34.872
-91.513 34.979
-91.628 34.542
-91.584 34.786
-92.829 33.574
-93.065 33.428
-92.831 33.553
-92.101 34.863
-92.407 34.869
-92.319 34.739
-92.181 34.864
-92.362 34.742
-92.230 34.654
-92.279 34.761
-92.296 34.748
-92.402 34.840
-92.146 34.757
-91.577 34.778
-91.471 34.764
-91.649 34.987
-91.644 34.845
-91.482 34.625
-91.410 34.815
-91.462 34.576
-91.521 35.051
-92.821 33.540
-92.839 33.575
-92.833 33.532
-92.207 34.845
-92.326 34.730
-92.427 34.773
-92.437 34.763
-92.119 34.866
-92.353 34.667
-92.333 34.740
-92.834 33.547
-92.857 33.543
-92.845 33.588
-92.829 33.595
-92.250 34.795
-92.379 34.770
-92.328 34.713
-92.346 34.643
-92.335 34.773
-92.288 34.778
-92.906 33.662
-92.833 33.570
-92.840 33.578
-92.708 33.407
-92.303 34.764
-92.420 34.760
-92.277 34.732
-92.313 34.627
-92.423 34.890
-92.290 34.665
-92.235 34.787
-92.339 34.752
-92.205 34.898
-92.270 34.777
-92.379 34.910
-92.366 34.718
-92.868 33.416
-92.877 33.503
-92.857 33.554
-92.614 33.722
-92.869 33.601
-92.870 33.585
-92.822 33.574
-92.794 33.495
-93.055 33.710
-92.297 34.738
-92.272 34.744
-92.375 34.859
-92.626 34.867
-92.364 34.646
-92.500 34.698
-92.435 34.788
-92.269 34.717
-92.180 34.571
-92.306 34.599
-92.254 34.819
-92.520 34.907
-92.388 34.732
-92.855 33.529
-92.831 33.748
-93.077 33.412
-92.624 33.728
-92.846 33.530
-92.831 33.540
-92.400 34.759
-92.414 34.803
-92.138 34.908
-92.189 34.756
-92.361 34.750
-92.358 34.874
-92.354 34.758
-92.288 34.805
-92.260 34.886
-92.337 34.686
-92.454 34.826
-92.111 34.944
-92.403 34.730
-92.457 34.790
-92.841 33.591
-92.811 33.572
-92.861 33.581
-93.062 33.412
-92.225 34.707
-92.259 34.808
-92.119 34.854
-92.319 34.749
-92.323 34.675
-92.173 34.812
-92.385 34.689
-92.326 34.843
-92.455 34.730
-92.266 34.793
-92.350 34.766
-92.859 33.571
-92.824 33.557
-92.963 33.596
-93.046 33.418
-92.835 33.589
-92.761 33.604
-92.331 34.763
-92.374 34.787
-92.417 34.735
-92.170 34.975
-92.202 34.825
-92.249 34.785
-92.309 34.878
-92.151 34.890
-92.848 33.594
-92.947 33.740
-92.846 33.577
-92.402 34.768
-92.299 34.731
-92.254 34.705
-92.334 34.829
-92.414 34.646
-92.411 34.749
-92.427 34.691
-92.187 34.694
-92.242 34.820
-92.354 34.692
-92.326 34.798
-92.379 34.656
-92.590 34.790
-92.370 34.825
-92.224 34.864
-92.420 34.849
-92.221 34.544
-92.363 34.733
-92.219 34.825
-92.428 34.797
-92.244 34.734
-92.350 34.725
-92.314 34.758
-92.349 34.773
-92.122 34.883
-94.120 35.306
-94.363 35.275
-94.181 35.345
-94.418 35.272
-94.365 35.337
-94.200 35.114
-94.425 35.349
-94.075 35.165
-94.394 35.370
-94.285 35.012
-94.335 35.337
-94.398 35.344
-94.360 35.368
-94.184 35.196
-94.237 35.190
-94.411 35.369
-94.108 35.350
-94.322 35.193
-94.353 35.093
-94.400 35.396
-94.431 35.291
-94.379 35.319
-94.371 35.267
-94.365 35.417
-94.321 35.247
-94.371 35.389
-94.289 35.087
-94.389 35.387
-94.387 35.366
-94.354 35.283
-94.343 35.118
-94.347 35.269
-94.292 35.243
-94.422 35.378
-94.380 35.361
-94.113 35.416
-94.384 35.397
-94.398 35.423
-94.375 35.285
-94.322 35.350
-94.161 35.158
-94.184 35.219
-94.401 35.232
-94.405 35.383
-94.428 35.234
-94.387 35.306
-94.196 35.260
-94.382 35.276
-94.380 35.023
-94.392 35.003
-94.266 35.082
-94.412 35.311
-94.319 35.332
-94.250 35.057
-94.384 35.410
-94.277 35.337
-94.412 35.349
-94.374 35.412
-94.405 35.111
-94.427 35.287
-94.380 35.251
-94.284 35.137
-94.341 35.362
-94.395 35.366
-94.381 35.348
-94.412 35.188
-94.247 35.213
-94.366 35.376
-94.405 35.278
-94.388 35.376
-94.236 35.328
-94.426 35.313
-94.372 35.401
-94.360 35.360
-94.406 35.331
-94.405 35.288
-94.179 35.335
-94.412 35.401
-94.402 35.358
-92.508 34.561
-92.484 34.613
-92.567 34.598
-92.381 34.602
-92.547 34.619
-92.597 34.644
-92.567 34.545
-92.565 34.579
-92.596 34.589
-92.583 34.568
-92.823 34.611
-92.550 34.557
-92.292 34.537
-91.412 36.079
-92.592 34.570
-91.498 36.197
-91.305 36.286
-91.527 35.960
-91.452 36.300
-91.618 36.135
-91.397 36.127
-91.405 36.181
-91.543 36.036
-91.598 35.989
-91.407 36.454
-91.397 36.238
-91.376 36.307
-91.540 36.302
-91.489 36.011
-91.399 36.378
-91.502 36.259
-91.487 36.070
-91.630 36.070
-91.612 36.208
-91.407 36.017
-91.316 36.369
-91.921 35.861
-91.409 35.936
-91.665 35.982
-91.516 36.125
-91.957 35.728
-92.035 35.908
-92.244 35.752
-92.252 35.888
-92.780 34.652
-91.874 35.751
-92.102 35.873
-92.222 35.830
-92.125 35.936
-92.237 35.997
-92.600 34.552
-92.577 34.577
-92.851 34.804
-92.579 34.560
-91.914 35.816
-92.384 35.894
-92.415 34.622
-92.466 34.593
-92.455 34.490
-92.517 34.602
-92.540 34.488
-92.363 34.591
-92.511 34.543
-92.468 34.648
-92.639 34.508
-92.516 34.633
-92.761 34.549
-92.597 34.710
-92.548 34.639
-92.151 35.809
-92.046 35.857
-92.143 36.038
-92.362 35.943
-92.575 34.567
-92.646 34.565
-92.581 34.556
-92.524 34.584
-92.645 34.445
-92.395 34.621
-92.553 34.589
-92.693 34.698
-91.967 35.907
-92.292 35.944
-92.386 35.813
-92.070 35.770
-92.131 35.872
-92.379 35.743
-92.230 35.962
-92.616 34.499
-92.484 34.631
-92.401 34.538
-92.505 34.668
-92.352 34.538
-92.680 34.617
-92.919 34.674
-92.595 34.615
-92.494 34.590
-92.311 35.791
-92.169 35.881
-91.990 35.787
-92.094 35.853
-92.140 35.736
-92.326 35.871
-92.561 34.568
-92.861 34.730
-92.590 34.559
-92.702 34.511
-92.588 34.548
-92.609 34.554
-92.601 34.575
-92.594 34.565
-92.423 34.595
-92.612 34.563
-92.850 35.911
-92.546 35.850
-92.659 35.905
-92.849 35.998
-92.609 35.902
-92.893 36.066
-92.666 35.814
-92.852 35.785
-92.496 36.027
-92.678 35.753
-92.715 36.037
-92.481 35.944
-92.731 35.897
-92.450 35.843
-92.632 35.973
-92.681 33.230
-92.660 33.210
-92.836 33.284
-92.153 33.059
-92.643 33.159
-92.727 33.374
-92.641 33.059
-92.645 33.319
-92.695 33.210
-92.293 33.195
-92.669 33.219
-92.679 33.221
-92.764 33.052
-92.673 33.246
-92.658 33.246
-92.336 33.071
-92.360 33.108
-92.182 33.042
-92.538 33.329
-92.540 33.211
-92.203 33.138
-92.724 33.022
-92.201 33.056
-92.737 33.358
-92.617 33.143
-92.851 33.100
-92.785 33.126
-92.639 33.217
-92.505 33.111
-92.933 33.180
-92.439 33.052
-92.725 33.243
-92.942 33.315
-92.646 33.207
-92.622 33.241
-92.543 33.291
-92.422 33.231
-92.699 33.145
-92.744 33.335
-92.647 33.193
-92.756 33.187
-92.676 33.202
-92.720 33.359
-92.650 33.234
-92.940 33.066
-92.455 33.161
-92.661 33.219
-92.662 33.320
-94.271 36.230
-94.428 36.256
-94.156 36.299
-94.210 36.486
-94.408 36.144
-94.169 36.319
-94.212 36.466
-94.347 36.415
-94.189 36.325
-94.196 36.345
-94.514 36.223
-94.482 36.115
-94.553 36.172
-94.529 36.170
-94.536 36.134
-94.215 36.388
-94.367 36.313
-94.195 36.387
-94.181 36.421
-93.993 36.454
-94.280 36.439
-94.136 36.386
-94.108 36.385
-94.199 36.364
-94.231 36.391
-94.042 36.393
-93.941 36.379
-94.275 36.476
-94.454 36.472
-93.902 36.467
-94.123 36.358
-94.561 36.321
-94.466 36.337
-94.522 36.196
-94.312 36.368
-94.139 36.334
-94.126 36.270
-94.203 36.239
-94.157 36.250
-94.135 36.305
-94.263 36.393
-94.233 36.343
-94.452 36.408
-94.570 36.434
-94.343 36.481
-94.285 36.315
-94.390 36.201
-94.235 36.280
-94.152 36.273
-94.330 36.262
-93.943 36.279
-94.044 36.230
-94.103 36.221
-94.105 36.320
-94.094 36.408
-94.103 36.295
-94.111 36.458
-94.091 36.353
-94.477 36.178
-94.559 36.195
-94.127 36.248
-94.139 36.319
-94.145 36.224
-94.197 36.302
-94.205 36.447
-94.522 36.268
-94.248 36.438
-94.313 36.462
-94.038 36.316
-94.059 36.338
-93.963 36.332
-94.086 36.256
-94.161 36.348
-94.164 36.375
-94.158 36.338
-94.151 36.320
-94.133 36.345
-94.121 36.341
-94.123 36.320
-94.186 36.283
-94.153 36.331
-94.130 36.322
-94.052 36.296
