-110.274 31.474
-110.247 31.490
-110.314 31.934
-110.267 31.950
-110.019 31.434
-109.528 31.347
-109.533 31.344
-109.553 31.338
-109.565 31.344
-109.857 32.274
-110.267 31.518
-110.284 31.530
-110.268 31.537
-110.266 31.551
-109.528 31.338
-109.530 31.352
-109.274 31.513
-109.166 31.893
-109.184 32.244
-109.603 32.128
-109.491 32.287
-109.528 31.892
-109.550 31.713
-110.035 32.345
-110.246 32.170
-109.851 32.156
-109.979 32.104
-109.849 31.898
-109.675 31.534
-109.674 31.390
-109.997 31.698
-110.186 31.875
-110.354 32.031
-110.399 31.901
-110.323 31.718
-109.857 31.364
-109.845 31.428
-109.922 31.504
-109.912 31.445
-109.891 31.431
-109.961 31.357
-109.934 31.387
-110.336 31.636
-110.351 31.557
-110.290 31.440
-110.257 31.374
-110.220 31.401
-110.186 31.453
-110.161 31.488
-110.173 31.571
-110.211 31.539
-110.249 31.565
-110.282 31.565
-110.283 31.558
-110.300 31.565
-110.300 31.558
-110.299 31.550
-110.295 31.540
-110.284 31.548
-110.249 31.550
-110.252 31.541
-110.245 31.524
-110.268 31.503
-110.278 31.486
-110.162 33.828
-110.302 33.981
-110.867 33.396
-110.782 32.998
-110.770 32.989
-111.251 33.842
-110.964 34.116
-111.269 34.054
-111.525 34.343
-111.406 34.270
-111.345 34.244
-111.326 34.252
-111.295 34.169
-111.309 34.239
-111.189 34.227
-111.274 34.308
-111.317 34.253
-111.299 34.391
-111.060 34.318
-113.445 34.113
-113.439 33.807
-113.719 33.561
-114.634 33.232
-114.420 33.328
-113.934 34.172
-114.219 34.023
-114.298 34.112
-114.405 33.866
-114.185 33.697
-114.017 33.941
-113.673 33.915
-111.487 34.147
-110.426 33.492
-110.712 33.619
-110.742 33.402
-110.783 33.403
-110.798 33.402
-110.820 33.429
-110.933 33.411
-111.072 33.636
-110.776 33.852
-110.780 33.399
-110.779 33.397
-110.779 33.394
-110.846 33.312
-110.764 33.385
-110.763 33.313
-110.855 33.393
-110.826 33.394
-110.791 33.145
-110.810 33.410
-114.625 32.686
-114.630 32.676
-114.672 32.695
-114.655 32.693
-114.643 32.684
-114.573 32.688
-114.526 32.690
-114.471 32.645
-110.954 31.345
-110.965 31.354
-110.946 31.376
-110.941 31.343
-110.923 31.351
-111.085 31.556
-110.914 31.338
-110.903 31.354
-110.835 31.387
-110.944 31.357
-110.935 31.348
-111.123 31.470
-111.184 31.415
-110.786 31.608
-110.549 31.573
-110.675 31.680
-110.633 31.400
-111.026 31.666
-110.984 31.541
-110.916 31.449
-110.904 31.379
-110.927 31.378
-114.620 32.673
-114.608 32.675
-114.604 32.681
-114.429 32.646
-114.413 32.663
-114.391 32.684
-114.457 32.759
-114.589 32.629
-110.957 31.407
-110.871 31.512
-114.610 32.699
-114.621 32.717
-114.625 32.657
-114.655 32.658
-114.676 32.647
-114.720 32.658
-114.702 32.718
-114.619 32.584
-114.669 32.588
-114.635 32.723
-114.652 32.725
-114.668 32.522
-114.765 32.494
-114.776 32.545
-114.347 32.465
-114.160 32.620
-113.679 32.469
-113.543 33.072
-114.074 33.091
-114.637 32.692
-114.656 32.713
-114.676 32.716
-114.629 32.699
-114.637 32.704
-114.634 32.710
-114.650 32.704
-111.021 32.292
-110.931 32.240
-110.931 32.232
-110.940 32.232
-110.940 32.225
-110.931 32.225
-110.871 32.214
-110.863 32.215
-110.871 32.203
-110.809 32.202
-110.796 32.203
-110.800 32.195
-110.884 32.282
-110.884 32.302
-110.999 32.158
-111.003 32.151
-111.008 32.132
-111.130 32.359
-111.120 32.357
-110.976 32.404
-111.015 32.440
-110.986 32.437
-111.266 32.274
-111.191 32.323
-111.203 32.267
-111.647 32.166
-111.313 32.123
-111.085 32.055
-111.251 31.918
-111.310 32.010
-111.431 31.884
-111.404 31.627
-111.093 31.757
-111.140 31.865
-111.758 31.808
-112.071 31.751
-112.024 31.979
-112.478 34.534
-112.481 34.540
-112.482 34.547
-111.008 32.290
-111.008 32.296
-110.933 32.218
-110.940 32.212
-110.930 32.207
-110.862 32.203
-110.866 32.196
-110.849 32.241
-110.853 32.228
-110.796 32.185
-110.806 32.183
-110.792 32.169
-110.884 32.316
-110.874 32.331
-111.003 32.144
-110.998 32.132
-110.985 32.127
-111.104 32.360
-111.118 32.372
-111.126 32.379
-110.968 32.439
-110.951 32.446
-110.939 32.459
-112.288 32.083
-112.550 32.006
-112.450 32.347
-112.008 32.296
-112.993 32.196
-112.830 32.419
-112.491 34.556
-112.490 34.578
-112.504 34.588
-112.501 34.509
-112.573 34.517
-112.541 34.535
-112.518 34.552
-112.571 34.572
-112.400 34.582
-112.372 34.597
-112.432 34.552
-112.472 34.602
-112.460 34.629
-112.425 34.621
-112.338 34.632
-111.001 32.284
-111.003 32.277
-111.001 32.269
-110.935 32.197
-110.919 32.268
-110.923 32.261
-110.845 32.229
-110.845 32.217
-110.854 32.216
-110.788 32.240
-110.781 32.232
-110.781 32.224
-110.837 32.324
-110.862 32.317
-110.865 32.302
-110.986 32.141
-110.985 32.156
-110.969 32.156
-111.143 32.389
-111.091 32.372
-110.980 32.468
-110.968 32.496
-110.909 32.488
-112.337 34.651
-112.296 34.685
-112.316 34.625
-112.310 34.610
-112.296 34.598
-112.316 34.597
-110.991 32.267
-110.987 32.264
-110.914 32.261
-110.914 32.254
-110.923 32.254
-110.918 32.247
-110.849 32.209
-110.848 32.203
-110.763 32.225
-110.772 32.212
-110.785 32.214
-110.868 32.285
-110.856 32.270
-110.850 32.288
-110.838 32.302
-110.969 32.142
-110.973 32.133
-110.973 32.123
-110.965 32.127
-111.076 32.370
-111.060 32.371
-111.038 32.374
-110.882 32.491
-110.910 32.445
-110.826 32.427
-110.689 32.399
-111.038 32.447
-111.065 32.399
-112.326 34.601
-112.336 34.609
-110.984 32.255
-110.979 32.247
-110.978 32.240
-110.923 32.240
-110.914 32.240
-110.915 32.232
-110.853 32.198
-110.844 32.195
-110.845 32.188
-110.781 32.199
-110.785 32.184
-110.777 32.181
-110.838 32.284
-110.831 32.276
-110.817 32.276
-110.944 32.141
-110.918 32.142
-111.041 32.363
-111.039 32.356
-111.097 32.446
-111.206 32.463
-112.351 34.612
-112.343 34.591
-110.976 32.230
-110.971 32.216
-110.921 32.228
-110.915 32.215
-110.854 32.187
-110.847 32.181
-110.839 32.257
-110.764 32.185
-111.049 32.331
-110.815 32.307
-110.786 32.318
-110.918 32.156
-110.924 32.176
-110.937 32.160
-110.937 32.152
-111.067 32.355
-111.066 32.347
-111.044 31.790
-111.039 31.816
-111.040 31.850
-111.008 31.836
-111.011 31.854
-112.339 34.565
-112.302 34.560
-112.271 34.553
-112.252 34.557
-112.248 34.620
-112.020 34.735
-112.027 34.725
-110.969 32.208
-110.969 32.199
-110.969 32.192
-110.922 32.201
-110.914 32.198
-110.829 32.257
-110.835 32.247
-110.827 32.240
-111.033 32.330
-111.021 32.330
-111.004 32.330
-110.798 32.291
-110.790 32.274
-110.954 32.156
-110.949 32.171
-110.961 32.170
-111.048 32.348
-111.035 32.349
-111.038 32.341
-111.009 31.866
-111.986 34.708
-111.985 34.680
-111.958 34.672
-112.062 34.747
-112.036 34.743
-112.008 34.739
-112.057 34.774
-112.044 34.678
-111.688 34.690
-111.689 34.558
-111.689 34.441
-111.863 34.435
-111.929 34.584
-110.970 32.183
-110.973 32.223
-110.981 32.287
-110.906 32.267
-110.897 32.267
-110.897 32.255
-110.905 32.255
-110.829 32.232
-110.819 32.232
-110.820 32.224
-110.834 32.227
-110.986 32.330
-110.969 32.327
-110.782 32.262
-110.798 32.255
-110.728 32.237
-110.732 32.246
-110.973 32.171
-110.984 32.180
-111.054 32.341
-110.930 32.342
-110.960 32.345
-111.008 31.878
-111.003 31.892
-110.991 31.893
-111.893 34.633
-111.906 34.690
-111.898 34.759
-111.956 34.873
-113.323 35.523
-113.148 35.155
-112.834 35.186
-113.003 34.858
-112.704 34.830
-112.573 34.983
-112.557 35.146
-109.401 33.455
-109.196 33.426
-109.316 32.952
-109.192 33.089
-109.390 33.027
-109.311 33.041
-109.119 32.940
-110.981 32.277
-110.965 32.277
-110.971 32.269
-110.905 32.247
-110.897 32.247
-110.897 32.240
-110.905 32.240
-110.901 32.233
-110.835 32.218
-110.821 32.217
-110.821 32.210
-110.834 32.210
-110.985 32.321
-111.005 32.316
-111.022 32.315
-110.708 32.258
-110.755 32.258
-110.993 32.187
-111.004 32.190
-110.986 32.345
-111.004 32.344
-111.021 32.342
-111.034 31.909
-110.986 31.910
-111.020 31.942
-111.112 31.975
-110.972 31.990
-110.971 31.945
-110.954 31.881
-112.554 34.628
-112.570 34.686
-112.392 34.716
-109.149 32.679
-110.969 32.256
-110.962 32.258
-110.963 32.245
-110.964 32.238
-110.907 32.225
-110.892 32.225
-110.891 32.214
-110.835 32.203
-110.821 32.198
-111.038 32.318
-111.003 32.305
-110.985 32.314
-110.762 32.289
-110.747 32.277
-110.602 32.398
-111.001 32.203
-110.983 32.207
-111.021 32.355
-111.022 32.368
-110.982 31.889
-110.986 31.867
-111.008 31.806
-110.896 31.805
-112.441 34.746
-112.298 34.879
-112.129 34.799
-112.288 34.509
-112.216 34.532
-112.092 34.557
-112.492 34.474
-112.445 34.480
-112.413 34.441
-112.249 34.410
-111.940 34.291
-111.874 34.105
-110.966 32.226
-110.966 32.234
-110.901 32.211
-110.903 32.203
-110.899 32.199
-110.832 32.196
-110.832 32.188
-110.837 32.181
-110.986 32.300
-110.970 32.306
-111.128 32.125
-111.081 32.114
-110.991 32.216
-110.984 32.225
-111.004 32.359
-110.987 32.359
-110.969 32.356
-110.970 32.367
-110.778 32.096
-110.789 32.102
-110.797 32.109
-112.441 34.779
-112.468 34.783
-112.472 34.741
-112.509 34.762
-112.498 34.826
-111.791 34.902
-111.809 34.881
-111.848 34.891
-111.841 34.831
-111.793 34.845
-111.787 34.808
-111.814 34.771
-112.297 33.923
-112.329 34.028
-112.298 34.228
-112.503 34.239
-112.592 34.034
-112.723 34.274
-110.953 32.214
-110.953 32.192
-110.954 32.284
-110.957 32.276
-110.889 32.259
-110.881 32.260
-110.882 32.247
-110.890 32.242
-110.828 32.181
-110.817 32.185
-110.817 32.170
-110.969 32.293
-110.940 32.308
-110.927 32.304
-110.904 32.316
-111.082 32.140
-111.080 32.162
-111.047 32.155
-110.993 32.233
-111.010 32.221
-111.046 32.223
-111.037 32.200
-111.071 32.200
-110.988 32.374
-110.972 32.391
-110.806 32.112
-110.782 32.112
-110.945 32.038
-109.687 32.728
-109.452 32.672
-109.632 32.910
-109.646 32.948
-109.709 32.812
-109.726 32.823
-111.727 34.772
-112.472 34.552
-112.639 34.400
-112.889 34.469
-112.755 34.596
-113.159 34.610
-113.038 34.223
-110.948 32.276
-110.957 32.265
-110.948 32.267
-110.948 32.260
-110.952 32.254
-110.881 32.240
-110.888 32.233
-110.880 32.229
-110.834 32.170
-110.810 32.249
-110.818 32.247
-110.900 32.301
-110.909 32.282
-110.921 32.293
-110.954 32.290
-111.051 32.125
-111.050 32.111
-111.087 32.193
-111.087 32.183
-111.142 32.196
-111.132 32.163
-110.947 32.395
-111.013 32.384
-110.944 32.074
-110.925 32.101
-110.902 32.129
-109.751 32.825
-109.769 32.818
-109.732 32.978
-109.871 33.328
-109.724 32.811
-109.950 32.823
-109.801 32.843
-112.477 34.564
-112.477 34.579
-112.464 34.580
-112.459 34.591
-110.951 32.246
-110.949 32.238
-110.953 32.232
-110.882 32.216
-110.882 32.200
-110.888 32.203
-110.811 32.240
-110.800 32.240
-110.811 32.228
-110.954 32.300
-111.028 32.113
-111.030 32.127
-110.998 32.243
-111.014 32.242
-110.983 32.394
-110.950 32.417
-110.970 32.417
-110.893 32.149
-110.848 32.161
-109.802 32.690
-110.297 32.720
-109.985 33.074
-109.940 32.510
-110.224 33.089
-109.718 32.664
-112.443 34.593
-112.441 34.579
-110.952 32.225
-110.932 32.277
-110.940 32.273
-110.931 32.269
-110.931 32.261
-110.856 32.261
-110.868 32.257
-110.871 32.247
-110.803 32.233
-110.802 32.226
-110.794 32.228
-110.952 32.315
-110.952 32.329
-111.027 32.141
-111.034 32.155
-111.028 32.243
-111.027 32.256
-110.986 32.417
-111.003 32.417
-110.871 32.094
-110.824 32.086
-110.750 32.089
-112.458 34.564
-110.940 32.261
-110.940 32.254
-110.931 32.254
-110.931 32.247
-110.940 32.243
-110.859 32.247
-110.867 32.240
-110.867 32.233
-110.867 32.225
-110.797 32.212
-110.802 32.216
-110.811 32.214
-110.932 32.331
-110.916 32.329
-110.901 32.330
-111.017 32.165
-110.999 32.170
-111.013 32.264
-111.036 32.268
-111.054 32.272
-111.066 32.281
-111.041 32.299
-111.097 32.293
-111.129 32.264
-111.102 32.328
-111.078 32.336
-111.007 32.402
-110.995 32.403
-110.706 32.080
-110.687 32.069
-110.672 32.127
-110.755 32.142
-110.781 32.140
-110.884 31.956
-110.776 32.002
-110.738 31.902
-110.593 31.821
-110.586 32.019
-110.544 32.237
-111.505 32.394
-111.307 32.449
-111.216 32.421
-111.239 32.360
-112.458 34.548
-112.467 34.537
-112.472 34.526
-112.462 34.517
-112.451 34.529
-112.485 34.527
-112.064 33.059
-111.975 32.991
-112.042 33.008
-111.749 32.901
-111.740 32.931
-114.171 35.220
-114.266 35.157
-112.839 36.646
-113.037 36.973
-113.554 36.480
-114.047 35.136
-114.047 35.239
-114.020 35.227
-111.572 33.444
-111.533 33.448
-111.715 32.914
-111.722 32.967
-111.797 32.968
-111.651 35.202
-114.034 35.210
-114.033 35.198
-114.054 35.194
-114.321 34.645
-111.476 33.435
-111.520 33.415
-111.847 32.954
-111.709 32.887
-111.744 32.890
-111.744 32.883
-111.636 35.204
-111.641 35.215
-114.341 34.514
-114.472 34.772
-113.814 35.485
-114.032 35.953
-114.456 35.895
-113.655 35.725
-114.519 35.337
-111.555 33.415
-111.572 33.415
-111.572 33.401
-111.766 32.888
-111.735 32.872
-111.843 32.888
-111.634 32.958
-111.616 32.902
-111.597 32.815
-111.650 32.765
-111.794 32.804
-111.688 32.843
-111.126 32.463
-111.622 35.214
-111.623 35.203
-111.642 35.187
-114.001 35.242
-114.004 35.260
-114.024 35.247
-111.553 33.401
-111.535 33.401
-111.494 33.396
-111.526 33.365
-111.670 35.182
-111.661 35.193
-111.655 35.188
-111.659 35.190
-114.028 35.261
-114.052 35.293
-113.966 35.392
-114.570 34.851
-114.544 34.940
-113.436 35.378
-114.021 35.210
-114.493 35.182
-114.468 35.130
-111.561 33.386
-111.461 33.378
-111.674 35.213
-111.770 35.500
-111.662 35.226
-111.681 35.232
-111.480 35.460
-114.263 35.222
-114.596 35.091
-114.619 35.097
-111.459 33.363
-111.437 33.378
-111.410 33.370
-111.356 33.381
-111.300 33.258
-111.173 33.374
-111.029 33.365
-111.202 33.201
-111.484 33.290
-111.621 35.226
-111.614 35.183
-111.628 35.152
-111.655 35.176
-114.623 35.104
-114.017 35.261
-111.444 33.242
-111.555 33.241
-111.468 33.221
-111.465 33.198
-111.464 33.177
-111.548 35.226
-111.185 34.740
-111.656 34.900
-111.712 35.066
-111.708 35.094
-114.019 35.195
-114.586 35.106
-111.457 33.155
-111.556 33.143
-111.689 35.166
-111.671 35.171
-111.605 35.225
-114.624 35.114
-113.919 34.403
-114.345 34.500
-114.324 34.538
-111.572 33.152
-111.460 33.133
-110.980 33.154
-110.908 33.056
-110.985 33.037
-110.652 32.933
-111.589 35.227
-111.596 35.221
-111.602 35.213
-114.361 34.464
-114.354 34.486
-114.316 34.487
-110.589 32.713
-110.570 32.576
-110.841 32.548
-110.903 32.550
-110.927 32.673
-111.203 32.549
-111.662 32.602
-111.975 32.635
-112.080 32.820
-112.127 32.989
-111.193 32.916
-111.290 33.087
-111.427 33.020
-111.451 33.075
-111.574 35.237
-111.590 35.207
-111.589 35.191
-114.272 34.460
-114.277 34.489
-114.251 34.538
-114.309 34.454
-114.282 34.468
-111.549 32.739
-111.559 32.772
-111.401 32.695
-111.503 32.902
-111.582 35.204
-111.559 35.185
-111.658 35.182
-111.374 35.246
-111.030 35.304
-111.544 35.260
-110.952 34.499
-114.585 35.118
-114.606 35.114
-114.297 34.500
-114.327 34.470
-111.524 32.959
-111.497 32.995
-111.473 36.569
-111.628 36.371
-111.336 36.266
-111.342 36.094
-111.586 35.871
-112.071 36.020
-112.260 36.660
-111.809 36.825
-112.136 35.795
-111.656 35.137
-111.687 35.198
-114.297 34.486
-114.318 34.462
-114.364 34.517
-114.310 34.507
-114.294 34.477
-114.542 34.995
-111.549 32.995
-112.012 33.125
-111.806 33.157
-111.741 33.048
-111.590 33.176
-111.635 33.160
-111.609 33.053
-110.858 36.251
-110.873 35.931
-111.095 35.888
-111.177 36.249
-111.183 36.053
-111.343 36.798
-111.100 36.646
-110.975 35.508
-110.875 35.622
-111.369 35.334
-111.958 35.300
-111.760 34.950
-112.940 36.016
-112.733 35.664
-110.836 36.609
-110.987 36.391
-112.264 35.377
-111.003 36.914
-114.200 35.268
-111.930 32.862
-112.078 33.080
-111.460 36.890
-111.443 36.923
-111.220 36.134
-111.454 36.919
-112.192 35.113
-111.740 34.836
-111.997 33.074
-112.022 33.066
-112.039 33.065
-111.358 35.194
-111.450 36.972
-111.754 35.186
-112.542 36.865
-111.530 36.072
-112.170 36.248
-111.492 34.931
-111.119 35.073
-110.753 35.035
-111.815 35.233
-114.047 34.762
-113.554 34.727
-114.273 34.977
-113.829 35.081
-113.660 35.193
-114.606 34.990
-114.558 35.036
-114.574 35.068
-114.505 34.869
-114.371 35.583
-114.250 35.401
-114.077 35.229
-109.875 36.848
-109.593 36.918
-109.377 36.950
-109.364 36.795
-109.169 36.904
-109.627 36.668
-109.403 36.564
-109.147 36.629
-109.257 36.431
-109.842 36.483
-109.545 36.394
-109.919 36.274
-109.688 36.155
-109.480 36.173
-109.220 36.253
-109.807 36.023
-109.461 35.950
-109.156 35.999
-109.874 35.818
-109.603 35.801
-109.575 35.695
-109.705 35.626
-109.332 35.749
-109.119 35.778
-109.063 35.677
-109.144 35.615
-109.610 35.490
-109.555 35.336
-109.182 35.478
-109.274 35.294
-109.115 35.293
-109.705 35.009
-109.331 35.080
-109.288 34.699
-109.324 34.436
-109.684 34.593
-109.704 33.819
-109.633 34.201
-109.272 34.263
-109.285 33.814
-109.193 33.955
-109.191 34.071
-109.479 33.992
-109.371 33.974
-109.130 34.135
-112.129 33.606
-112.125 33.614
-112.140 33.614
-112.122 33.621
-112.095 33.575
-112.320 33.428
-112.087 33.575
-112.087 33.560
-112.095 33.560
-111.982 33.357
-112.003 33.338
-111.985 33.298
-112.057 33.557
-112.048 33.565
-112.127 33.576
-112.143 33.513
-112.143 33.520
-111.922 33.473
-112.211 33.603
-112.226 33.602
-112.212 33.664
-112.220 33.645
-112.277 33.573
-111.951 33.608
-111.956 33.619
-111.948 33.619
-112.195 33.661
-112.178 33.578
-111.965 33.633
-111.713 33.300
-112.296 33.625
-112.106 33.500
-111.664 33.641
-111.743 33.574
-112.187 33.558
-112.199 33.560
-112.249 33.565
-112.207 33.560
-112.205 33.545
-111.750 33.400
-112.037 33.520
-112.022 33.630
-112.009 33.634
-112.002 33.626
-111.895 33.559
-111.897 33.569
-111.848 33.575
-111.830 33.575
-112.011 33.298
-112.002 33.298
-112.078 33.531
-112.074 33.542
-112.408 33.646
-111.866 33.396
-111.810 33.430
-111.797 33.433
-111.753 33.431
-111.762 33.412
-112.797 33.829
-112.880 33.974
-112.143 33.585
-111.934 33.632
-111.946 33.429
-111.946 33.418
-111.925 33.429
-111.929 33.418
-111.854 33.635
-111.905 33.663
-111.781 33.328
-111.797 33.363
-111.744 33.358
-112.373 33.470
-112.470 33.439
-112.122 33.603
-112.160 33.502
-112.143 33.502
-111.907 33.618
-111.900 33.589
-112.108 33.566
-111.868 33.353
-111.866 33.361
-111.850 33.353
-111.855 33.365
-111.978 33.310
-111.933 33.507
-111.921 33.508
-111.921 33.528
-112.079 33.298
-112.169 33.291
-112.220 33.616
-112.160 33.723
-112.286 33.584
-112.286 33.573
-112.301 33.573
-111.832 33.366
-112.069 33.563
-112.300 33.482
-112.350 33.468
-111.918 33.462
-111.918 33.455
-112.106 33.507
-112.197 33.520
-112.120 33.503
-111.965 33.429
-111.987 33.402
-111.715 33.603
-111.715 33.629
-112.235 33.545
-112.262 33.616
-112.238 33.587
-112.003 33.616
-112.119 33.546
-112.096 33.647
-112.092 33.633
-112.103 33.647
-112.249 33.605
-112.082 33.370
-112.108 33.394
-112.103 33.362
-112.136 33.358
-111.801 33.444
-111.792 33.444
-111.866 33.382
-111.881 33.384
-112.007 33.330
-112.074 33.630
-111.946 33.411
-111.913 33.418
-111.918 33.413
-111.934 33.411
-111.905 33.418
-111.896 33.418
-111.911 33.678
-111.878 33.665
-111.713 33.343
-111.696 33.372
-111.714 33.373
-112.390 33.446
-112.413 33.452
-112.393 33.412
-111.918 33.586
-111.987 33.491
-111.987 33.484
-111.971 33.487
-111.980 33.473
-111.847 33.362
-111.886 33.331
-111.885 33.342
-111.903 33.342
-111.868 33.345
-111.909 33.513
-112.130 33.651
-112.120 33.648
-112.124 33.633
-112.130 33.643
-111.937 33.591
-111.950 33.601
-112.037 33.513
-112.037 33.504
-111.913 33.488
-112.144 33.575
-112.128 33.557
-112.139 33.562
-111.816 33.353
-111.819 33.386
-111.797 33.382
-112.160 33.462
-112.242 33.475
-111.933 33.462
-111.594 33.419
-111.914 33.756
-111.949 33.672
-111.965 33.418
-111.963 33.411
-111.973 33.393
-112.195 33.451
-112.217 33.452
-112.255 33.439
-112.181 33.550
-112.180 33.564
-112.160 33.549
-112.173 33.557
-112.220 33.674
-111.966 33.369
-111.957 33.382
-111.960 33.364
-111.974 33.356
-112.069 33.407
-111.981 33.505
-111.968 33.497
-111.865 33.590
-111.851 33.589
-111.843 33.594
-112.505 33.392
-112.164 33.632
-111.874 33.371
-111.885 33.376
-111.857 33.389
-112.394 33.668
-112.191 33.470
-112.115 33.491
-111.954 33.400
-111.937 33.331
-111.918 33.409
-111.901 33.411
-111.933 33.404
-111.873 33.712
-111.853 33.744
-111.729 33.771
-111.926 33.734
-111.908 33.790
-111.952 33.760
-111.713 33.388
-111.697 33.401
-111.641 33.358
-112.516 33.447
-112.530 33.428
-112.349 33.778
-112.447 33.728
-112.657 33.689
-112.003 33.485
-112.321 33.618
-112.304 33.591
-111.867 33.338
-111.868 33.332
-111.848 33.341
-111.855 33.345
-111.850 33.331
-112.036 33.598
-112.019 33.608
-112.017 33.619
-111.941 33.561
-111.905 33.486
-111.905 33.497
-111.896 33.498
-112.309 33.468
-112.443 33.410
-112.447 33.486
-112.513 33.504
-112.104 33.440
-112.109 33.471
-112.126 33.457
-112.126 33.471
-112.207 33.420
-112.061 33.566
-111.885 33.611
-112.015 33.407
-112.274 33.603
-112.273 33.613
-112.256 33.458
-112.026 33.597
-112.081 33.455
-111.797 33.580
-112.160 33.564
-112.160 33.557
-112.232 33.675
-112.229 33.531
-112.246 33.530
-112.359 33.454
-112.074 33.520
-112.090 33.521
-112.178 33.683
-112.143 33.676
-111.960 33.511
-111.947 33.633
-111.935 33.617
-112.050 33.520
-112.050 33.513
-112.375 33.501
-112.370 33.488
-112.061 33.651
-112.199 33.470
-111.849 33.382
-111.857 33.375
-111.865 33.370
-112.232 33.687
-112.245 33.660
-112.091 33.618
-111.933 33.399
-111.933 33.395
-111.939 33.389
-111.948 33.389
-111.959 33.390
-111.919 33.404
-111.715 33.893
-111.670 33.726
-111.999 33.690
-111.989 33.676
-111.652 33.354
-111.672 33.354
-111.627 33.357
-111.627 33.372
-113.042 33.576
-112.782 33.420
-112.649 33.555
-112.704 33.512
-112.652 33.391
-112.328 33.572
-112.016 33.593
-112.016 33.586
-112.002 33.592
-111.884 33.324
-111.912 33.331
-111.885 33.313
-111.902 33.324
-111.868 33.325
-111.949 33.544
-111.970 33.553
-112.207 33.574
-112.208 33.588
-112.221 33.585
-112.220 33.592
-112.221 33.575
-112.014 33.251
-111.880 33.242
-111.884 33.226
-112.281 33.470
-112.178 33.477
-112.195 33.477
-112.178 33.470
-112.065 33.491
-112.061 33.484
-112.158 33.591
-112.160 33.604
-112.171 33.603
-111.884 33.623
-112.091 33.444
-112.078 33.436
-112.108 33.422
-112.284 33.611
-112.107 33.484
-112.096 33.470
-111.755 33.634
-111.822 33.610
-112.264 33.528
-112.212 33.531
-112.179 33.540
-112.161 33.666
-113.108 33.799
-113.209 33.414
-112.135 33.441
-112.117 33.440
-111.939 33.473
-111.660 33.212
-111.952 33.476
-112.003 33.608
-112.214 33.475
-112.024 33.298
-111.982 33.516
-111.887 33.369
-111.898 33.373
-112.525 33.873
-111.795 33.417
-112.108 33.607
-112.103 33.617
-112.080 33.616
-111.865 33.608
-111.913 33.398
-111.905 33.400
-111.896 33.400
-111.921 33.397
-111.931 33.389
-111.922 33.389
-111.913 33.389
-111.984 33.735
-112.062 33.749
-111.610 33.364
-111.593 33.364
-111.617 33.383
-112.444 33.347
-112.441 33.331
-112.382 33.186
-112.411 33.258
-112.004 33.581
-112.030 33.586
-112.108 33.700
-112.091 33.673
-112.147 33.467
-112.139 33.468
-111.850 33.324
-111.850 33.317
-111.833 33.324
-111.821 33.345
-112.033 33.574
-112.117 33.557
-112.121 33.564
-112.128 33.566
-111.959 33.329
-112.003 33.601
-112.016 33.601
-111.816 33.332
-112.333 33.630
-112.050 33.495
-112.065 33.476
-112.078 33.488
-112.178 33.614
-112.193 33.619
-112.160 33.618
-111.646 33.439
-112.385 33.691
-112.346 33.700
-112.569 33.719
-112.219 33.718
-112.255 33.700
-112.031 33.623
-111.723 33.618
-111.737 33.603
-111.752 33.590
-111.987 33.389
-111.986 33.381
-112.157 33.532
-112.208 33.675
-112.192 33.535
-111.933 33.605
-112.160 33.542
-112.247 33.674
-112.588 33.413
-112.398 33.359
-112.143 33.457
-112.285 33.660
-112.022 33.516
-112.020 33.526
-111.998 33.525
-112.216 33.689
-112.078 33.407
-112.118 33.517
-111.784 33.412
-111.844 33.411
-111.851 33.398
-111.818 33.398
-111.810 33.399
-111.834 33.585
-111.788 33.666
-111.844 33.624
-111.899 33.578
-111.901 33.389
-111.887 33.388
-111.988 33.372
-111.953 33.372
-111.984 33.786
-111.988 33.756
-111.611 33.396
-111.594 33.411
-111.611 33.415
-111.647 33.415
-112.083 33.697
-112.087 33.662
-112.096 33.662
-111.913 33.473
-111.905 33.473
-111.896 33.488
-111.815 33.339
-111.941 33.298
-111.937 33.314
-111.959 33.308
-111.977 33.341
-111.980 33.329
-112.144 33.595
-112.328 33.644
-112.330 33.654
-112.296 33.537
-112.281 33.558
-111.989 33.608
-111.618 33.424
-111.603 33.455
-112.160 33.643
-112.147 33.645
-112.321 33.675
-112.441 33.609
-112.349 33.515
-112.180 33.484
-111.590 33.393
-111.620 33.401
-111.641 33.401
-111.624 33.411
-111.957 33.461
-111.971 33.449
-111.981 33.458
-112.264 33.569
-112.259 33.501
-112.207 33.517
-112.216 33.516
-112.085 33.506
-112.092 33.499
-112.096 33.506
-112.037 33.497
-112.021 33.504
-112.036 33.531
-111.957 33.485
-112.124 33.676
-112.112 33.584
-112.104 33.584
-112.249 33.729
-112.130 33.488
-111.887 33.417
-111.815 33.408
-111.812 33.419
-111.984 33.315
-111.805 33.412
-111.792 33.427
-112.106 33.542
-112.102 33.513
-112.065 33.468
-112.006 33.513
-112.264 33.403
-111.935 33.382
-111.937 33.371
-112.179 33.382
-111.918 33.382
-111.901 33.382
-111.781 33.226
-111.695 33.280
-111.722 33.286
-111.728 33.271
-111.628 33.401
-111.672 33.419
-111.625 33.445
-112.160 33.385
-112.188 33.362
-112.329 33.347
-111.931 33.298
-111.919 33.312
-111.920 33.322
-111.935 33.324
-112.125 33.593
-112.121 33.586
-112.130 33.586
-112.177 33.585
-112.291 33.644
-112.040 33.648
-112.027 33.648
-112.022 33.659
-111.671 33.235
-111.982 33.619
-112.040 33.662
-112.160 33.651
-112.143 33.636
-112.093 33.817
-112.188 33.902
-112.070 33.953
-111.930 33.484
-111.883 33.593
-111.885 33.601
-112.197 33.484
-112.243 33.646
-112.254 33.645
-112.017 33.488
-111.670 33.265
-112.208 33.488
-112.220 33.488
-112.073 33.385
-112.125 33.394
-112.065 33.457
-112.056 33.464
-112.047 33.469
-112.199 33.513
-112.186 33.528
-112.178 33.517
-112.165 33.530
-112.272 33.671
-112.212 33.497
-112.139 33.643
-112.039 33.408
-112.143 33.477
-111.956 33.633
-111.953 33.644
-112.177 33.655
-111.991 33.580
-112.147 33.488
-112.001 33.308
-112.045 33.533
-111.913 33.506
-112.136 33.621
-111.780 33.426
-111.779 33.434
-111.779 33.419
-111.802 33.400
-111.848 33.441
-111.908 33.713
-112.043 33.477
-112.189 33.727
-112.038 33.635
-111.907 33.373
-111.957 33.355
-111.937 33.356
-111.924 33.375
-111.709 33.269
-111.703 33.256
-111.705 33.233
-111.656 33.459
-111.675 33.482
-112.228 33.417
-112.170 33.428
-112.142 33.394
-112.290 33.428
-111.898 33.313
-111.907 33.313
-111.894 33.298
-111.868 33.302
-111.872 33.313
-112.164 33.586
-112.179 33.595
-112.160 33.578
-111.610 33.259
-111.932 33.491
-112.022 33.680
-111.971 33.712
-111.865 33.601
-112.078 33.663
-111.935 33.579
-111.911 33.567
-112.006 33.492
-112.132 33.549
-112.145 33.549
-112.147 33.559
-112.056 33.385
-112.060 33.367
-111.969 33.622
-111.969 33.615
-111.937 33.498
-111.997 33.460
-112.009 33.456
-112.095 33.535
-112.095 33.528
-112.229 33.516
-112.209 33.505
-112.215 33.502
-112.195 33.506
-112.190 33.516
-112.373 32.558
-111.714 33.401
-112.034 33.544
-112.160 33.659
-112.140 33.629
-112.156 33.632
-112.022 33.637
-112.142 33.580
-112.229 33.761
-111.914 33.549
-111.836 33.444
-111.848 33.434
-111.762 33.397
-111.797 33.390
-111.794 33.401
-111.942 33.443
-111.970 33.476
-112.018 33.648
-112.009 33.664
-111.920 33.368
-111.915 33.375
-111.904 33.366
-111.950 33.342
-111.924 33.360
-111.741 33.243
-111.757 33.282
-111.651 33.485
-112.384 33.644
-112.333 33.602
-112.344 33.428
-112.306 33.449
-112.047 33.298
-111.863 33.313
-111.850 33.310
-111.850 33.297
-112.361 33.671
-111.882 33.579
-111.864 33.571
-112.050 33.526
-112.052 33.533
-112.065 33.527
-112.065 33.535
-111.920 33.498
-111.781 33.212
-112.242 33.500
-111.982 33.576
-111.978 33.755
-112.308 33.653
-112.125 33.697
-112.160 33.517
-112.061 33.644
-112.046 33.580
-112.423 33.666
-112.053 33.648
-112.022 33.474
-112.009 33.477
-111.948 33.483
-111.952 33.496
-112.259 33.712
-111.870 33.283
-113.039 33.147
-112.554 33.046
-112.761 33.273
-112.600 33.364
-112.489 33.317
-112.178 33.506
-112.281 33.515
-112.133 33.543
-112.144 33.542
-112.087 33.531
-112.085 33.546
-111.694 33.388
-112.302 33.723
-111.989 33.473
-111.991 33.517
-111.917 33.604
-112.103 33.456
-112.070 33.661
-111.920 33.560
-111.934 33.455
-111.846 33.211
-111.875 33.613
-111.781 33.395
-111.780 33.404
-111.727 33.415
-111.800 33.426
-112.244 33.599
-112.246 33.593
-112.298 33.558
-112.256 33.587
-111.920 33.353
-111.916 33.360
-111.920 33.342
-112.085 33.593
-111.662 33.372
-111.781 33.298
-111.765 33.314
-111.747 33.307
-112.326 33.635
-112.377 33.617
-112.387 33.607
-112.368 33.579
-112.041 33.312
-112.073 33.312
-112.074 33.335
-112.375 33.665
-112.363 33.644
-112.407 33.663
-112.057 33.541
-111.747 33.414
-111.741 33.418
-111.737 33.429
-111.609 33.314
-111.968 33.588
-111.987 33.597
-111.971 33.608
-111.969 33.601
-112.141 33.705
-112.163 33.705
-112.169 33.766
-112.031 33.471
-112.059 33.593
-112.060 33.577
-112.261 33.657
-112.266 33.662
-112.267 33.646
-112.276 33.660
-111.752 33.459
-111.697 33.478
-111.713 33.472
-112.357 33.029
-112.851 32.750
-112.719 32.963
-111.800 33.373
-112.095 33.546
-112.004 33.506
-112.002 33.499
-112.019 33.497
-111.781 33.468
-111.991 33.619
-112.050 33.681
-112.057 33.659
-112.057 33.666
-112.120 33.662
-112.133 33.663
-112.139 33.655
-112.086 33.397
-112.095 33.395
-112.087 33.513
-111.810 33.460
-111.766 33.429
-111.762 33.419
-111.763 33.445
-111.776 33.412
-111.987 33.340
-112.231 33.565
-111.769 33.478
-112.045 33.711
-111.721 33.314
-111.701 33.324
-111.738 33.329
-112.352 33.625
-112.350 33.616
-112.025 33.317
-112.018 33.310
-112.056 33.312
-112.391 33.677
-112.371 33.678
-111.837 33.313
-111.833 33.299
-112.105 33.520
-112.285 33.691
-112.119 33.528
-112.106 33.531
-112.325 33.661
-112.339 33.665
-112.195 33.575
-112.194 33.585
-112.244 33.689
-112.044 33.484
-112.346 33.677
-112.074 33.575
-112.089 33.607
-112.067 33.612
-112.258 33.684
-112.047 33.457
-112.029 33.459
-112.005 33.433
-111.640 33.477
-111.342 33.547
-112.074 33.513
-112.061 33.516
-112.423 33.646
-111.786 33.371
-111.798 33.343
-111.790 33.354
-111.781 33.361
-111.779 33.455
-111.784 33.444
-111.796 33.456
-112.009 33.571
-112.049 33.425
-112.061 33.439
-112.190 33.491
-112.148 33.660
-111.934 33.522
-111.958 33.524
-112.393 33.654
-111.848 33.426
-111.864 33.427
-111.762 33.404
-111.774 33.390
-111.775 33.443
-111.736 33.445
-111.719 33.459
-111.905 33.529
-111.908 33.691
-112.006 33.321
-112.178 33.607
-112.133 33.870
-112.111 33.865
-111.850 33.226
-111.867 33.225
-111.798 33.212
-111.815 33.226
-112.368 33.629
-112.400 33.631
-112.422 33.632
-112.026 33.488
-112.036 33.488
-111.916 33.823
-111.942 33.921
-111.961 33.778
-112.064 33.784
-112.044 33.839
-111.832 33.905
-112.246 33.630
-111.798 33.325
-111.816 33.317
-111.828 33.313
-111.816 33.324
-112.091 33.484
-112.092 33.491
-112.106 33.491
-112.234 33.498
-112.225 33.502
-112.233 33.506
-112.223 33.467
-112.245 33.484
-112.261 33.471
-112.281 33.501
-112.349 33.664
-112.005 33.550
-111.764 33.212
-111.764 33.226
-112.048 33.607
-112.247 33.616
-112.043 33.389
-112.035 33.370
-112.050 33.443
-112.046 33.615
-112.283 33.833
-112.106 33.553
-112.278 33.646
-112.294 33.665
-112.119 33.535
-112.130 33.531
-111.764 33.355
-111.765 33.366
-111.777 33.372
-112.019 33.578
-112.148 33.569
-112.160 33.571
-112.364 33.442
-112.342 33.445
-112.195 33.499
-112.118 33.298
-112.004 33.469
-112.154 33.688
-112.348 33.649
-112.315 33.602
-111.980 33.323
-111.863 33.416
-111.880 33.413
-111.829 33.419
-111.835 33.405
-111.827 33.407
-111.701 33.413
-111.676 33.398
-111.660 33.383
-112.195 33.605
-112.194 33.593
-112.111 33.619
-112.108 33.633
-112.081 33.603
-112.092 33.858
-112.110 33.848
-111.828 33.241
-111.817 33.255
-111.852 33.241
-112.457 33.631
-112.406 33.588
-112.444 33.573
-112.264 33.634
-112.263 33.627
-112.295 33.634
-111.919 33.298
-111.868 33.293
-111.816 33.277
-112.236 33.503
-112.232 33.487
-112.177 33.621
-112.177 33.632
-112.194 33.632
-111.673 33.412
-111.663 33.401
-111.654 33.401
-111.650 33.390
-111.847 33.373
-112.176 33.496
-112.160 33.491
-112.156 33.483
-112.164 33.482
-112.034 33.389
-112.013 33.389
-112.005 33.648
-111.991 33.648
-112.268 33.597
-112.285 33.591
-112.288 33.598
-112.078 33.470
-112.087 33.469
-112.138 33.532
-112.145 33.528
-112.147 33.535
-111.763 33.375
-111.778 33.383
-111.718 33.358
-111.730 33.374
-111.905 33.459
-111.896 33.460
-111.896 33.473
-112.130 33.502
-112.432 33.646
-111.775 33.715
-111.844 33.788
-112.178 33.571
-111.794 33.520
-111.704 33.493
-111.751 33.473
-111.829 33.457
-111.997 33.315
-111.993 33.327
-111.827 33.397
-111.836 33.386
-111.830 33.434
-111.832 33.427
-111.827 33.444
-111.818 33.430
-111.701 33.420
-111.725 33.431
-111.710 33.434
-111.710 33.426
-111.694 33.428
-111.930 33.473
-112.250 33.490
-112.107 33.662
-112.109 33.600
-111.866 33.578
-112.128 33.853
-112.141 33.852
-111.852 33.255
-111.878 33.257
-111.867 33.258
-111.850 33.269
-112.335 33.510
-112.350 33.529
-112.380 33.531
-112.076 33.502
-112.065 33.499
-112.055 33.506
-111.971 33.574
-111.816 33.299
-111.797 33.298
-111.802 33.241
-111.987 33.630
-111.973 33.633
-111.991 33.637
-111.969 33.647
-112.076 33.636
-112.074 33.644
-112.087 33.647
-112.074 33.651
-112.299 33.505
-112.136 33.600
-112.143 33.607
-112.147 33.619
-112.226 33.629
-111.994 33.658
-111.982 33.648
-112.071 33.552
-112.445 33.646
-111.662 33.310
-111.622 33.229
-111.989 33.500
-112.069 33.622
-112.053 33.620
-111.747 33.372
-111.746 33.387
-111.747 33.343
-111.696 33.358
-111.942 33.791
-112.192 33.646
-111.846 33.451
-111.874 33.435
-111.898 33.429
-112.250 33.313
-112.195 33.675
-111.818 33.445
-111.810 33.443
-111.868 33.404
-111.881 33.404
-111.879 33.397
-111.888 33.399
-111.693 33.435
-111.668 33.430
-111.710 33.445
-112.110 33.647
-112.052 33.477
-111.764 33.343
-112.361 33.655
-111.872 33.211
-112.148 33.837
-112.113 33.810
-111.813 33.576
-111.871 33.621
-111.720 33.585
-111.876 33.272
-111.850 33.282
-111.885 33.284
-112.440 33.530
-112.408 33.477
-112.387 33.487
-111.943 33.571
-111.953 33.585
-111.903 33.357
-111.886 33.353
-111.886 33.360
-111.777 33.251
-111.992 33.350
-112.047 33.544
-112.043 33.553
-112.057 33.550
-112.280 33.488
-112.322 33.526
-112.127 33.513
-112.130 33.520
-112.209 33.631
-112.227 33.660
-112.211 33.657
-112.078 33.560
-112.220 33.704
-112.189 33.705
-111.719 33.213
-111.824 33.212
-112.054 33.632
-112.033 33.612
-111.571 33.812
-111.764 33.328
-112.160 33.475
-112.953 33.396
-112.701 33.412
-111.781 33.343
-111.761 33.387
-112.056 33.406
-111.727 33.404
-111.741 33.402
-111.730 33.390
-111.918 33.444
-111.900 33.506
-111.896 33.517
-111.897 33.532
-111.898 33.545
-112.199 33.690
-111.912 33.530
-111.908 33.520
-112.296 33.610
-112.274 33.627
-112.283 33.626
-111.854 33.407
-111.675 33.447
-111.693 33.441
-111.693 33.448
-111.693 33.459
-111.889 33.211
-111.880 33.211
-111.863 33.211
-111.854 33.211
-111.427 33.752
-111.679 33.372
-111.761 33.619
-111.786 33.606
-111.908 33.644
-111.867 33.643
-111.799 33.308
-111.814 33.310
-111.833 33.334
-111.837 33.351
-111.816 33.368
-112.356 33.490
-112.334 33.487
-112.336 33.477
-112.331 33.468
-110.328 36.353
-110.107 36.358
-110.060 36.193
-110.170 35.002
-110.233 36.095
-110.089 36.031
-110.561 36.140
-109.971 34.266
-109.974 35.058
-110.022 33.922
-110.674 35.874
-110.541 35.772
-110.369 35.818
-110.265 35.788
-110.463 34.140
-110.069 35.938
-109.905 33.867
-110.091 35.774
-110.138 35.591
-110.506 35.500
-110.647 35.262
-110.409 35.304
-110.105 35.333
-109.911 35.422
-110.711 35.029
-110.733 35.101
-110.694 35.100
-110.587 34.977
-110.708 34.894
-110.103 34.235
-109.948 34.122
-109.897 34.125
-109.935 34.085
-110.006 34.173
-110.059 34.564
-110.283 34.641
-110.065 34.190
-110.068 34.302
-110.163 34.297
-109.927 34.375
-109.999 34.443
-109.939 34.573
-110.592 34.504
-109.992 34.740
-109.988 34.884
-110.207 34.844
-110.296 34.362
-110.148 34.429
-110.617 36.654
-110.373 36.822
-110.224 36.745
-110.088 36.629
-109.904 34.199
-110.363 34.981
