-108.888 37.994
-102.155 37.349
-107.322 37.910
-107.311 37.536
-107.059 38.056
-106.015 38.528
-106.274 38.839
-106.268 38.763
-106.155 38.841
-106.131 40.459
-106.441 40.909
-106.460 40.505
-106.080 40.639
-106.488 40.734
-106.124 38.829
-106.281 38.956
-106.055 38.556
-106.196 38.535
-105.985 38.525
-105.995 38.531
-106.002 38.539
-106.000 38.531
-105.982 38.625
-106.146 38.726
-106.000 38.490
-104.508 39.525
-104.571 39.387
-104.371 39.280
-104.543 39.441
-104.614 39.301
-104.633 39.382
-104.157 39.208
-104.450 39.197
-104.595 39.197
-104.547 39.347
-104.615 39.536
-104.330 39.405
-103.969 39.436
-104.638 39.417
-105.505 39.869
-105.430 39.891
-105.575 39.906
-105.450 39.839
-105.503 39.787
-105.537 39.831
-103.875 39.064
-104.615 39.460
-104.594 39.493
-104.602 39.363
-108.030 38.754
-108.062 38.736
-108.059 38.741
-108.030 38.715
-108.234 38.720
-108.077 38.743
-107.636 38.723
-107.603 38.834
-107.592 39.003
-107.590 38.869
-107.984 38.969
-107.932 38.912
-107.861 38.934
-107.918 38.736
-107.773 38.918
-107.978 38.851
-108.183 38.812
-107.707 38.780
-107.935 38.886
-108.002 38.803
-105.163 38.898
-105.121 39.078
-105.059 39.010
-102.149 38.162
-102.329 37.957
-105.055 39.001
-105.036 38.988
-102.310 40.976
-102.159 40.881
-102.364 40.860
-102.556 40.876
-102.507 38.067
-102.606 38.082
-102.678 37.856
-102.624 38.086
-102.547 38.099
-102.692 38.087
-102.514 37.847
-102.131 37.847
-105.090 38.982
-105.070 38.923
-105.188 38.990
-105.272 39.039
-105.279 38.890
-105.264 38.783
-105.168 38.765
-105.057 38.714
-102.272 40.995
-102.551 38.183
-102.695 38.175
-102.618 38.077
-104.734 39.895
-104.935 39.698
-104.903 39.625
-104.692 39.856
-104.896 39.756
-104.753 39.783
-106.128 37.695
-106.281 37.707
-106.622 37.610
-106.145 37.574
-106.159 37.613
-106.135 37.579
-106.188 37.449
-106.319 37.632
-105.047 39.676
-105.057 39.678
-105.031 39.676
-105.032 39.670
-105.047 39.723
-105.048 39.718
-105.044 39.713
-105.031 39.722
-105.041 39.776
-105.035 39.773
-105.028 39.774
-105.020 39.776
-104.985 39.752
-104.977 39.738
-104.975 39.743
-104.981 39.745
-104.984 39.737
-104.876 39.706
-104.878 39.704
-104.872 39.702
-104.868 39.707
-104.885 39.752
-104.976 39.749
-104.971 39.753
-104.964 39.752
-104.962 39.742
-105.005 39.674
-105.020 39.675
-105.046 39.670
-105.030 39.715
-105.017 39.713
-104.998 39.719
-104.994 39.713
-105.049 39.773
-105.045 39.771
-105.049 39.766
-105.037 39.766
-105.032 39.766
-104.984 39.743
-104.975 39.735
-104.979 39.735
-104.983 39.732
-104.983 39.729
-104.979 39.732
-104.975 39.730
-104.843 39.795
-104.840 39.790
-104.836 39.781
-104.953 39.749
-104.970 39.746
-104.936 39.753
-104.936 39.749
-105.084 39.616
-105.040 39.664
-105.049 39.665
-104.991 39.717
-104.984 39.717
-104.984 39.721
-104.984 39.713
-104.975 39.716
-105.027 39.765
-105.021 39.772
-105.023 39.764
-105.018 39.763
-104.934 39.742
-104.927 39.744
-104.936 39.746
-104.927 39.753
-104.927 39.749
-104.826 39.783
-104.821 39.776
-104.895 39.751
-104.951 39.742
-104.944 39.742
-104.971 39.738
-104.967 39.738
-104.962 39.738
-104.957 39.738
-104.951 39.738
-105.031 39.665
-105.021 39.664
-105.072 39.664
-104.977 39.719
-104.979 39.717
-104.966 39.713
-105.030 39.706
-105.043 39.765
-105.049 39.760
-105.039 39.760
-105.030 39.760
-105.047 39.757
-104.920 39.746
-104.928 39.734
-104.928 39.738
-104.937 39.737
-104.970 39.733
-104.971 39.735
-104.907 39.758
-104.908 39.774
-104.945 39.738
-104.970 39.700
-104.971 39.709
-104.962 39.703
-104.963 39.697
-104.963 39.693
-105.077 39.665
-105.065 39.665
-105.042 39.708
-105.050 39.705
-105.002 39.700
-105.038 39.757
-105.030 39.757
-105.046 39.749
-105.037 39.750
-104.966 39.736
-104.962 39.732
-104.971 39.729
-104.951 39.731
-104.962 39.735
-104.826 39.791
-104.852 39.781
-104.756 39.772
-104.966 39.689
-104.955 39.690
-104.950 39.686
-104.872 39.672
-104.869 39.666
-104.864 39.654
-105.059 39.659
-105.064 39.656
-105.013 39.705
-105.020 39.708
-104.991 39.708
-104.978 39.713
-105.030 39.753
-105.039 39.740
-105.050 39.740
-104.958 39.735
-104.953 39.735
-104.945 39.735
-104.944 39.731
-104.978 39.729
-104.936 39.733
-104.826 39.796
-104.884 39.783
-104.834 39.788
-104.812 39.795
-104.954 39.694
-104.752 39.790
-104.945 39.692
-104.938 39.688
-104.935 39.683
-104.740 39.793
-104.897 39.656
-105.010 39.691
-105.067 39.617
-105.058 39.665
-105.046 39.657
-105.050 39.660
-105.038 39.657
-104.975 39.709
-105.039 39.703
-104.900 39.718
-105.020 39.700
-105.030 39.748
-105.044 39.738
-104.983 39.725
-104.976 39.722
-104.976 39.726
-104.967 39.727
-104.793 39.780
-104.815 39.779
-104.765 39.775
-104.936 39.693
-104.927 39.693
-104.925 39.686
-104.931 39.686
-106.237 37.643
-106.081 37.604
-106.452 37.577
-106.154 37.580
-106.153 37.574
-106.143 37.583
-105.020 39.686
-104.890 39.656
-104.881 39.655
-104.872 39.657
-105.029 39.661
-105.063 39.652
-105.043 39.645
-104.885 39.699
-104.885 39.758
-105.034 39.699
-105.048 39.696
-105.050 39.731
-105.020 39.750
-104.960 39.726
-104.968 39.724
-104.955 39.724
-104.947 39.727
-104.936 39.775
-104.923 39.777
-104.928 39.678
-104.765 39.788
-104.970 39.683
-105.085 39.630
-104.916 39.645
-104.926 39.649
-104.925 39.656
-105.057 39.649
-105.064 39.641
-105.031 39.631
-105.034 39.695
-105.020 39.695
-105.003 39.694
-105.043 39.730
-105.011 39.780
-105.007 39.787
-105.007 39.713
-104.991 39.777
-104.936 39.728
-104.928 39.729
-104.943 39.723
-104.965 39.719
-104.926 39.766
-104.915 39.765
-104.916 39.760
-104.925 39.758
-104.916 39.757
-104.963 39.682
-104.969 39.676
-104.765 39.780
-104.952 39.683
-104.912 39.649
-104.909 39.643
-105.046 39.684
-105.039 39.630
-105.043 39.636
-105.050 39.635
-104.988 39.693
-104.987 39.701
-104.981 39.708
-105.002 39.776
-105.004 39.765
-104.952 39.720
-104.947 39.714
-104.955 39.713
-104.918 39.749
-104.914 39.753
-104.908 39.749
-104.910 39.746
-104.957 39.675
-104.952 39.679
-104.949 39.672
-104.955 39.670
-105.623 37.210
-105.568 37.072
-105.298 37.062
-105.239 37.182
-105.440 37.198
-105.346 37.248
-105.299 37.452
-105.538 37.422
-104.917 39.657
-104.903 39.650
-104.891 39.650
-105.102 39.633
-105.090 39.633
-105.099 39.627
-104.976 39.703
-104.980 39.699
-104.977 39.694
-104.984 39.688
-104.979 39.788
-104.968 39.781
-104.944 39.714
-104.938 39.722
-104.933 39.721
-104.926 39.722
-104.918 39.742
-104.908 39.742
-104.900 39.745
-104.890 39.744
-104.943 39.679
-104.943 39.671
-104.937 39.675
-104.891 39.645
-104.882 39.649
-104.883 39.643
-104.901 39.644
-105.106 39.628
-105.034 39.729
-105.021 39.733
-104.864 39.760
-104.986 39.684
-104.950 39.787
-104.999 39.757
-104.966 39.770
-104.936 39.714
-104.926 39.715
-104.918 39.715
-104.918 39.720
-104.918 39.737
-104.742 39.772
-104.918 39.731
-104.745 39.777
-104.812 39.786
-104.970 39.670
-104.962 39.673
-104.898 39.641
-104.889 39.640
-104.891 39.633
-105.030 39.732
-105.031 39.740
-104.994 39.678
-104.976 39.687
-104.983 39.680
-105.010 39.775
-105.011 39.771
-105.012 39.766
-104.904 39.714
-104.908 39.722
-104.908 39.729
-104.908 39.737
-104.918 39.727
-104.919 39.723
-104.950 39.776
-104.955 39.769
-104.963 39.666
-104.957 39.664
-104.965 39.663
-105.031 39.684
-104.901 39.637
-105.008 39.731
-104.911 39.713
-105.020 39.720
-104.983 39.673
-104.976 39.679
-104.976 39.672
-105.058 39.788
-105.010 39.759
-104.994 39.745
-104.898 39.737
-104.890 39.736
-104.953 39.707
-104.965 39.708
-104.963 39.762
-104.945 39.769
-104.967 39.766
-104.970 39.761
-104.977 39.757
-104.951 39.664
-104.944 39.664
-104.936 39.663
-104.902 39.629
-105.031 39.680
-105.006 39.738
-104.997 39.735
-105.001 39.723
-105.046 39.787
-105.049 39.778
-105.039 39.785
-105.030 39.788
-105.008 39.747
-104.990 39.752
-104.944 39.702
-104.951 39.701
-104.956 39.699
-104.950 39.763
-104.944 39.758
-104.951 39.758
-104.966 39.757
-104.927 39.663
-104.949 39.657
-104.935 39.656
-104.927 39.698
-106.249 37.534
-105.007 39.686
-105.050 39.680
-105.040 39.678
-104.994 39.729
-104.991 39.735
-105.040 39.719
-105.030 39.780
-105.021 39.788
-105.021 39.781
-105.038 39.781
-104.984 39.765
-104.998 39.751
-104.979 39.761
-104.894 39.729
-104.881 39.707
-104.881 39.703
-104.896 39.699
-104.981 39.752
-104.957 39.758
-104.936 39.760
-104.936 39.756
-104.929 39.758
-104.890 39.708
-105.067 39.628
-104.943 39.811
-104.922 39.798
-105.034 39.687
-104.917 39.686
-104.918 39.682
-104.915 39.677
-104.906 39.674
-104.909 39.671
-104.915 39.673
-104.908 39.664
-104.920 39.668
-105.020 39.691
-104.898 39.666
-104.899 39.661
-104.903 39.656
-104.909 39.657
-104.893 39.663
-104.888 39.661
-108.843 37.520
-108.320 37.544
-108.818 37.354
-108.581 37.355
-108.555 37.367
-108.647 37.483
-108.482 37.383
-108.305 37.348
-108.489 37.327
-108.620 37.285
-108.711 37.133
-104.884 39.665
-104.878 39.661
-104.875 39.668
-107.675 40.318
-107.699 40.517
-108.138 40.465
-107.671 40.806
-107.571 40.554
-107.571 40.519
-107.559 40.509
-107.535 40.463
-107.553 40.518
-107.546 40.518
-107.525 40.515
-108.615 40.765
-108.787 40.354
-104.933 39.700
-104.924 39.701
-104.924 39.706
-104.916 39.698
-104.918 39.692
-104.920 39.709
-104.907 39.700
-104.911 39.698
-104.908 39.691
-104.905 39.694
-104.906 39.708
-104.896 39.706
-104.885 39.717
-104.910 39.707
-104.907 39.683
-104.898 39.687
-104.896 39.684
-104.896 39.690
-105.047 39.688
-105.046 39.691
-105.031 39.691
-102.275 39.299
-102.124 39.184
-107.875 37.224
-107.962 37.216
-102.266 39.309
-102.284 39.166
-103.051 39.432
-102.872 39.294
-102.582 39.187
-102.726 39.312
-103.060 39.166
-102.274 39.447
-102.429 39.309
-102.578 39.428
-102.127 39.427
-107.886 37.282
-107.895 37.299
-107.947 37.472
-108.180 37.163
-108.029 37.353
-107.825 37.331
-107.835 37.402
-107.853 37.356
-107.800 37.540
-107.677 37.444
-107.792 37.260
-107.858 37.283
-107.861 37.297
-107.864 37.304
-107.550 37.487
-107.656 37.249
-107.974 37.084
-107.728 37.137
-107.793 37.200
-107.701 37.057
-107.537 37.228
-107.554 37.315
-107.528 37.090
-105.999 37.111
-105.947 37.319
-105.859 37.081
-106.333 37.095
-106.334 37.288
-105.984 37.254
-105.828 37.306
-105.829 37.220
-105.994 37.184
-106.070 37.027
-107.868 37.288
-107.878 37.266
-107.877 37.271
-107.875 37.277
-107.877 37.285
-108.964 37.668
-108.799 37.694
-108.365 37.760
-108.923 37.819
-104.886 39.522
-104.911 39.534
-104.927 39.539
-104.813 39.369
-104.803 39.372
-104.839 39.344
-104.903 39.341
-104.731 39.514
-104.719 39.503
-104.760 39.494
-104.742 39.473
-104.742 39.464
-103.257 40.140
-102.928 40.350
-102.945 40.115
-103.505 39.769
-103.030 39.753
-104.920 39.534
-104.934 39.529
-104.933 39.537
-104.942 39.537
-104.765 39.341
-104.837 39.291
-104.919 39.261
-105.033 39.249
-104.982 39.322
-104.998 39.379
-104.990 39.454
-105.091 39.447
-105.080 39.484
-104.742 39.457
-104.750 39.448
-104.727 39.449
-103.373 40.376
-104.949 39.532
-104.945 39.523
-104.959 39.528
-105.065 39.473
-105.101 39.364
-105.153 39.348
-105.169 39.195
-104.936 39.177
-104.757 39.200
-104.706 39.328
-104.720 39.403
-104.686 39.415
-104.687 39.484
-104.742 39.437
-104.709 39.449
-104.793 39.404
-104.772 39.437
-104.960 39.537
-104.975 39.532
-104.989 39.538
-104.686 39.543
-104.746 39.558
-104.867 39.426
-104.882 39.425
-104.995 39.531
-104.975 39.542
-104.983 39.543
-104.969 39.547
-104.788 39.558
-104.802 39.558
-104.892 39.414
-104.898 39.402
-104.878 39.391
-104.955 39.546
-104.938 39.547
-104.923 39.548
-104.914 39.547
-104.840 39.551
-104.879 39.543
-104.856 39.381
-104.843 39.385
-102.906 38.442
-102.651 38.437
-104.908 39.544
-104.910 39.554
-104.895 39.541
-104.890 39.559
-104.901 39.558
-104.846 39.400
-104.849 39.423
-102.281 38.443
-103.249 38.412
-104.896 39.549
-104.927 39.556
-104.937 39.555
-104.966 39.554
-104.914 39.561
-104.940 39.564
-104.954 39.521
-104.803 39.538
-104.717 39.513
-105.027 39.558
-104.963 39.558
-104.951 39.556
-104.947 39.559
-104.981 39.555
-104.976 39.563
-105.013 39.554
-105.027 39.510
-104.927 39.525
-104.876 39.554
-104.921 39.518
-104.983 39.549
-104.996 39.545
-105.005 39.538
-104.717 39.438
-104.828 39.460
-104.880 39.491
-104.890 39.487
-104.792 39.489
-104.801 39.501
-106.245 39.624
-106.470 39.465
-106.852 39.524
-107.009 39.738
-106.682 39.653
-106.625 39.710
-106.371 39.608
-106.486 39.661
-106.431 39.647
-106.319 39.465
-106.521 39.577
-106.349 39.685
-106.559 39.680
-106.816 39.626
-106.608 39.601
-106.565 39.829
-106.761 39.655
-107.103 39.430
-107.055 39.507
-105.011 39.531
-105.013 39.548
-105.018 39.542
-104.770 39.486
-104.814 39.525
-104.810 39.529
-106.786 39.766
-106.889 39.405
-107.096 39.380
-106.950 39.868
-107.005 39.583
-106.964 39.643
-106.700 39.538
-106.478 39.587
-106.556 39.624
-106.585 39.478
-105.023 39.541
-105.030 39.540
-105.030 39.533
-105.020 39.527
-104.802 39.530
-104.799 39.525
-104.803 39.547
-106.517 39.692
-104.987 39.521
-104.954 39.517
-104.936 39.519
-104.917 39.507
-104.783 39.542
-104.732 39.544
-104.916 39.485
-104.906 39.465
-104.736 39.527
-104.763 39.534
-104.888 39.456
-104.884 39.468
-104.902 39.442
-104.915 39.417
-104.912 39.396
-104.904 39.382
-104.789 39.529
-104.775 39.525
-104.790 39.519
-105.944 37.772
-106.350 38.113
-106.002 38.256
-105.701 37.920
-106.463 37.892
-104.901 39.477
-104.842 39.520
-104.845 39.373
-104.841 39.363
-104.853 39.360
-104.816 39.359
-104.783 39.513
-104.755 39.513
-104.732 39.499
-104.748 39.501
-106.099 37.785
-106.199 37.768
-105.984 37.931
-106.736 38.250
-104.637 38.281
-104.653 38.280
-104.598 38.318
-104.583 38.311
-104.552 38.301
-104.673 38.263
-104.697 38.251
-104.674 38.283
-104.698 38.313
-104.494 38.294
-104.467 38.253
-104.442 38.228
-104.430 38.155
-104.335 38.213
-104.880 38.311
-104.816 38.173
-104.983 38.110
-104.980 37.921
-104.852 37.992
-104.693 37.990
-104.548 38.042
-104.243 37.979
-104.730 38.316
-104.754 38.325
-104.568 38.381
-104.781 38.438
-104.287 38.380
-104.546 38.252
-104.550 38.235
-104.762 38.334
-104.765 38.311
-104.569 38.248
-104.588 38.248
-104.604 38.248
-104.733 38.305
-104.732 38.284
-104.807 38.304
-104.628 38.240
-104.619 38.241
-104.625 38.185
-104.581 38.203
-104.619 38.244
-104.618 38.248
-104.618 38.253
-104.613 38.251
-104.606 38.246
-102.287 40.668
-102.136 40.666
-104.527 38.248
-104.514 38.229
-104.581 38.262
-104.579 38.272
-104.610 38.259
-102.450 40.619
-102.338 40.508
-104.530 38.267
-104.564 38.272
-104.599 38.258
-104.613 38.267
-104.590 38.271
-104.597 38.272
-102.563 40.570
-102.635 40.592
-102.301 40.581
-104.649 38.202
-104.689 38.208
-104.669 38.221
-104.660 38.218
-104.657 38.222
-104.608 38.275
-104.620 38.276
-104.592 38.276
-104.582 38.276
-104.567 38.280
-102.166 40.515
-107.317 37.270
-107.089 37.115
-104.652 38.223
-104.636 38.213
-104.666 38.228
-104.660 38.229
-104.655 38.229
-104.597 38.281
-104.581 38.280
-104.583 38.283
-104.578 38.289
-104.585 38.289
-107.347 37.068
-107.080 37.270
-107.039 37.347
-107.001 37.155
-106.774 37.172
-107.163 37.344
-104.650 38.233
-104.644 38.230
-104.631 38.227
-104.620 38.223
-104.618 38.230
-104.592 38.290
-104.583 38.294
-104.593 38.297
-104.600 38.294
-104.615 38.235
-104.622 38.236
-104.674 38.235
-104.679 38.243
-104.657 38.236
-104.586 38.298
-104.597 38.302
-104.577 38.299
-104.588 38.304
-104.659 38.242
-104.650 38.240
-104.643 38.240
-104.635 38.240
-104.652 38.246
-104.657 38.248
-104.597 38.306
-104.609 38.298
-104.610 38.286
-104.627 38.249
-104.632 38.248
-104.647 38.247
-104.638 38.249
-104.648 38.253
-104.654 38.255
-104.628 38.286
-104.620 38.288
-104.638 38.295
-104.621 38.295
-104.622 38.303
-104.641 38.255
-104.634 38.255
-104.632 38.259
-104.638 38.263
-104.628 38.262
-104.622 38.258
-104.630 38.304
-104.640 38.305
-104.655 38.302
-104.664 38.353
-104.627 38.267
-104.639 38.269
-104.653 38.264
-104.632 38.328
-104.630 38.316
-104.615 38.318
-102.640 37.281
-102.260 37.192
-102.691 37.541
-102.599 37.090
-102.939 37.332
-102.572 37.453
-102.440 37.344
-102.350 37.576
-108.661 39.990
-108.905 39.864
-108.108 40.081
-108.228 39.843
-107.557 40.046
-104.933 39.889
-104.995 39.853
-104.915 39.910
-105.002 39.934
-104.993 39.906
-105.008 39.911
-105.003 39.887
-104.798 39.993
-104.730 39.950
-104.776 39.979
-104.786 39.980
-104.794 39.983
-104.803 39.975
-104.811 39.976
-104.819 39.980
-104.675 40.400
-104.694 40.407
-104.726 40.421
-104.701 40.385
-104.684 40.396
-105.898 39.598
-106.041 39.619
-106.014 39.578
-106.075 39.522
-105.961 39.514
-105.988 39.457
-106.024 39.405
-104.951 39.940
-104.929 39.920
-104.893 39.910
-104.932 39.894
-105.011 39.889
-104.992 39.892
-105.011 39.880
-105.020 39.880
-105.001 39.880
-105.002 39.870
-104.836 39.954
-104.835 39.978
-105.004 39.968
-104.963 39.989
-104.950 39.967
-104.951 39.952
-104.726 40.426
-104.751 40.469
-104.723 40.434
-104.740 40.432
-104.750 40.433
-104.760 40.433
-104.769 40.433
-104.843 40.311
-105.020 40.073
-104.649 40.356
-106.082 39.426
-106.129 39.477
-106.187 39.505
-106.122 39.600
-106.118 39.626
-106.011 39.668
-106.075 39.700
-106.163 39.683
-106.263 39.811
-106.058 39.601
-105.993 39.645
-106.932 40.423
-106.860 40.507
-106.984 40.555
-106.777 40.559
-104.930 39.898
-104.927 39.907
-104.950 39.890
-104.992 39.922
-104.982 39.911
-104.985 39.905
-104.985 39.893
-104.969 39.911
-104.883 39.994
-104.874 39.878
-104.804 39.983
-104.795 39.976
-104.875 39.941
-104.972 39.937
-104.691 40.436
-104.777 40.443
-104.639 40.399
-104.585 40.386
-104.661 40.505
-104.731 40.531
-104.717 40.529
-104.690 40.376
-104.991 40.012
-106.832 40.490
-106.837 40.481
-106.804 40.462
-106.816 40.446
-104.982 39.858
-104.979 39.876
-104.972 39.904
-104.950 39.881
-104.968 39.894
-104.954 39.907
-104.792 39.893
-104.875 39.747
-104.792 39.913
-104.861 39.748
-104.832 39.878
-104.968 39.941
-104.972 39.932
-104.946 39.946
-104.937 39.933
-104.802 40.533
-104.890 40.556
-104.911 40.505
-104.867 40.437
-104.896 40.474
-104.861 40.512
-104.971 40.271
-104.913 40.307
-104.766 40.381
-106.799 40.446
-107.023 40.296
-106.960 40.819
-107.206 40.655
-107.276 40.363
-106.755 40.239
-106.847 40.038
-104.992 39.864
-104.992 39.878
-104.980 39.892
-104.965 39.874
-104.964 39.905
-104.945 39.909
-105.029 39.874
-104.851 39.747
-104.842 39.762
-104.802 39.877
-104.911 39.968
-104.883 39.968
-104.854 39.979
-104.902 40.470
-104.912 40.476
-104.928 40.457
-104.883 40.458
-104.716 40.308
-106.817 40.485
-106.808 40.476
-106.757 40.394
-104.970 39.889
-104.955 39.896
-104.955 39.888
-104.944 39.896
-105.039 39.872
-105.043 39.862
-105.030 39.867
-105.029 39.856
-105.020 39.870
-104.837 39.748
-104.821 39.763
-104.815 39.750
-104.823 39.746
-104.898 40.364
-104.932 40.362
-104.919 40.342
-104.980 40.241
-104.972 39.862
-104.960 39.860
-104.960 39.866
-105.010 39.866
-105.021 39.860
-105.020 39.853
-105.011 39.857
-105.020 39.845
-105.031 39.843
-104.791 39.757
-104.749 39.746
-104.756 39.759
-104.683 39.784
-104.876 40.307
-104.856 40.241
-105.005 40.322
-104.982 40.219
-104.806 40.192
-104.983 40.181
-104.951 40.147
-104.931 40.150
-104.809 40.075
-104.953 39.837
-104.949 39.871
-104.973 39.852
-104.961 39.852
-105.011 39.871
-105.001 39.860
-105.040 39.881
-104.990 39.845
-104.987 39.836
-104.625 39.944
-104.417 39.771
-104.944 40.155
-104.967 40.119
-104.950 40.112
-104.945 39.863
-104.954 39.874
-104.936 39.869
-105.003 39.840
-104.995 39.838
-104.349 39.753
-104.433 39.964
-103.911 39.873
-105.038 39.795
-104.922 40.115
-104.951 40.094
-105.015 40.123
-104.972 39.832
-104.942 39.846
-104.994 39.812
-105.002 39.825
-105.011 39.836
-105.001 39.849
-104.141 39.972
-104.122 39.809
-104.194 39.789
-105.034 40.043
-105.049 40.021
-105.031 40.017
-105.002 40.034
-104.987 40.029
-104.944 39.935
-104.932 39.972
-104.980 39.960
-105.000 39.952
-104.976 39.842
-104.967 39.846
-104.914 39.872
-104.850 39.836
-105.030 39.881
-105.042 39.857
-105.042 39.851
-105.048 39.847
-104.293 39.856
-104.288 39.948
-104.949 40.048
-104.843 40.094
-104.760 40.091
-104.796 40.084
-104.810 40.040
-104.671 40.192
-104.473 40.170
-104.718 40.056
-104.995 39.937
-104.927 39.884
-104.897 39.936
-104.883 39.899
-105.023 39.896
-104.912 39.835
-104.928 39.834
-105.011 39.936
-105.044 39.831
-104.996 39.831
-105.011 39.844
-105.020 39.838
-105.011 39.830
-105.020 39.831
-104.294 39.779
-104.433 39.890
-104.730 40.411
-104.726 40.015
-104.636 40.049
-104.330 40.371
-104.496 40.492
-104.264 40.129
-104.286 40.621
-104.684 40.592
-104.914 39.934
-104.967 39.954
-104.799 39.948
-104.908 39.801
-105.032 39.905
-105.047 39.839
-105.044 39.824
-105.031 39.832
-104.438 39.824
-104.527 39.978
-104.537 39.935
-104.551 39.822
-104.845 40.353
-104.789 40.399
-104.746 40.403
-104.776 40.616
-104.738 40.820
-104.209 40.869
-103.783 40.734
-104.808 40.375
-104.766 40.400
-104.772 40.388
-104.748 40.392
-104.709 40.395
-104.974 39.921
-104.957 39.932
-104.909 39.818
-104.969 39.811
-104.921 39.816
-105.043 39.909
-105.049 39.880
-105.045 39.817
-105.017 39.814
-104.440 39.746
-104.631 39.986
-104.828 39.896
-104.711 40.402
-104.700 40.402
-104.709 40.410
-104.720 40.409
-104.730 40.417
-104.728 40.404
-104.729 40.398
-104.721 40.396
-104.929 39.939
-104.910 39.827
-104.952 39.933
-104.936 39.906
-105.007 39.904
-105.021 39.905
-105.005 39.895
-105.031 39.812
-105.044 39.805
-105.009 39.799
-104.828 39.923
-104.782 39.969
-104.740 40.415
-104.791 40.414
-104.839 40.413
-104.751 40.425
-104.699 40.414
-104.764 40.368
-104.707 40.388
-104.950 39.925
-104.929 39.931
-104.968 39.882
-104.950 39.918
-104.935 39.925
-105.033 39.889
-105.044 39.894
-105.012 39.920
-105.020 39.825
-105.047 39.869
-104.819 39.994
-104.725 39.979
-104.725 39.993
-104.770 39.994
-104.691 40.420
-104.713 40.420
-104.751 40.414
-104.763 40.415
-104.784 40.425
-104.732 40.385
-104.724 40.373
-104.709 40.373
-104.696 40.395
-107.852 38.466
-107.860 38.460
-107.165 39.386
-107.866 38.474
-107.852 38.478
-107.851 38.492
-107.875 38.460
-107.829 38.467
-107.265 39.390
-107.232 39.414
-107.467 39.462
-107.362 39.476
-107.595 39.708
-107.401 39.737
-107.328 39.539
-107.246 39.475
-107.207 39.848
-107.193 39.565
-107.675 39.447
-107.539 39.567
-107.798 39.709
-107.816 39.451
-107.963 39.420
-107.847 39.548
-107.771 39.540
-108.486 39.527
-108.046 39.392
-107.175 39.435
-107.194 39.516
-107.313 39.507
-107.527 39.612
-107.859 37.899
-108.443 38.027
-108.017 38.005
-107.916 38.487
-107.886 38.511
-107.937 38.532
-108.000 38.511
-108.057 38.413
-108.121 38.217
-107.888 38.437
-107.833 38.422
-107.874 38.370
-107.655 38.407
-107.943 38.610
-107.806 38.562
-107.631 38.591
-108.095 38.628
-107.843 38.461
-108.233 38.525
-108.451 38.349
-108.400 38.201
-108.730 38.307
-108.962 38.344
-107.908 38.467
-107.571 39.461
-107.718 39.555
-108.064 39.434
-107.858 37.932
-107.765 37.930
-103.220 40.617
-103.222 40.622
-103.227 40.628
-103.207 40.641
-103.204 40.637
-103.178 40.619
-103.252 40.648
-102.835 40.525
-103.099 40.579
-103.363 40.527
-102.791 40.681
-103.096 40.762
-103.425 40.736
-102.818 40.866
-103.249 40.926
-103.221 40.611
-105.115 40.371
-105.090 40.371
-105.060 40.365
-105.103 40.532
-105.086 40.527
-105.087 40.534
-105.085 40.541
-105.067 40.532
-105.143 40.350
-105.080 40.338
-105.079 40.313
-105.050 40.530
-105.037 40.534
-105.012 40.539
-105.031 40.542
-105.456 40.306
-105.591 40.302
-105.077 40.301
-105.131 40.292
-105.087 40.277
-105.209 40.659
-105.227 40.327
-105.327 40.304
-105.451 40.377
-105.032 40.547
-105.051 40.541
-105.067 40.542
-105.050 40.548
-105.142 40.565
-105.133 40.545
-105.136 40.523
-105.120 40.520
-105.359 40.431
-105.417 40.593
-105.513 40.363
-105.679 40.377
-105.634 40.467
-105.335 40.852
-105.720 40.634
-105.632 40.862
-105.941 40.853
-104.993 40.378
-104.961 40.444
-105.062 40.549
-105.054 40.558
-105.051 40.569
-105.063 40.560
-105.063 40.575
-105.106 40.518
-105.101 40.502
-104.996 40.444
-104.973 40.458
-104.978 40.472
-104.954 40.466
-105.101 40.559
-105.111 40.558
-105.110 40.568
-105.108 40.578
-105.094 40.488
-105.081 40.492
-105.067 40.427
-105.060 40.440
-105.086 40.515
-105.070 40.515
-105.062 40.520
-105.052 40.519
-105.100 40.573
-105.087 40.580
-105.072 40.558
-105.072 40.569
-105.073 40.578
-105.069 40.447
-105.056 40.465
-105.093 40.465
-105.043 40.514
-105.033 40.514
-105.018 40.524
-105.014 40.513
-105.086 40.573
-105.087 40.560
-105.057 40.870
-105.081 40.441
-105.096 40.443
-105.090 40.433
-105.086 40.426
-105.067 40.505
-105.048 40.501
-105.068 40.494
-105.100 40.429
-105.110 40.440
-105.128 40.460
-105.037 40.647
-104.995 40.710
-105.032 40.683
-105.092 40.654
-105.122 40.708
-105.146 40.649
-105.139 40.605
-105.190 40.535
-105.232 40.482
-105.161 40.438
-105.057 40.487
-105.030 40.496
-105.133 40.419
-105.119 40.414
-105.103 40.411
-105.008 40.493
-104.983 40.496
-104.968 40.538
-105.025 40.580
-105.023 40.565
-105.023 40.606
-104.972 40.625
-105.049 40.621
-105.107 40.418
-105.085 40.415
-105.065 40.414
-105.048 40.607
-105.060 40.605
-105.051 40.411
-105.041 40.425
-105.012 40.419
-105.078 40.603
-105.089 40.613
-105.143 40.399
-105.189 40.402
-105.126 40.595
-105.121 40.585
-105.088 40.592
-105.154 40.383
-105.115 40.401
-105.106 40.596
-105.105 40.586
-105.086 40.584
-105.067 40.589
-105.091 40.399
-105.079 40.400
-105.057 40.403
-105.125 40.386
-105.112 40.386
-105.129 40.573
-105.120 40.574
-105.123 40.564
-105.124 40.557
-105.073 40.549
-105.090 40.385
-105.066 40.388
-105.049 40.389
-105.085 40.548
-105.092 40.547
-105.102 40.543
-105.106 40.549
-105.113 40.541
-106.924 37.669
-106.012 40.202
-105.897 40.262
-105.836 39.851
-105.774 40.109
-105.812 39.986
-105.798 40.312
-106.507 40.108
-105.973 39.826
-106.136 40.009
-105.734 39.893
-106.321 40.226
-105.844 40.039
-107.665 38.190
-107.627 38.030
-107.759 38.019
-105.499 39.458
-105.464 39.478
-105.422 39.514
-105.423 39.433
-105.435 39.403
-105.608 39.414
-105.728 39.289
-106.098 39.300
-105.992 39.186
-105.472 39.032
-105.832 38.934
-105.502 38.789
-105.549 39.530
-102.756 40.196
-102.648 39.976
-102.135 40.122
-102.188 39.992
-102.630 39.697
-102.756 39.971
-102.610 40.353
-103.227 38.070
-107.829 38.145
-107.880 38.283
-103.593 40.125
-103.667 40.273
-103.620 40.261
-102.243 40.350
-102.641 40.191
-102.258 39.710
-102.278 39.909
-102.331 40.039
-102.346 40.168
-102.512 40.045
-103.204 38.062
-102.885 37.986
-103.224 38.172
-103.193 37.837
-103.620 40.293
-103.528 40.380
-103.645 40.422
-103.807 40.401
-103.794 40.241
-103.791 40.260
-104.913 39.925
-104.910 39.919
-104.861 39.894
-104.852 39.908
-105.020 39.888
-105.879 37.474
-103.797 40.253
-103.806 40.256
-103.809 40.246
-103.750 40.153
-105.026 39.924
-105.019 39.929
-105.020 39.938
-105.022 39.948
-105.861 37.471
-105.980 37.503
-105.830 37.401
-105.958 37.407
-105.738 37.505
-105.759 37.664
-105.919 37.498
-104.521 37.169
-104.507 37.160
-104.417 37.109
-103.888 40.270
-104.025 40.405
-104.047 40.154
-103.876 40.118
-102.297 38.821
-102.479 38.817
-102.775 38.816
-103.044 38.849
-102.149 38.840
-104.948 37.688
-105.025 39.971
-104.516 37.177
-104.501 37.181
-104.597 37.278
-104.543 37.091
-104.497 37.158
-104.481 37.073
-104.689 37.231
-104.201 37.452
-104.795 37.360
-103.815 37.165
-103.363 37.341
-104.992 37.146
-104.687 37.090
-105.517 38.201
-105.360 38.036
-105.138 38.168
-106.953 38.897
-107.342 38.935
-107.028 38.700
-107.272 38.411
-107.140 39.062
-106.598 38.507
-106.884 38.588
-106.958 38.473
-106.927 38.547
-105.241 37.789
-105.098 37.575
-104.667 37.728
-105.031 37.425
-104.797 37.485
-104.789 37.633
-104.778 37.622
-104.769 37.628
-104.876 37.847
-104.904 37.600
-106.932 38.554
-106.652 38.811
-106.559 38.615
-106.942 38.544
-106.980 38.870
-106.962 38.909
-105.417 39.669
-105.436 39.719
-105.500 39.718
-105.619 39.677
-105.770 39.657
-105.777 39.761
-105.633 39.771
-105.623 39.807
-105.508 39.618
-106.302 39.254
-106.351 39.313
-106.423 39.147
-106.292 39.249
-106.234 39.201
-106.300 39.245
-108.455 39.074
-108.446 39.079
-108.459 39.082
-108.725 39.161
-108.735 39.169
-108.774 39.265
-108.934 39.262
-108.469 39.088
-108.459 39.098
-108.632 39.086
-108.630 39.069
-108.619 39.056
-108.595 39.057
-108.470 39.075
-108.487 39.066
-108.486 39.075
-108.494 39.081
-108.510 39.079
-108.530 39.073
-108.488 39.088
-108.481 39.100
-108.487 39.095
-108.525 39.081
-108.500 39.089
-108.501 39.100
-103.651 37.752
-103.984 37.853
-103.723 37.953
-103.637 37.985
-103.575 37.978
-103.546 37.979
-108.511 39.092
-108.521 39.090
-103.524 37.965
-103.551 37.986
-103.468 37.946
-103.536 37.984
-103.793 37.979
-108.538 39.088
-108.575 39.122
-108.555 39.128
-108.557 39.114
-103.720 38.047
-103.683 38.087
-103.902 37.957
-104.049 38.011
-103.496 38.154
-108.611 39.142
-108.612 39.105
-108.291 39.155
-108.460 39.045
-108.342 39.060
-108.651 39.286
-108.278 39.301
-108.494 39.194
-108.406 38.921
-108.120 39.104
-107.750 39.244
-108.713 38.675
-108.544 39.109
-108.532 39.099
-108.542 39.095
-103.538 37.974
-108.556 39.038
-108.536 39.041
-108.553 39.049
-108.553 39.091
-108.556 39.096
-108.566 39.092
-108.534 39.047
-108.521 39.042
-108.515 39.018
-108.557 39.103
-108.582 39.098
-108.497 39.034
-108.521 39.060
-108.468 39.063
-108.547 39.071
-108.540 39.082
-108.552 39.082
-108.448 39.065
-108.399 39.092
-108.392 39.109
-108.564 39.081
-108.562 39.069
-108.564 39.075
-108.827 38.955
-108.437 39.098
-108.435 39.082
-108.638 39.046
-108.655 39.077
-108.615 39.094
-108.590 39.070
-108.646 39.093
-108.666 39.103
-108.694 39.073
-108.881 39.116
-108.687 39.148
-108.719 39.188
-104.779 38.935
-104.803 38.929
-104.784 38.871
-104.791 38.870
-104.755 38.922
-104.712 38.862
-104.582 38.930
-104.654 38.902
-104.772 38.867
-104.770 38.927
-104.751 38.960
-104.784 38.962
-104.716 38.916
-104.715 38.903
-104.703 38.906
-104.836 39.084
-104.790 39.082
-104.838 39.103
-104.789 38.843
-104.771 38.853
-104.850 38.939
-104.828 38.934
-104.746 38.905
-104.793 38.919
-104.880 38.803
-104.877 38.928
-104.876 38.945
-104.913 38.942
-104.861 38.900
-104.707 38.871
-104.841 38.913
-104.519 38.907
-104.689 38.907
-104.689 38.896
-104.699 38.891
-104.828 38.887
-104.704 38.845
-104.820 38.924
-104.834 38.920
-104.803 39.067
-104.681 39.085
-104.854 39.101
-104.875 38.952
-104.608 38.948
-104.743 39.084
-104.622 39.098
-104.576 39.083
-104.766 38.914
-104.691 38.890
-104.591 38.965
-104.691 38.846
-104.747 38.746
-104.725 38.735
-104.764 38.817
-104.859 38.934
-104.829 38.923
-104.775 38.862
-104.764 38.863
-104.867 38.838
-104.746 38.786
-104.761 38.937
-104.768 38.953
-104.735 38.952
-104.780 38.893
-104.778 38.957
-104.765 38.962
-104.697 38.919
-104.697 38.933
-104.740 38.974
-104.797 38.850
-104.753 38.864
-104.736 38.875
-104.732 38.870
-104.843 38.928
-104.806 38.785
-104.829 38.811
-104.853 38.784
-104.687 38.761
-104.889 38.734
-104.820 38.839
-104.826 38.838
-104.765 38.932
-104.789 39.047
-104.818 39.050
-104.760 38.927
-104.822 38.904
-104.775 38.878
-104.571 39.006
-104.167 38.837
-104.259 38.996
-104.691 38.705
-104.846 39.064
-104.729 38.875
-104.832 38.844
-104.865 38.816
-104.868 38.831
-104.813 38.790
-104.742 38.883
-104.749 38.882
-104.790 38.939
-104.880 39.118
-104.856 39.120
-104.752 38.916
-104.736 38.900
-104.775 38.801
-104.851 38.840
-104.877 38.864
-104.667 38.729
-104.602 38.979
-104.729 38.921
-104.846 38.802
-104.785 38.821
-104.825 38.827
-104.726 38.891
-104.734 38.818
-104.602 38.870
-104.724 38.872
-104.736 38.881
-104.725 38.880
-104.784 38.928
-104.698 38.882
-104.807 38.843
-104.744 38.758
-104.744 38.806
-104.320 39.082
-104.791 38.864
-104.859 38.919
-104.851 39.087
-104.791 38.903
-104.774 38.814
-104.764 38.886
-104.754 38.836
-104.732 38.830
-104.406 38.883
-104.709 38.893
-104.733 38.775
-104.849 38.829
-104.875 38.821
-104.826 38.848
-104.857 38.995
-104.626 39.010
-104.468 38.990
-104.746 38.951
-104.736 38.945
-104.731 39.112
-104.838 39.050
-104.856 38.853
-104.817 38.807
-104.815 38.801
-104.816 38.880
-104.795 38.886
-104.700 38.732
-104.724 38.909
-104.815 38.782
-104.831 38.792
-104.753 38.793
-104.631 38.982
-104.682 38.977
-104.725 38.946
-104.749 38.943
-104.769 38.943
-104.803 38.777
-104.815 38.867
-104.816 38.862
-104.806 38.851
-104.808 38.884
-104.843 38.887
-104.846 38.852
-104.738 38.891
-104.762 38.952
-104.732 38.907
-104.852 38.809
-104.839 38.776
-104.819 38.767
-104.735 38.761
-104.700 38.864
-104.696 38.728
-104.739 38.960
-104.740 38.933
-104.747 38.767
-104.727 38.755
-104.835 38.891
-104.856 38.861
-104.754 38.952
-104.801 38.865
-104.789 38.857
-104.769 38.862
-104.684 38.696
-104.830 38.863
-104.815 38.820
-104.834 38.820
-104.834 39.071
-104.802 38.770
-104.731 38.935
-104.789 38.974
-104.737 38.751
-104.732 38.743
-104.805 38.940
-104.789 38.952
-104.760 38.945
-104.932 38.836
-104.738 38.863
-104.698 38.690
-104.709 38.684
-104.867 38.920
-104.824 38.780
-104.786 38.838
-104.783 38.946
-104.766 38.978
-104.773 38.972
-104.775 38.772
-104.753 38.763
-104.758 38.772
-104.726 38.883
-104.771 38.918
-104.753 38.888
-104.751 38.801
-104.765 38.802
-104.763 38.810
-104.737 38.811
-104.770 38.822
-104.709 38.821
-104.747 38.931
-104.706 38.915
-104.734 38.924
-104.719 38.932
-104.711 38.745
-104.843 38.795
-104.827 38.768
-104.795 38.784
-104.774 38.908
-104.738 39.034
-104.833 39.037
-104.810 39.004
-104.752 38.819
-104.700 38.856
-104.689 38.860
-104.728 38.898
-104.711 38.879
-104.688 38.919
-104.799 38.843
-104.858 38.845
-104.741 38.915
-104.740 38.835
-104.843 38.807
-104.812 38.795
-104.900 38.889
-104.983 38.864
-104.960 39.051
-104.929 38.861
-104.825 39.040
-104.685 38.730
-104.708 38.720
-104.690 38.731
-104.773 38.827
-104.690 38.876
-104.774 38.923
-104.804 38.914
-104.762 38.920
-104.801 38.836
-104.814 38.843
-104.791 38.822
-104.801 38.897
-104.879 38.857
-104.841 38.902
-104.752 38.831
-104.734 38.795
-104.717 38.734
-104.109 39.063
-107.019 39.217
-106.638 39.218
-104.912 39.109
-104.745 38.997
-104.903 39.118
-104.602 38.961
-104.804 39.033
-104.810 38.923
-104.770 38.895
-104.741 38.821
-104.779 38.865
-104.763 38.883
-104.785 38.922
-104.784 38.863
-104.822 38.755
-104.652 38.808
-104.869 38.909
-104.790 38.850
-104.793 39.014
-104.775 38.788
-104.899 39.096
-104.684 38.675
-104.890 38.669
-104.478 39.087
-104.839 39.120
-104.866 39.081
-104.711 38.962
-106.938 39.198
-106.835 39.200
-106.820 39.179
-106.808 39.277
-106.681 39.123
-106.876 39.093
-106.780 39.319
-107.260 39.250
-105.148 39.652
-105.158 39.631
-105.071 39.896
-105.118 39.901
-105.174 39.671
-105.309 39.875
-105.372 39.904
-105.230 39.768
-105.107 39.874
-105.112 39.881
-105.112 39.887
-105.146 39.881
-105.205 39.866
-105.091 39.854
-105.092 39.859
-105.142 39.912
-105.125 39.890
-105.121 39.851
-105.132 39.758
-105.122 39.758
-103.775 38.178
-103.777 38.313
-103.791 38.419
-103.611 38.324
-103.850 38.249
-103.978 38.320
-105.151 39.899
-105.123 39.921
-105.068 39.911
-105.094 39.864
-105.105 39.852
-105.103 39.845
-105.091 39.850
-105.114 39.758
-105.118 39.751
-105.134 39.751
-105.139 39.763
-105.088 39.907
-105.089 39.560
-105.217 39.463
-105.236 39.693
-105.242 39.724
-105.326 39.724
-105.318 39.794
-105.090 39.845
-105.119 39.846
-105.086 39.833
-105.097 39.839
-105.229 39.756
-105.228 39.744
-105.212 39.717
-105.305 39.694
-105.376 39.685
-105.105 39.836
-105.098 39.830
-105.116 39.834
-105.093 39.820
-105.334 39.676
-105.350 39.683
-105.355 39.673
-105.101 39.821
-105.105 39.814
-105.116 39.823
-105.125 39.827
-105.132 39.843
-105.334 39.660
-105.368 39.634
-105.264 39.682
-105.225 39.670
-105.237 39.641
-105.187 39.653
-105.296 39.659
-105.199 39.612
-105.250 39.604
-105.294 39.626
-105.139 39.835
-105.137 39.862
-105.134 39.824
-105.144 39.819
-105.152 39.831
-105.105 39.805
-105.324 39.648
-105.375 39.595
-105.297 39.601
-105.348 39.614
-105.364 39.559
-105.327 39.589
-105.302 39.560
-105.193 39.570
-105.217 39.532
-105.115 39.816
-105.093 39.805
-105.126 39.815
-105.134 39.815
-105.202 39.811
-105.180 39.821
-105.180 39.901
-105.132 39.805
-105.115 39.809
-105.143 39.807
-105.155 39.820
-105.150 39.817
-105.179 39.808
-105.161 39.830
-105.160 39.808
-105.061 39.880
-105.062 39.863
-105.080 39.864
-105.059 39.578
-105.066 39.570
-105.070 39.577
-105.080 39.574
-105.077 39.564
-105.088 39.886
-105.070 39.889
-105.060 39.852
-105.072 39.854
-105.090 39.577
-105.089 39.570
-105.100 39.574
-105.106 39.570
-105.122 39.563
-105.098 39.870
-105.061 39.845
-105.075 39.845
-103.453 38.721
-103.871 38.774
-103.467 39.400
-103.691 39.268
-103.900 38.607
-103.581 38.596
-105.113 39.576
-105.146 39.564
-105.130 39.575
-105.122 39.572
-105.075 39.850
-105.063 39.840
-105.077 39.836
-105.058 39.835
-105.060 39.827
-103.704 39.270
-103.655 39.183
-103.259 39.358
-103.288 38.909
-103.406 39.159
-103.552 39.028
-103.636 39.423
-105.142 39.587
-105.169 39.609
-105.067 39.835
-105.077 39.825
-105.086 39.819
-105.060 39.817
-105.067 39.822
-105.075 39.816
-105.164 39.592
-105.165 39.582
-105.163 39.571
-105.087 39.810
-105.061 39.807
-105.075 39.807
-105.057 39.907
-105.065 39.903
-104.765 38.834
-104.736 38.844
-104.778 38.854
-104.813 38.835
-104.784 38.852
-104.765 38.828
-104.786 38.831
-104.762 38.845
-104.801 38.857
-104.812 38.858
-104.771 38.845
-104.753 38.845
-104.725 38.861
-104.742 38.871
-104.836 38.835
-104.868 38.872
-104.862 38.861
-104.754 38.873
-104.751 38.870
-104.763 38.893
-104.761 38.852
-104.801 38.825
-104.775 38.832
-104.749 38.877
-104.824 38.872
-104.762 38.903
-104.826 38.806
-104.837 38.806
-104.795 38.808
-104.806 38.801
-104.760 38.864
-104.761 38.857
-104.767 38.908
-104.774 38.901
-104.755 38.896
-104.829 38.799
-104.851 38.817
-104.781 38.874
-104.844 38.865
-104.835 38.863
-104.811 38.872
-104.756 38.907
-104.648 39.038
-104.685 39.023
-104.653 38.961
-104.801 39.114
-104.711 38.701
-104.838 38.845
-104.844 38.843
-104.877 38.844
-104.814 38.851
-104.708 38.923
-104.713 38.847
-104.707 38.733
-104.722 38.722
-104.673 38.676
-104.781 38.914
-104.799 38.880
-104.809 38.771
-104.776 38.809
-104.783 38.905
-104.819 38.852
-104.854 38.927
-104.734 38.788
-104.745 38.794
-104.808 38.890
-104.812 38.893
-104.762 38.796
-104.788 38.771
-104.732 38.888
-104.861 38.882
-104.843 38.893
-104.799 38.871
-104.884 38.902
-104.744 38.896
-104.745 38.889
-104.723 38.750
-104.684 38.716
-104.868 38.860
-104.857 38.906
-104.854 38.888
-104.714 38.729
-104.780 38.844
-104.741 38.851
-104.769 38.857
-104.839 38.933
-104.838 38.938
-104.734 38.850
-104.725 38.852
-104.753 38.855
-104.738 38.857
-104.468 38.615
-104.836 38.945
-104.892 38.854
-104.685 38.579
-104.804 38.616
-104.447 38.771
-104.635 38.772
-104.636 38.729
-104.907 38.862
-104.908 38.769
-105.008 38.937
-104.916 38.857
-104.910 38.853
-104.166 38.616
-104.823 38.854
-104.823 38.864
-107.676 37.764
-105.208 38.465
-105.236 38.456
-105.245 38.466
-105.238 38.451
-105.232 38.480
-105.179 38.559
-105.859 38.529
-105.692 38.331
-105.565 38.449
-105.302 38.385
-105.250 38.438
-105.231 38.439
-105.208 38.432
-105.195 38.419
-105.221 38.397
-105.211 38.327
-105.127 38.395
-105.096 38.384
-105.106 38.417
-105.066 38.314
-105.021 38.416
-104.965 38.439
-105.036 38.546
-105.158 38.456
-105.209 38.454
-105.220 38.453
-105.210 38.444
-105.184 38.438
-105.154 38.416
-105.443 38.613
-105.088 39.751
-105.102 39.751
-105.057 39.750
-105.212 39.741
-105.202 39.774
-105.206 39.787
-105.191 39.731
-105.076 39.602
-105.102 39.594
-105.102 39.589
-105.203 39.724
-105.177 39.717
-105.177 39.696
-105.085 39.592
-105.097 39.584
-105.060 39.591
-105.068 39.587
-105.077 39.587
-105.087 39.599
-105.179 39.721
-105.087 39.797
-105.135 39.722
-105.103 39.798
-105.119 39.805
-105.097 39.606
-105.099 39.598
-105.106 39.604
-105.118 39.584
-105.165 39.803
-105.217 39.805
-105.117 39.744
-105.119 39.733
-105.100 39.737
-105.120 39.590
-105.121 39.597
-105.085 39.585
-105.058 39.584
-105.149 39.608
-105.114 39.718
-105.100 39.729
-105.087 39.720
-105.086 39.733
-105.077 39.734
-105.139 39.602
-105.114 39.604
-105.123 39.606
-105.063 39.672
-105.147 39.751
-105.165 39.745
-105.151 39.757
-105.064 39.730
-105.071 39.722
-105.063 39.738
-105.064 39.709
-105.059 39.717
-105.096 39.677
-105.087 39.672
-105.097 39.670
-105.101 39.663
-105.170 39.758
-105.198 39.761
-105.150 39.733
-105.073 39.715
-105.076 39.706
-105.090 39.706
-105.094 39.715
-105.105 39.704
-105.116 39.707
-105.128 39.706
-105.144 39.671
-105.159 39.673
-105.119 39.642
-105.087 39.661
-105.175 39.733
-105.193 39.745
-105.134 39.744
-105.133 39.733
-105.138 39.715
-105.142 39.723
-105.146 39.707
-105.140 39.706
-105.062 39.702
-105.093 39.659
-105.105 39.657
-105.091 39.646
-105.136 39.610
-105.144 39.727
-105.149 39.718
-105.158 39.719
-105.060 39.773
-105.064 39.782
-105.058 39.693
-105.067 39.693
-105.064 39.744
-105.103 39.744
-105.163 39.716
-105.150 39.698
-105.135 39.617
-105.121 39.612
-105.072 39.654
-105.089 39.627
-105.125 39.632
-105.073 39.773
-105.077 39.781
-105.069 39.795
-105.086 39.777
-105.147 39.689
-105.147 39.683
-105.141 39.695
-105.134 39.702
-105.133 39.630
-105.141 39.636
-105.117 39.628
-105.119 39.619
-105.098 39.772
-105.100 39.780
-105.089 39.762
-105.092 39.789
-105.125 39.698
-105.133 39.693
-105.077 39.695
-105.061 39.686
-105.142 39.628
-105.099 39.622
-105.106 39.618
-105.072 39.612
-105.105 39.789
-105.127 39.784
-105.075 39.685
-105.134 39.686
-105.124 39.687
-105.118 39.697
-105.108 39.693
-105.056 39.628
-105.259 39.567
-105.288 39.527
-105.378 39.505
-105.337 39.508
-105.341 39.456
-105.091 39.537
-105.304 39.306
-105.192 39.824
-105.131 39.797
-105.115 39.780
-105.093 39.700
-105.106 39.685
-105.115 39.686
-105.096 39.693
-105.087 39.693
-105.096 39.686
-105.166 39.791
-105.089 39.744
-105.109 39.667
-105.139 39.621
-105.101 39.613
-105.127 39.772
-105.157 39.772
-105.086 39.686
-105.072 39.677
-105.088 39.679
-105.105 39.676
-105.236 39.761
-105.075 39.872
-105.139 39.851
-105.146 39.513
-105.154 39.788
-105.058 39.766
-105.067 39.766
-105.077 39.766
-105.070 39.751
-105.074 39.758
-105.114 39.676
-105.126 39.673
-105.142 39.678
-105.119 39.654
-105.073 39.643
-105.100 39.561
-105.077 39.747
-105.063 39.751
-105.103 39.762
-105.128 39.766
-105.116 39.766
-105.059 39.759
-105.159 39.677
-105.062 39.607
-105.064 39.602
-104.847 39.658
-104.873 39.676
-104.769 39.661
-104.918 39.631
-104.983 39.598
-104.775 39.679
-104.807 39.587
-104.797 39.572
-104.889 39.570
-104.787 39.684
-104.800 39.641
-104.805 39.656
-104.837 39.732
-104.829 39.731
-104.833 39.738
-104.739 39.667
-104.764 39.733
-104.760 39.707
-104.728 39.693
-104.947 39.585
-104.937 39.592
-104.950 39.593
-104.957 39.571
-105.001 39.576
-105.021 39.571
-104.210 39.663
-104.338 39.648
-104.778 39.686
-104.795 39.692
-104.801 39.691
-104.992 39.617
-104.797 39.698
-104.960 39.655
-104.804 39.632
-104.787 39.634
-104.795 39.633
-104.787 39.642
-104.777 39.649
-104.804 39.636
-104.825 39.675
-104.833 39.679
-104.833 39.671
-104.836 39.665
-104.857 39.664
-104.842 39.671
-104.843 39.678
-104.825 39.636
-104.824 39.629
-104.821 39.648
-104.819 39.661
-104.759 39.674
-104.781 39.655
-104.781 39.663
-104.764 39.666
-104.761 39.642
-104.774 39.692
-104.799 39.710
-105.019 39.624
-104.750 39.602
-104.764 39.605
-104.842 39.738
-104.898 39.673
-104.888 39.678
-104.872 39.693
-104.878 39.685
-104.887 39.690
-104.908 39.598
-104.739 39.724
-104.665 39.662
-104.650 39.602
-104.503 39.656
-104.954 39.577
-104.965 39.570
-104.966 39.577
-104.970 39.585
-104.964 39.585
-104.675 39.709
-104.737 39.614
-104.738 39.608
-104.796 39.704
-104.785 39.703
-104.796 39.730
-104.796 39.737
-104.988 39.609
-104.797 39.651
-104.818 39.627
-104.786 39.649
-104.807 39.646
-104.812 39.648
-104.851 39.678
-104.843 39.685
-104.842 39.693
-104.850 39.700
-104.852 39.685
-104.859 39.698
-104.831 39.660
-104.835 39.661
-104.843 39.663
-104.850 39.671
-104.841 39.627
-104.880 39.640
-104.864 39.613
-104.883 39.574
-104.815 39.718
-104.787 39.627
-104.770 39.627
-104.748 39.635
-104.746 39.628
-104.762 39.610
-104.780 39.605
-104.788 39.600
-104.988 39.621
-104.781 39.699
-104.731 39.600
-103.927 39.650
-104.928 39.606
-104.889 39.591
-104.886 39.583
-104.744 39.642
-104.909 39.570
-104.956 39.584
-104.951 39.591
-104.970 39.592
-104.900 39.599
-104.768 39.629
-104.759 39.629
-104.728 39.628
-104.998 39.609
-105.005 39.608
-105.002 39.598
-105.012 39.588
-105.003 39.587
-105.012 39.595
-104.797 39.678
-104.787 39.663
-104.792 39.671
-104.787 39.656
-104.796 39.664
-104.856 39.693
-104.858 39.671
-104.860 39.679
-104.861 39.686
-104.900 39.669
-104.899 39.678
-104.859 39.620
-104.871 39.606
-104.871 39.613
-104.870 39.620
-104.743 39.622
-104.748 39.619
-104.720 39.615
-104.763 39.591
-104.795 39.616
-104.801 39.622
-104.803 39.616
-104.733 39.591
-104.737 39.584
-104.899 39.570
-104.899 39.576
-104.909 39.577
-104.930 39.599
-104.937 39.604
-104.946 39.606
-104.950 39.599
-104.955 39.606
-104.972 39.598
-104.773 39.635
-104.745 39.650
-104.756 39.646
-104.765 39.647
-105.009 39.605
-104.805 39.731
-105.016 39.607
-105.016 39.578
-104.795 39.657
-104.824 39.642
-104.813 39.639
-104.805 39.663
-104.826 39.664
-104.824 39.666
-104.807 39.691
-104.885 39.670
-104.883 39.681
-104.870 39.678
-104.871 39.686
-104.883 39.693
-104.897 39.693
-104.881 39.614
-104.918 39.605
-104.886 39.597
-104.891 39.616
-104.781 39.620
-104.782 39.612
-104.797 39.646
-104.737 39.571
-104.707 39.574
-104.897 39.585
-104.899 39.591
-104.908 39.592
-104.908 39.586
-104.917 39.585
-104.964 39.602
-104.942 39.617
-104.964 39.616
-104.974 39.620
-104.925 39.642
-104.762 39.651
-104.777 39.642
-104.818 39.635
-104.769 39.644
-104.757 39.660
-105.018 39.588
-105.042 39.574
-105.051 39.589
-104.815 39.693
-104.824 39.693
-104.817 39.699
-104.814 39.704
-104.801 39.718
-104.836 39.724
-105.031 39.621
-105.029 39.626
-105.022 39.617
-105.012 39.620
-105.003 39.617
-104.997 39.620
-104.908 39.614
-104.941 39.631
-104.701 39.584
-104.705 39.591
-104.708 39.618
-104.726 39.646
-104.917 39.592
-104.928 39.592
-104.927 39.584
-104.918 39.570
-104.918 39.577
-104.927 39.576
-104.936 39.646
-104.969 39.631
-104.959 39.646
-104.917 39.662
-104.764 39.658
-104.775 39.661
-104.781 39.671
-104.786 39.678
-105.032 39.592
-104.805 39.739
-105.048 39.606
-105.046 39.601
-105.032 39.614
-104.823 39.718
-104.843 39.707
-104.824 39.703
-104.808 39.702
-104.804 39.703
-104.860 39.707
-104.983 39.627
-104.994 39.632
-104.983 39.633
-104.983 39.639
-104.981 39.652
-104.983 39.646
-104.802 39.605
-104.934 39.573
-104.947 39.569
-104.945 39.575
-104.936 39.584
-104.927 39.672
-104.920 39.671
-104.861 39.702
-104.899 39.685
-104.935 39.706
-104.996 39.579
-104.983 39.575
-104.981 39.585
-104.993 39.586
-104.983 39.592
-105.039 39.623
-105.049 39.624
-105.044 39.614
-104.750 39.613
-104.759 39.619
-104.851 39.707
-104.837 39.717
-104.850 39.717
-104.855 39.713
-104.864 39.716
-104.814 39.619
-104.843 39.580
-104.968 39.655
-104.973 39.570
-104.975 39.577
-105.001 39.570
-104.974 39.605
-104.993 39.594
-104.974 39.613
-104.992 39.600
-104.982 39.607
-104.982 39.621
-104.768 39.620
-104.771 39.574
-104.725 39.609
-104.769 39.614
-104.786 39.588
-104.836 39.704
-104.814 39.734
-104.831 39.704
-104.821 39.732
-104.856 39.612
-104.854 39.607
-104.861 39.608
-104.849 39.600
-104.769 39.675
-104.769 39.688
-104.760 39.690
-104.784 39.694
-104.786 39.689
-105.035 39.599
-104.788 39.616
-104.777 39.622
-104.779 39.627
-104.813 39.657
-104.843 39.730
-104.853 39.723
-104.852 39.729
-104.861 39.729
-104.861 39.723
-104.872 39.598
-104.879 39.603
-104.917 39.599
-104.909 39.606
-104.963 39.659
-104.971 39.661
-104.778 39.616
-104.787 39.621
-104.803 39.627
-104.813 39.630
-104.871 39.722
-104.875 39.729
-104.856 39.737
-104.875 39.737
-104.803 39.671
-104.806 39.678
-104.978 39.660
-104.978 39.665
-104.985 39.662
-104.979 39.655
-105.021 39.632
-105.000 39.627
-104.800 39.684
-104.816 39.686
-104.816 39.672
-104.814 39.679
-104.825 39.686
-104.844 39.700
-104.833 39.689
-105.001 39.636
-104.999 39.640
-104.994 39.642
-104.995 39.649
-105.027 39.639
-105.030 39.650
-105.014 39.647
-105.008 39.666
-104.992 39.661
-104.997 39.657
-105.037 39.920
-105.074 39.941
-105.067 39.936
-105.058 39.942
-105.063 39.951
-105.045 39.951
-104.966 40.022
-104.975 40.021
-105.018 39.990
-105.047 39.969
-105.018 39.951
-105.043 39.937
-105.030 39.933
-105.028 39.940
-105.044 39.920
-105.048 39.924
-105.058 39.933
-105.062 39.925
-105.066 39.919
-105.068 39.916
-105.084 39.938
-105.087 39.918
-105.077 39.926
-105.082 39.931
-105.087 39.925
-105.098 39.927
-105.104 39.932
-105.123 39.941
-105.078 39.986
-105.133 39.952
-105.080 39.973
-105.291 40.053
-105.139 39.970
-105.152 39.968
-105.085 39.997
-105.256 40.009
-105.284 40.006
-105.259 40.012
-105.271 40.011
-105.142 40.149
-105.113 40.170
-105.124 40.180
-105.146 40.178
-105.070 40.178
-105.079 40.170
-105.100 39.979
-105.086 39.991
-105.074 40.033
-105.087 40.046
-105.065 40.045
-105.085 40.092
-105.117 40.093
-105.289 40.010
-105.279 40.011
-105.290 40.014
-105.263 40.019
-105.286 40.012
-105.097 40.179
-105.096 40.186
-105.124 40.186
-105.135 40.200
-105.110 40.159
-105.143 40.100
-105.124 40.130
-105.264 40.016
-105.271 40.021
-105.263 40.022
-105.276 40.024
-105.284 40.023
-105.277 40.028
-105.265 40.104
-105.242 40.033
-105.134 40.178
-105.136 40.185
-105.145 40.188
-105.084 40.200
-105.107 40.185
-105.107 40.178
-105.082 40.150
-105.067 40.166
-105.141 40.138
-105.081 40.185
-105.064 40.185
-105.225 40.041
-105.265 40.027
-105.289 40.027
-105.262 40.032
-105.114 40.181
-105.124 40.174
-105.159 40.195
-105.148 40.184
-105.110 40.191
-105.079 40.178
-105.061 40.178
-105.107 40.197
-105.128 40.200
-105.098 40.192
-105.098 40.200
-105.211 40.065
-105.269 40.032
-105.277 40.040
-105.289 40.037
-105.268 40.040
-105.288 40.044
-105.142 40.198
-105.112 40.200
-105.121 40.199
-105.124 40.192
-105.123 40.161
-105.117 40.025
-105.088 40.019
-105.098 40.008
-105.125 40.010
-105.277 40.047
-105.218 40.055
-105.079 40.193
-105.065 40.196
-105.135 40.192
-105.158 40.168
-105.061 40.171
-105.168 40.144
-105.112 39.984
-105.158 40.008
-105.162 39.994
-105.153 39.990
-105.198 40.055
-105.289 40.018
-105.150 39.975
-105.104 39.990
-105.079 39.986
-105.115 39.992
-105.095 39.993
-105.123 39.996
-105.153 39.920
-105.154 39.944
-105.121 39.965
-105.291 40.069
-105.112 40.006
-105.102 39.997
-105.135 39.993
-105.156 39.980
-105.254 39.967
-105.276 39.979
-105.207 40.140
-105.157 39.961
-105.157 39.984
-105.126 39.982
-105.161 39.969
-105.086 40.007
-105.177 40.030
-105.174 40.058
-105.185 40.057
-105.064 40.061
-105.225 40.102
-105.327 40.085
-105.536 40.197
-105.247 40.011
-105.256 39.977
-105.245 39.984
-105.142 39.982
-105.190 39.979
-105.171 39.971
-105.159 40.138
-105.158 40.122
-105.121 40.145
-105.107 40.141
-105.256 39.973
-105.252 39.981
-105.256 39.986
-105.238 39.982
-105.240 39.978
-105.142 40.001
-105.161 39.936
-105.197 40.006
-105.164 39.923
-105.230 39.991
-105.152 39.934
-105.246 40.045
-105.250 39.998
-105.242 39.995
-105.235 39.996
-105.242 39.988
-105.089 40.192
-105.253 40.048
-105.186 40.071
-105.155 40.058
-105.128 39.975
-105.219 40.004
-105.235 39.990
-105.252 39.990
-105.249 39.993
-105.266 39.986
-105.256 40.002
-105.230 40.003
-105.188 40.066
-105.201 40.066
-105.195 40.079
-105.142 39.933
-105.143 39.940
-105.248 39.972
-105.250 40.038
-105.232 40.010
-105.245 40.006
-105.248 40.002
-105.267 40.006
-105.274 40.004
-105.269 40.002
-105.160 40.080
-105.161 40.093
-105.176 40.094
-105.305 40.125
-105.263 39.972
-105.267 39.994
-105.277 39.996
-105.283 40.002
-105.277 40.007
-105.179 39.951
-105.247 39.978
-105.258 39.997
-105.237 40.011
-105.243 40.023
-105.251 40.035
-105.108 40.148
-105.113 40.135
-105.091 40.168
-105.089 40.179
-105.406 40.047
-105.383 39.950
-105.409 39.977
-105.262 39.948
-105.093 40.232
-105.289 40.031
-105.267 40.049
-105.277 40.033
-105.291 40.023
-105.244 40.162
-105.262 40.004
-105.271 40.017
-105.261 40.041
-105.277 40.057
-105.228 40.012
-105.256 40.005
-105.239 40.003
-105.200 39.991
-105.165 40.150
-105.086 40.169
-105.099 40.166
-105.106 40.169
-105.279 40.017
-105.315 40.050
-105.228 40.082
-105.339 40.206
-105.412 40.016
-105.465 39.987
-105.351 40.051
-105.165 40.107
-105.264 40.243
-105.152 40.227
-105.194 40.213
-105.596 39.977
-105.397 40.121
-105.552 40.077
