-73.586 41.036
-73.163 41.189
-73.464 41.216
-73.529 41.155
-73.528 41.082
-73.164 41.203
-73.661 41.022
-73.205 41.278
-73.380 41.467
-73.447 41.386
-73.214 41.202
-73.387 41.294
-73.300 41.265
-73.111 41.245
-73.345 41.126
-73.479 41.439
-73.251 41.343
-73.141 41.282
-73.180 41.192
-73.327 41.151
-73.410 41.151
-73.197 41.188
-73.227 41.152
-73.243 41.375
-73.435 41.435
-73.231 41.239
-73.622 41.032
-73.141 41.328
-73.390 41.408
-73.432 41.111
-73.240 41.252
-73.335 41.420
-73.426 41.084
-73.172 41.210
-73.506 41.161
-73.151 41.188
-73.105 41.310
-73.181 41.183
-73.209 41.314
-73.543 41.051
-73.460 41.402
-73.594 41.064
-73.494 41.423
-73.402 41.326
-73.209 41.233
-73.363 41.191
-73.244 41.143
-73.440 41.174
-73.651 40.997
-73.403 41.113
-73.459 41.389
-73.123 41.179
-73.151 41.223
-73.516 41.065
-73.241 41.186
-73.558 41.051
-73.635 41.023
-73.552 41.068
-73.620 41.027
-73.566 41.112
-73.488 41.298
-73.497 41.086
-73.207 41.173
-73.200 41.158
-73.632 41.025
-73.644 41.065
-73.191 41.180
-73.455 41.431
-73.446 41.401
-73.643 41.016
-73.124 41.199
-73.143 41.193
-73.209 41.245
-73.198 41.220
-73.391 41.143
-73.132 41.158
-73.483 41.101
-73.577 41.053
-73.465 41.081
-73.086 41.298
-73.515 41.402
-73.374 41.233
-73.425 41.216
-73.571 41.152
-73.172 41.169
-73.183 41.199
-73.522 41.088
-73.435 41.067
-73.531 41.035
-73.619 41.067
-73.143 41.177
-73.416 41.407
-73.548 41.102
-73.274 41.203
-73.135 41.228
-73.377 41.145
-73.618 40.994
-73.434 41.391
-73.540 41.101
-73.263 41.170
-73.187 41.214
-73.593 41.040
-73.411 41.056
-73.454 41.407
-73.257 41.172
-73.525 41.062
-73.213 41.168
-73.523 41.002
-73.170 41.235
-73.497 41.384
-73.243 41.318
-73.622 41.041
-73.451 41.354
-73.205 41.188
-73.129 41.252
-73.274 41.149
-73.507 41.076
-73.149 41.203
-73.589 41.000
-73.440 41.090
-73.173 41.255
-73.578 41.124
-73.140 41.209
-73.507 41.051
-73.252 41.411
-73.605 41.143
-73.171 41.319
-73.410 41.384
-73.176 41.200
-73.499 41.580
-73.234 41.174
-73.473 41.026
-73.533 41.060
-73.485 41.371
-73.227 41.219
-73.244 41.212
-73.121 41.216
-73.311 41.364
-73.375 41.388
-73.390 41.117
-73.422 41.095
-73.379 41.364
-73.476 41.158
-73.233 41.196
-73.491 41.054
-73.409 41.131
-73.315 41.127
-73.247 41.168
-73.541 41.070
-73.216 41.181
-73.464 41.397
-73.232 41.264
-73.202 41.199
-73.544 41.086
-73.205 41.250
-73.175 41.216
-73.225 41.184
-73.565 41.057
-73.190 41.362
-73.101 41.274
-73.197 41.206
-73.632 41.107
-73.303 41.182
-73.418 41.468
-73.416 41.357
-73.569 40.995
-73.451 41.116
-73.527 41.451
-73.489 41.268
-73.551 41.034
-73.417 41.115
-73.516 41.334
-73.355 41.172
-73.348 41.095
-73.209 41.221
-73.486 41.490
-73.663 41.034
-73.647 41.038
-73.679 41.087
-73.216 41.078
-73.538 41.137
-73.439 41.142
-73.218 41.162
-73.276 41.132
-73.575 41.086
-73.250 41.282
-72.779 41.685
-72.598 41.773
-72.702 41.804
-72.592 41.909
-72.964 41.702
-72.585 41.956
-72.575 41.656
-72.670 41.838
-72.455 41.633
-72.487 41.798
-72.856 41.979
-72.725 41.750
-72.695 41.717
-72.491 41.775
-72.851 41.641
-72.731 41.688
-72.543 41.901
-72.781 41.767
-72.660 41.721
-72.834 41.618
-72.668 41.756
-72.497 41.754
-72.711 41.764
-72.764 41.684
-72.776 41.697
-72.692 41.650
-72.708 41.773
-72.936 41.661
-72.708 41.849
-72.857 41.566
-72.691 41.789
-72.726 41.733
-72.635 41.762
-72.725 41.762
-72.541 42.023
-72.713 41.941
-72.751 41.756
-72.697 41.815
-72.638 41.876
-72.755 41.637
-72.599 41.790
-72.757 41.602
-72.770 41.663
-72.674 41.765
-72.735 41.660
-72.968 41.657
-72.902 41.790
-72.656 41.691
-72.707 41.756
-72.750 41.943
-72.590 41.753
-72.792 41.675
-72.495 41.698
-72.820 41.784
-72.594 42.000
-72.556 41.953
-72.688 41.739
-72.786 41.722
-72.724 41.791
-72.542 41.726
-72.678 41.677
-72.773 41.797
-72.742 41.775
-72.907 41.711
-72.750 41.793
-72.510 41.726
-72.679 41.995
-72.768 41.817
-72.695 41.697
-72.845 41.593
-72.657 41.936
-72.662 41.789
-72.807 41.657
-72.617 41.707
-72.902 41.689
-72.750 41.711
-72.739 41.747
-72.798 41.589
-72.632 41.736
-72.738 41.795
-72.751 41.734
-72.579 42.021
-72.539 41.803
-72.781 41.706
-72.622 41.811
-72.804 41.683
-72.886 41.575
-72.859 41.796
-72.698 41.737
-72.747 41.725
-72.817 41.897
-72.598 41.968
-72.847 41.662
-72.536 41.771
-72.875 41.687
-72.905 41.660
-72.732 41.773
-72.572 42.003
-72.871 41.708
-72.688 41.772
-72.749 41.677
-72.840 41.751
-72.774 41.672
-72.659 41.740
-72.686 41.750
-72.874 41.610
-72.920 41.682
-72.788 41.872
-72.791 41.671
-72.880 41.596
-72.895 41.679
-72.736 41.759
-72.716 41.711
-72.508 41.790
-72.906 41.630
-72.675 41.818
-72.761 41.744
-72.775 41.680
-72.691 41.758
-72.714 41.681
-72.706 41.729
-72.711 41.790
-72.687 41.684
-72.561 41.773
-72.802 41.669
-72.908 41.860
-72.549 41.788
-72.521 41.773
-72.521 41.983
-72.659 41.666
-72.913 41.599
-72.779 41.660
-72.875 41.665
-72.805 41.957
-72.665 41.692
-72.568 41.684
-72.601 41.740
-72.959 41.760
-72.759 41.663
-72.913 41.600
-72.680 41.732
-72.831 41.842
-72.670 41.855
-72.752 41.749
-72.584 41.725
-72.858 41.604
-72.652 41.917
-72.680 41.705
-72.746 41.845
-72.973 41.681
-72.721 41.767
-72.758 41.778
-72.641 41.702
-72.554 41.707
-72.694 41.885
-72.802 41.622
-72.742 41.765
-72.699 41.795
-72.587 41.837
-72.916 41.574
-72.550 41.994
-72.672 41.798
-72.641 41.660
-72.699 41.769
-72.761 41.868
-72.726 41.624
-72.875 41.758
-72.513 41.845
-72.929 41.701
-72.736 41.706
-72.648 41.826
-72.553 41.750
-72.672 41.775
-72.668 41.711
-72.632 41.786
-72.587 41.700
-72.672 41.749
-72.772 41.653
-72.779 41.665
-72.840 41.682
-72.825 41.724
-72.563 41.860
-72.714 41.660
-72.856 41.876
-72.810 41.685
-72.721 41.823
-72.884 41.738
-72.546 41.820
-72.949 42.004
-72.699 41.909
-72.706 41.744
-72.467 41.313
-72.669 41.580
-72.668 41.539
-72.506 41.498
-72.605 41.527
-72.437 41.225
-72.639 41.540
-72.415 41.350
-72.715 41.518
-72.666 41.464
-72.686 41.558
-72.676 41.548
-72.528 41.294
-72.631 41.555
-72.368 41.289
-72.720 41.459
-72.709 41.570
-72.557 41.440
-72.730 41.574
-72.394 41.480
-72.651 41.558
-72.457 41.270
-72.641 41.548
-72.551 41.470
-72.664 41.612
-72.589 41.599
-72.483 41.406
-72.671 41.520
-72.578 41.379
-72.688 41.583
-72.507 41.570
-72.462 41.369
-72.657 41.568
-72.402 41.302
-73.103 41.922
-73.196 41.980
-73.474 41.640
-73.000 41.928
-73.088 41.804
-73.086 41.670
-73.234 41.850
-73.211 41.637
-73.081 42.002
-73.401 41.541
-73.081 41.615
-73.158 41.799
-73.314 41.652
-73.131 41.794
-73.108 41.816
-73.122 41.736
-73.068 41.783
-73.373 41.608
-73.116 41.704
-73.145 41.845
-73.438 41.857
-73.208 41.690
-73.330 41.847
-72.989 41.874
-73.172 41.555
-73.345 41.741
-73.429 41.539
-73.405 41.584
-73.262 41.726
-73.214 41.563
-73.426 41.986
-73.450 41.585
-73.421 41.647
-73.082 41.813
-73.454 41.730
-73.198 41.755
-73.013 41.830
-73.114 41.628
-73.078 41.851
-73.310 41.960
-73.109 41.797
-73.115 41.576
-73.294 42.022
-73.027 41.693
-73.026 41.649
-72.928 41.937
-73.145 41.626
-73.360 41.521
-73.054 41.742
-73.300 41.554
-72.370 41.803
-72.439 41.766
-72.307 41.694
-72.492 41.848
-72.259 41.890
-72.160 41.993
-72.444 41.825
-72.347 41.866
-72.376 41.733
-72.390 41.659
-72.361 41.986
-72.459 41.854
-72.256 41.774
-72.402 41.930
-72.382 41.891
-72.253 41.814
-72.191 41.788
-72.477 41.846
-72.440 41.860
-72.482 41.814
-72.286 41.958
-72.481 41.905
-72.305 41.760
-72.453 41.995
-72.264 42.000
-71.818 41.703
-71.896 41.750
-71.954 41.787
-71.896 41.814
-71.883 41.793
-71.924 41.720
-72.212 41.706
-72.000 41.698
-72.022 41.969
-72.058 41.784
-72.230 41.720
-71.918 41.695
-72.092 41.891
-71.883 41.824
-71.841 41.795
-71.899 41.978
-71.863 41.907
-71.868 41.724
-71.836 41.956
-71.899 41.850
-71.936 42.010
-71.912 41.919
-71.907 41.662
-71.983 41.867
-72.204 41.719
-72.088 41.698
-72.161 41.734
-71.828 41.837
-71.828 42.003
-72.143 41.615
-71.838 41.870
-72.155 41.695
-72.128 41.793
-71.883 41.812
-72.171 41.891
-72.102 41.356
-72.109 41.508
-72.090 41.466
-72.109 41.472
-72.100 41.433
-72.136 41.434
-72.196 41.437
-72.344 41.397
-72.055 41.572
-72.060 41.544
-71.996 41.445
-71.944 41.399
-72.124 41.404
-72.063 41.430
-72.094 41.342
-72.082 41.380
-72.102 41.372
-72.068 41.314
-72.077 41.353
-71.957 41.336
-71.983 41.353
-71.997 41.384
-72.050 41.376
-72.004 41.329
-72.039 41.316
-72.001 41.522
-71.875 41.470
-71.832 41.580
-71.915 41.580
-71.965 41.616
-72.014 41.601
-72.086 41.585
-72.076 41.630
-72.141 41.304
-72.266 41.485
-72.231 41.314
-72.200 41.316
-72.245 41.387
-72.171 41.381
-72.329 41.561
-72.165 41.481
-72.117 41.540
-72.175 41.545
-72.240 41.631
-72.303 41.315
-72.226 41.255
-72.283 41.570
-72.401 41.558
-71.856 41.367
-71.907 41.334
-71.904 41.388
-72.065 41.517
-72.095 41.538
-72.076 41.530
-72.086 41.519
-72.079 41.558
-72.086 41.301
-72.107 41.338
-72.138 41.345
-72.112 41.351
-72.117 41.362
-72.821 41.534
-72.821 41.526
-73.047 41.559
-72.969 41.330
-72.943 41.322
-72.993 41.426
-72.758 41.275
-72.794 41.255
-72.836 41.519
-72.840 41.547
-73.123 41.527
-73.016 41.242
-73.024 41.536
-73.038 41.550
-73.021 41.546
-73.039 41.539
-72.945 41.268
-72.948 41.330
-72.960 41.340
-72.971 41.335
-72.783 41.284
-72.801 41.301
-72.842 41.257
-73.000 41.234
-73.062 41.252
-72.950 41.260
-72.947 41.282
-72.835 41.285
-72.808 41.259
-72.890 41.483
-72.888 41.538
-72.870 41.517
-72.933 41.539
-73.094 41.226
-73.051 41.223
-73.063 41.203
-72.960 41.274
-72.957 41.298
-72.977 41.303
-72.926 41.508
-72.909 41.514
-72.923 41.474
-73.080 41.199
-73.101 41.188
-73.103 41.201
-73.009 41.223
-72.970 41.281
-72.970 41.257
-72.976 41.242
-72.865 41.292
-72.869 41.254
-73.043 41.472
-73.076 41.479
-72.986 41.249
-72.978 41.267
-72.975 41.291
-72.970 41.571
-72.836 41.337
-72.885 41.262
-73.081 41.506
-73.036 41.483
-73.017 41.465
-73.014 41.481
-72.965 41.614
-73.005 41.601
-73.010 41.357
-72.925 41.312
-72.936 41.315
-72.849 41.315
-72.702 41.275
-72.719 41.323
-72.671 41.313
-72.708 41.382
-72.889 41.423
-73.061 41.494
-73.035 41.506
-73.074 41.494
-72.934 41.301
-72.943 41.297
-72.924 41.291
-72.934 41.356
-72.939 41.342
-73.065 41.507
-72.776 41.336
-72.778 41.386
-72.856 41.377
-72.851 41.354
-72.887 41.377
-72.869 41.412
-72.840 41.401
-73.023 41.296
-73.031 41.269
-73.135 41.431
-72.989 41.492
-72.963 41.506
-73.086 41.384
-72.928 41.298
-72.927 41.300
-72.935 41.307
-72.924 41.306
-72.910 41.304
-72.907 41.381
-72.920 41.346
-72.896 41.345
-73.118 41.365
-73.058 41.393
-73.196 41.452
-73.179 41.491
-73.250 41.463
-73.276 41.488
-73.219 41.495
-72.787 41.422
-72.809 41.445
-72.793 41.461
-72.822 41.431
-72.848 41.446
-72.855 41.466
-72.912 41.310
-72.913 41.317
-72.952 41.359
-72.920 41.402
-72.930 41.437
-72.909 41.360
-72.949 41.377
-72.595 41.283
-72.643 41.366
-72.838 41.495
-72.808 41.486
-72.760 41.466
-73.073 41.542
-73.028 41.525
-72.898 41.325
-72.873 41.315
-72.874 41.328
-72.809 41.556
-72.810 41.543
-73.060 41.526
-73.038 41.563
-72.883 41.307
-72.897 41.311
-72.795 41.540
-72.784 41.560
-73.026 41.563
-73.017 41.556
-73.029 41.593
-73.045 41.580
-72.893 41.316
-72.900 41.305
-72.897 41.290
-72.895 41.265
-72.924 41.329
-72.868 41.326
-72.815 41.187
-73.063 41.317
-72.785 41.543
-72.763 41.558
-73.080 41.572
-73.067 41.564
-73.055 41.575
-73.036 41.593
-72.919 41.327
-72.932 41.332
-72.933 41.326
-73.101 41.334
-73.074 41.345
-73.071 41.352
-72.758 41.519
-72.788 41.517
-73.072 41.557
-73.059 41.551
-72.998 41.560
-72.980 41.543
-72.929 41.316
-72.948 41.306
-72.951 41.317
-73.081 41.356
-73.078 41.350
-73.093 41.350
-73.084 41.338
-72.779 41.507
-72.777 41.532
-72.790 41.526
-73.010 41.537
-73.003 41.543
-72.963 41.318
-72.982 41.320
-73.054 41.343
-73.063 41.334
-73.075 41.339
-73.057 41.439
-72.804 41.531
-72.806 41.517
