-75.423 38.921
-75.624 38.863
-75.521 38.925
-75.422 38.930
-75.518 39.175
-75.631 39.068
-75.629 39.297
-75.568 39.152
-75.631 39.101
-75.526 39.074
-75.618 39.295
-75.448 39.166
-75.625 39.292
-75.492 39.093
-75.426 39.088
-75.632 39.182
-75.612 39.133
-75.575 39.163
-75.592 39.173
-75.579 39.192
-75.553 39.192
-75.568 39.205
-75.687 39.236
-75.709 39.287
-75.634 39.282
-75.622 39.284
-75.611 39.298
-75.458 39.300
-75.557 39.228
-75.366 39.180
-75.468 39.128
-75.345 39.113
-75.466 39.060
-75.304 39.024
-75.469 38.957
-75.497 39.022
-75.564 39.071
-75.500 39.073
-75.500 39.108
-75.534 39.092
-75.537 39.042
-75.642 39.033
-75.640 38.980
-75.567 38.927
-75.577 39.040
-75.570 39.130
-75.540 39.128
-75.542 39.143
-75.528 39.158
-75.532 39.166
-75.651 38.914
-75.599 39.304
-75.542 39.198
-75.490 39.174
-75.688 39.110
-75.714 39.158
-75.565 39.175
-75.600 39.229
-75.559 39.275
-75.451 39.225
-75.479 39.154
-75.526 39.120
-75.561 39.107
-75.514 39.133
-75.522 39.144
-75.482 39.114
-75.545 39.180
-75.681 39.648
-75.675 39.664
-75.588 39.670
-75.645 39.682
-75.541 39.745
-75.711 39.468
-75.710 39.615
-75.572 39.745
-75.507 39.763
-75.562 39.747
-75.452 39.792
-75.528 39.814
-75.532 39.684
-75.564 39.734
-75.540 39.739
-75.562 39.654
-75.681 39.693
-75.762 39.637
-75.751 39.630
-75.732 39.617
-75.540 39.751
-75.528 39.755
-75.659 39.729
-75.665 39.735
-75.478 39.760
-75.711 39.788
-75.629 39.742
-75.510 39.823
-75.507 39.830
-75.658 39.755
-75.609 39.719
-75.654 39.646
-75.665 39.705
-75.758 39.616
-75.622 39.430
-75.575 39.382
-75.741 39.516
-75.723 39.399
-75.707 39.716
-75.700 39.716
-75.707 39.725
-75.727 39.776
-75.687 39.720
-75.643 39.727
-75.588 39.731
-75.584 39.648
-75.772 39.711
-75.768 39.701
-75.721 39.685
-75.720 39.631
-75.625 39.719
-75.643 39.712
-75.581 39.726
-75.708 39.705
-75.553 39.780
-75.566 39.766
-75.544 39.757
-75.689 39.709
-75.750 39.742
-75.735 39.764
-75.699 39.728
-75.693 39.627
-75.663 39.658
-75.542 39.741
-75.652 39.723
-75.681 39.629
-75.672 39.625
-75.670 39.636
-75.643 39.719
-75.529 39.760
-75.518 39.765
-75.576 39.733
-75.573 39.760
-75.590 39.769
-75.729 39.750
-75.733 39.598
-75.683 39.604
-75.688 39.656
-75.668 39.617
-75.668 39.723
-75.708 39.647
-75.661 39.639
-75.663 39.650
-75.671 39.647
-75.534 39.764
-75.526 39.767
-75.540 39.763
-75.542 39.754
-75.538 39.759
-75.597 39.786
-75.578 39.747
-75.574 39.750
-75.583 39.753
-75.720 39.599
-75.701 39.605
-75.655 39.620
-75.502 39.757
-75.497 39.749
-75.680 39.556
-75.694 39.636
-75.646 39.639
-75.778 39.615
-75.764 39.590
-75.510 39.801
-75.523 39.824
-75.528 39.833
-75.640 39.749
-75.671 39.759
-75.704 39.455
-75.490 39.783
-75.706 39.591
-75.761 39.557
-75.554 39.743
-75.623 39.732
-75.649 39.747
-75.549 39.750
-75.554 39.710
-75.567 39.739
-75.495 39.803
-75.751 39.580
-75.571 39.678
-75.558 39.749
-75.541 39.818
-75.564 39.819
-75.511 39.792
-75.668 39.745
-75.685 39.754
-75.465 39.778
-75.491 39.788
-75.548 39.741
-75.549 39.746
-75.731 39.689
-75.543 39.743
-75.580 39.740
-75.595 39.752
-75.544 39.714
-75.486 39.809
-75.607 39.727
-75.597 39.723
-75.520 39.797
-75.539 39.787
-75.526 39.804
-75.693 39.759
-75.694 39.767
-75.492 39.828
-75.479 39.824
-75.467 39.823
-75.482 39.818
-75.564 39.744
-75.543 39.739
-75.505 39.731
-75.563 39.734
-75.571 39.751
-75.563 39.756
-75.562 39.748
-75.557 39.753
-75.542 39.805
-75.644 39.666
-75.661 39.645
-75.721 39.678
-75.518 39.815
-75.622 39.755
-75.690 39.782
-75.678 39.729
-75.503 39.790
-75.496 39.794
-75.629 39.563
-75.584 39.524
-75.708 39.688
-75.651 39.591
-75.570 39.754
-75.592 39.758
-75.583 39.756
-75.563 39.751
-75.648 39.734
-75.654 39.743
-75.524 39.714
-75.558 39.758
-75.556 39.747
-75.618 39.744
-75.592 39.747
-75.606 39.747
-75.705 39.332
-75.643 39.344
-75.593 39.742
-75.682 39.742
-75.692 39.734
-75.549 39.759
-75.517 39.758
-75.760 39.495
-75.569 39.748
-75.481 39.799
-75.465 39.800
-75.709 39.677
-75.561 39.693
-75.694 39.687
-75.494 39.770
-75.431 39.804
-75.448 39.804
-75.475 39.793
-75.559 39.704
-75.603 39.736
-75.720 39.641
-75.706 39.744
-75.695 39.750
-75.541 39.797
-75.559 39.796
-75.654 39.763
-75.666 39.792
-75.684 39.808
-75.503 39.811
-75.512 39.807
-75.520 39.773
-75.517 39.783
-75.620 39.469
-75.679 39.492
-75.685 39.439
-75.568 39.582
-75.686 39.529
-75.590 39.720
-75.664 39.717
-75.679 39.706
-75.691 39.700
-75.485 39.793
-75.533 39.808
-75.532 39.820
-75.646 39.646
-75.625 39.669
-75.649 39.688
-75.612 39.684
-75.765 39.693
-75.719 39.767
-75.636 39.811
-75.622 39.782
-75.593 39.736
-75.702 39.693
-75.733 39.703
-75.530 39.784
-75.468 39.803
-75.573 39.778
-75.596 39.817
-75.784 39.648
-75.784 39.686
-75.772 39.679
-75.536 39.793
-75.727 39.709
-75.584 39.679
-75.620 39.712
-75.591 39.705
-75.569 39.712
-75.617 39.660
-75.780 39.700
-75.745 39.719
-75.745 39.679
-75.634 39.660
-75.629 39.653
-75.625 39.661
-75.614 39.648
-75.600 39.623
-75.535 39.749
-75.775 39.684
-75.705 39.667
-75.579 39.683
-75.768 39.646
-75.560 39.749
-75.568 39.673
-75.565 39.686
-75.746 39.687
-75.717 39.658
-75.727 39.655
-75.719 39.566
-75.638 39.634
-75.702 39.736
-75.718 39.732
-75.721 39.669
-75.743 39.660
-75.558 39.744
-75.564 39.741
-75.698 39.781
-75.499 39.818
-75.555 39.752
-75.676 39.774
-75.587 39.688
-75.571 39.689
-75.743 39.695
-75.770 39.666
-75.778 39.669
-75.642 39.655
-75.573 39.740
-75.547 39.701
-75.713 39.757
-75.775 39.600
-75.748 39.451
-75.597 39.759
-75.631 39.769
-75.732 39.669
-75.704 39.619
-75.685 39.680
-75.766 39.658
-75.585 39.748
-75.470 39.808
-75.548 39.736
-75.544 39.661
-75.688 39.674
-75.691 39.667
-75.253 38.678
-75.332 38.630
-75.265 38.498
-75.241 38.554
-75.306 38.558
-75.221 38.598
-75.283 38.603
-75.335 38.673
-75.374 38.625
-75.354 38.507
-75.355 38.741
-75.402 38.856
-75.436 38.810
-75.461 38.898
-75.451 38.879
-75.500 38.633
-75.598 38.581
-75.573 38.553
-75.479 38.480
-75.453 38.575
-75.516 38.522
-75.561 38.620
-75.615 38.610
-75.656 38.696
-75.613 38.663
-75.575 38.658
-75.600 38.807
-75.630 38.737
-75.610 38.643
-75.633 38.534
-75.630 38.483
-75.375 38.697
-75.473 38.694
-75.425 38.907
-75.106 38.725
-75.112 38.468
-75.165 38.567
-75.510 38.858
-75.673 38.610
-75.671 38.663
-75.488 38.775
-75.087 38.565
-75.128 38.557
-75.069 38.475
-75.036 38.591
-75.290 38.930
-75.203 38.875
-75.379 38.799
-75.140 38.677
-75.117 38.700
-75.083 38.715
-75.095 38.786
-75.195 38.747
-75.146 38.780
-75.150 38.635
-75.174 38.652
-75.189 38.697
-75.190 38.616
-75.127 38.621
-75.139 38.500
-75.207 38.468
-75.232 38.768
-75.302 38.766
-75.293 38.694
