-83.216 33.479
-83.150 33.689
-83.205 33.607
-83.082 33.541
-83.136 33.433
-83.041 33.619
-83.044 33.481
-83.325 33.648
-82.168 31.109
-82.234 31.201
-82.102 31.155
-81.996 31.224
-81.919 31.326
-81.907 31.197
-81.844 31.183
-81.790 31.271
-81.994 31.109
-83.539 32.312
-83.506 32.190
-83.397 32.243
-82.382 33.608
-82.101 33.539
-82.100 33.531
-82.167 33.467
-82.212 33.468
-82.119 33.514
-82.131 33.522
-82.116 33.501
-82.158 33.487
-82.126 33.489
-82.143 33.489
-82.101 33.501
-82.251 33.621
-82.163 33.582
-82.301 33.665
-82.143 33.585
-82.132 33.504
-82.108 33.520
-84.693 34.851
-84.805 34.853
-84.736 34.787
-84.829 34.751
-84.843 34.665
-84.709 34.683
-84.725 34.938
-84.112 32.397
-83.933 32.406
-83.967 32.271
-84.121 32.258
-84.037 32.301
-82.258 33.458
-82.332 33.470
-82.281 33.423
-82.294 33.390
-82.222 33.425
-82.223 33.509
-82.184 33.504
-82.159 33.520
-82.169 33.545
-82.143 33.536
-82.152 33.502
-82.214 33.551
-82.189 33.446
-82.179 33.588
-82.108 33.551
-82.080 33.563
-82.112 33.578
-82.050 33.548
-82.073 33.547
-82.067 33.531
-82.059 33.536
-82.080 33.526
-82.090 33.516
-82.130 33.547
-82.135 33.564
-82.154 33.565
-82.309 33.539
-82.695 33.206
-82.543 33.265
-82.622 33.153
-82.628 33.240
-85.526 34.756
-85.513 34.855
-85.457 34.944
-85.490 34.753
-85.553 34.957
-84.094 34.834
-84.042 34.963
-83.979 34.937
-84.011 34.832
-84.045 34.724
-83.939 34.891
-83.859 34.865
-83.864 34.778
-83.938 34.814
-84.056 34.892
-84.125 34.945
-85.560 34.894
-85.428 34.899
-84.132 31.584
-84.309 31.486
-84.222 31.554
-84.159 31.546
-84.168 31.564
-84.192 31.539
-84.177 31.486
-84.366 31.575
-84.241 31.576
-84.221 31.593
-84.224 31.606
-84.245 31.608
-84.193 31.589
-84.131 31.522
-84.185 31.573
-84.188 31.601
-84.199 31.616
-84.159 31.588
-84.158 31.572
-84.096 31.569
-84.030 31.595
-82.658 32.425
-82.547 32.379
-82.592 32.478
-82.504 32.457
-82.677 32.341
-82.429 32.415
-84.055 31.535
-84.120 31.599
-84.093 31.595
-84.127 31.613
-84.073 31.477
-84.132 31.550
-84.137 31.567
-81.859 32.606
-81.788 32.402
-81.877 32.292
-81.766 32.474
-81.793 32.550
-81.768 32.340
-81.751 32.242
-81.638 32.230
-81.659 32.361
-81.773 32.425
-81.673 32.494
-81.580 32.424
-81.529 32.296
-81.944 32.539
-81.861 32.457
-81.900 32.377
-84.952 31.040
-84.808 30.972
-84.871 31.040
-84.910 30.910
-84.845 30.813
-84.475 33.480
-84.478 33.433
-84.473 33.459
-84.459 33.472
-84.518 33.522
-84.475 33.522
-84.454 33.532
-84.474 33.501
-84.404 33.455
-84.439 33.442
-84.423 33.422
-84.454 33.407
-84.484 33.361
-84.420 33.355
-84.417 33.399
-84.457 33.297
-84.517 33.324
-84.549 33.391
-84.546 33.375
-84.555 33.369
-84.573 33.395
-84.559 33.394
-84.535 33.369
-83.003 30.958
-83.110 31.042
-83.010 31.114
-85.359 33.950
-85.344 34.036
-85.257 34.020
-85.172 33.959
-85.011 34.051
-85.030 33.986
-85.209 34.059
-85.234 33.942
-85.296 33.946
-85.121 34.031
-85.087 33.942
-84.607 33.417
-84.567 33.497
-84.541 33.462
-84.573 33.434
-84.594 33.429
-84.579 33.411
-84.573 33.368
-84.607 33.464
-84.442 33.458
-84.423 33.482
-84.517 33.430
-84.506 33.397
-84.553 33.416
-85.103 34.656
-85.185 34.640
-85.261 34.638
-85.352 34.621
-85.408 34.674
-85.478 34.663
-85.289 34.881
-85.093 33.758
-85.099 33.815
-85.081 33.871
-85.158 33.880
-85.226 33.881
-85.319 33.875
-85.326 33.810
-85.283 33.745
-85.303 33.686
-85.212 33.714
-85.135 33.725
-85.206 33.811
-85.241 34.810
-85.314 34.899
-85.319 34.820
-85.305 34.958
-85.355 34.908
-85.285 34.936
-85.362 34.967
-85.411 34.867
-85.381 34.781
-85.200 34.737
-85.293 34.713
-82.056 31.691
-82.031 31.599
-82.104 31.543
-82.006 31.762
-81.808 31.616
-81.992 31.469
-81.903 31.569
-81.866 31.599
-81.879 31.537
-81.820 31.460
-81.925 31.688
-81.938 31.636
-81.917 31.609
-81.701 31.430
-81.889 31.622
-81.587 32.154
-81.303 31.901
-81.279 31.920
-81.295 31.832
-81.210 31.817
-81.362 31.901
-83.576 33.898
-83.348 33.840
-83.540 33.938
-83.487 33.913
-83.386 33.870
-83.416 33.900
-83.455 33.873
-83.507 33.878
-81.326 31.940
-81.693 32.138
-81.488 32.138
-81.454 32.188
-81.495 32.030
-82.915 33.566
-82.775 33.566
-84.021 33.320
-83.934 33.369
-83.903 33.244
-84.039 33.247
-83.885 33.338
-83.416 33.864
-83.445 33.821
-83.513 33.839
-83.347 33.772
-83.420 33.751
-85.124 32.836
-84.951 32.654
-85.050 32.700
-85.040 32.800
-84.881 32.845
-84.895 32.742
-85.015 32.637
-84.885 32.639
-84.803 32.627
-84.742 32.691
-84.808 32.806
-84.734 32.812
-84.482 33.884
-84.613 33.978
-84.583 33.980
-84.618 34.063
-84.577 34.052
-84.549 34.005
-84.567 33.988
-84.510 33.979
-84.490 33.964
-84.493 33.940
-84.691 34.011
-84.713 33.956
-84.547 34.048
-84.571 34.063
-84.484 33.871
-84.505 33.848
-84.505 33.863
-84.505 33.925
-84.549 33.864
-84.564 33.967
-84.716 34.010
-84.730 33.998
-84.461 33.876
-84.637 33.855
-84.677 34.023
-84.657 33.869
-84.596 33.829
-84.606 33.805
-84.521 33.815
-84.542 33.860
-84.490 33.842
-84.575 33.934
-84.560 33.941
-84.541 33.977
-84.540 33.798
-84.553 33.785
-84.474 33.918
-84.645 34.062
-84.638 33.988
-84.605 33.999
-84.498 33.995
-84.564 33.926
-84.679 33.820
-84.559 33.829
-84.560 33.843
-84.517 33.830
-84.586 33.783
-84.507 33.940
-84.529 34.044
-84.539 33.852
-84.492 33.894
-84.570 33.919
-84.536 33.954
-84.498 33.936
-84.473 34.019
-84.501 34.024
-84.520 33.977
-84.699 33.867
-84.706 33.823
-84.673 33.863
-84.491 34.033
-84.474 34.034
-84.484 34.050
-84.683 33.921
-84.674 34.046
-84.586 34.018
-84.464 34.054
-84.428 34.037
-84.733 33.963
-84.621 34.035
-84.543 34.066
-84.624 33.911
-84.580 34.070
-84.616 33.877
-84.641 34.006
-84.607 34.071
-84.519 34.024
-84.510 34.063
-84.564 34.033
-84.503 34.009
-84.441 33.987
-84.509 34.048
-84.494 34.069
-84.474 34.068
-84.427 33.997
-84.423 33.973
-84.449 33.976
-84.446 34.046
-84.442 33.967
-84.482 33.940
-84.468 33.933
-84.444 34.065
-84.444 34.018
-84.462 33.946
-84.453 33.922
-84.396 33.976
-84.459 33.897
-84.524 33.869
-84.514 33.888
-84.441 34.027
-84.412 34.025
-84.456 33.998
-84.495 33.882
-84.537 33.890
-84.438 34.009
-84.459 34.029
-84.511 33.913
-84.577 33.855
-84.658 33.888
-84.647 33.939
-84.491 34.055
-84.396 33.992
-84.423 34.052
-84.673 34.069
-84.633 34.040
-84.627 33.789
-84.698 33.890
-84.656 33.842
-84.645 33.821
-84.717 34.051
-84.657 34.047
-84.626 34.012
-84.602 34.028
-84.630 34.056
-84.609 34.041
-84.580 33.954
-84.665 33.977
-84.667 34.006
-84.594 34.067
-84.468 34.045
-84.572 33.769
-84.589 33.798
-84.586 33.817
-84.680 33.992
-84.709 33.979
-84.477 33.831
-84.467 33.849
-84.478 33.864
-84.580 33.910
-84.584 33.944
-84.709 33.920
-84.682 33.959
-84.649 33.961
-84.673 33.937
-84.611 33.957
-84.656 34.022
-84.546 34.029
-84.536 34.026
-84.410 34.009
-84.469 33.995
-84.482 34.004
-84.505 33.979
-84.522 34.005
-84.413 33.988
-84.404 33.959
-84.431 33.951
-84.451 33.956
-84.428 33.934
-84.476 33.981
-84.469 33.969
-84.487 33.953
-84.650 33.911
-84.609 33.929
-84.620 33.896
-84.630 33.882
-84.600 33.876
-84.590 33.897
-84.574 33.890
-84.562 33.892
-84.551 33.902
-84.541 33.916
-84.556 33.874
-84.579 33.872
-84.603 33.856
-84.608 33.842
-84.713 33.851
-83.578 34.849
-83.392 34.960
-83.415 34.891
-83.526 34.927
-83.270 34.923
-83.436 34.776
-83.333 34.843
-83.170 34.968
-83.455 34.844
-84.609 34.692
-84.591 34.602
-84.521 34.687
-84.365 34.879
-84.481 34.727
-84.550 34.793
-84.304 34.847
-84.472 34.646
-84.296 34.674
-84.452 34.800
-84.371 34.787
-84.417 34.693
-84.459 34.582
-84.531 34.594
-84.362 34.608
-83.497 31.987
-83.437 31.973
-83.311 31.914
-83.546 31.923
-83.356 32.058
-83.526 32.077
-83.404 33.943
-83.416 33.927
-83.449 33.934
-83.434 33.952
-83.420 33.972
-83.382 33.914
-83.395 33.965
-83.366 34.011
-84.731 31.164
-82.392 32.732
-82.460 32.643
-82.337 32.592
-82.349 32.472
-82.167 32.560
-82.177 32.698
-83.359 33.964
-83.378 33.963
-82.516 32.539
-82.075 32.622
-82.329 32.354
-82.251 32.437
-82.324 32.801
-82.266 32.749
-83.309 33.985
-83.321 33.926
-83.413 33.995
-83.376 33.935
-83.347 33.926
-83.341 33.945
-83.331 33.916
-83.288 33.929
-83.290 33.882
-83.339 33.885
-84.823 34.141
-84.876 34.181
-84.979 34.234
-84.870 34.266
-84.781 34.208
-84.850 34.111
-84.934 34.160
-84.939 34.344
-84.833 34.357
-84.724 34.285
-84.825 34.237
-84.757 34.116
-84.692 34.121
-84.700 34.203
-84.724 34.364
-84.972 34.116
-84.784 34.199
-84.823 33.024
-84.819 33.141
-84.801 32.916
-84.698 32.892
-84.625 32.855
-84.649 32.938
-84.557 32.927
-84.580 32.990
-84.558 32.878
-84.571 33.172
-84.700 33.032
-84.581 33.085
-84.616 32.881
-84.714 33.167
-82.971 33.041
-83.496 33.955
-82.953 32.874
-82.815 32.996
-82.787 33.133
-82.634 33.002
-82.810 32.908
-82.723 32.829
-82.602 32.883
-82.560 31.393
-82.338 31.220
-82.629 31.236
-82.467 31.348
-82.504 31.253
-82.398 30.843
-82.467 31.166
-82.314 31.101
-82.343 31.197
-82.370 31.208
-82.385 31.239
-82.410 31.283
-83.466 33.971
-83.452 33.988
-83.405 33.952
-84.885 32.541
-84.771 32.563
-84.854 32.537
-84.880 32.520
-84.909 32.494
-84.926 32.480
-84.908 32.510
-84.930 32.506
-84.924 32.531
-84.946 32.523
-84.951 32.496
-84.960 32.511
-84.886 32.465
-84.967 32.401
-84.950 32.410
-84.986 32.460
-84.962 32.446
-84.938 32.428
-84.931 32.414
-84.938 32.445
-84.938 32.459
-84.915 32.474
-84.920 32.458
-84.921 32.445
-84.906 32.455
-83.862 32.496
-83.842 32.549
-83.744 32.644
-83.815 32.600
-83.788 32.657
-83.751 32.557
-83.945 32.540
-84.893 32.475
-84.882 32.482
-84.881 32.495
-84.941 32.472
-84.944 32.488
-84.971 32.497
-84.963 32.469
-84.963 32.486
-84.975 32.475
-85.031 32.568
-84.983 32.485
-84.978 32.518
-84.954 32.465
-84.944 32.391
-84.988 32.499
-84.948 32.581
-84.938 32.545
-84.920 32.397
-84.883 32.422
-84.796 32.486
-84.902 32.432
-84.917 32.434
-84.987 32.551
-84.998 32.588
-84.921 32.550
-84.909 32.558
-84.884 32.567
-81.294 32.189
-81.388 32.369
-81.296 32.432
-81.244 32.379
-81.247 32.306
-81.205 32.291
-81.165 32.284
-81.338 32.517
-81.218 32.241
-81.196 32.335
-84.863 33.748
-84.865 33.681
-84.763 33.765
-84.740 33.772
-84.744 33.744
-84.705 33.780
-84.721 33.733
-84.760 33.705
-84.778 33.689
-84.789 33.711
-84.700 33.735
-84.667 33.683
-84.651 33.715
-84.722 33.661
-84.849 33.608
-84.801 33.750
-84.674 33.786
-84.650 33.788
-84.623 33.750
-84.675 33.739
-84.789 33.656
-84.723 33.694
-81.287 32.248
-81.250 32.217
-82.857 30.932
-82.897 31.112
-82.709 31.011
-82.673 31.079
-82.575 30.766
-81.459 32.459
-81.398 32.258
-81.397 32.180
-81.455 32.363
-81.386 32.134
-81.350 32.204
-81.340 32.156
-81.345 32.380
-81.333 32.313
-84.749 33.721
-84.729 33.709
-84.164 34.715
-84.310 34.954
-84.262 34.916
-84.381 34.944
-84.525 34.913
-84.204 34.842
-84.240 34.761
-84.174 34.904
-84.450 34.965
-84.212 34.960
-84.807 33.984
-84.820 33.854
-84.843 33.827
-84.757 33.955
-84.760 34.029
-84.777 34.045
-84.756 33.989
-82.703 32.733
-82.845 32.747
-82.605 32.738
-82.533 32.697
-82.735 32.664
-84.741 33.867
-84.776 33.898
-84.946 33.910
-84.853 33.913
-84.891 33.977
-84.740 33.914
-84.786 33.868
-84.821 33.886
-84.859 33.880
-84.775 33.816
-84.803 33.823
-82.644 32.594
-82.616 32.537
-83.761 32.082
-83.697 32.236
-83.767 32.171
-83.926 32.132
-83.910 32.222
-84.743 33.812
-84.912 33.802
-84.839 33.792
-84.789 33.933
-84.749 33.934
-84.982 33.821
-85.020 33.895
-84.860 34.050
-84.896 33.838
-84.828 33.936
-83.392 31.700
-83.319 31.627
-83.365 31.552
-83.460 31.615
-83.219 31.537
-83.123 31.573
-83.083 31.639
-83.199 31.639
-84.779 33.409
-84.788 33.369
-84.842 33.349
-84.877 33.296
-84.815 33.372
-82.723 31.729
-82.753 31.817
-84.773 33.351
-84.801 33.424
-84.699 33.407
-84.749 33.399
-84.722 33.372
-84.719 33.326
-84.743 33.266
-82.639 31.831
-82.576 31.733
-84.852 33.242
-84.655 33.420
-84.717 33.471
-84.656 33.479
-84.639 33.446
-84.639 33.288
-84.631 33.361
-84.952 33.344
-84.930 33.401
-84.657 33.386
-82.569 31.823
-82.569 31.922
-82.562 31.875
-84.820 33.404
-84.798 33.480
-84.869 33.443
-84.837 33.383
-84.550 33.292
-84.568 33.239
-82.651 31.890
-82.483 31.900
-84.327 32.844
-84.165 32.934
-84.391 32.952
-84.462 32.916
-84.220 32.764
-84.309 32.951
-84.337 32.857
-84.196 32.850
-84.235 32.957
-85.036 31.375
-84.999 31.450
-84.869 31.458
-84.728 31.392
-84.727 31.306
-84.869 31.313
-85.047 31.278
-84.948 31.253
-85.037 31.189
-84.975 31.118
-84.911 31.376
-83.688 32.615
-83.623 32.649
-83.568 32.546
-83.644 32.363
-83.676 32.529
-83.647 32.535
-83.565 32.466
-83.668 32.589
-83.643 32.595
-83.616 32.553
-83.638 32.565
-83.581 32.616
-83.645 32.642
-83.660 32.630
-83.703 32.637
-83.633 32.610
-83.632 32.626
-83.762 32.470
-84.375 32.041
-84.223 32.055
-84.266 32.084
-84.131 32.162
-84.075 32.076
-84.309 31.955
-84.067 31.969
-84.367 32.129
-84.192 32.062
-84.213 32.088
-84.242 32.084
-83.783 32.350
-83.692 32.448
-83.680 32.663
-83.705 32.548
-83.683 32.572
-83.694 32.597
-84.329 31.371
-84.471 31.354
-84.480 31.198
-84.566 31.297
-84.580 31.386
-83.971 33.995
-84.001 33.983
-83.998 34.013
-84.022 33.997
-84.118 33.886
-84.111 33.931
-84.218 33.893
-84.215 33.904
-84.008 34.027
-84.011 34.043
-84.094 33.930
-84.085 33.907
-84.063 33.916
-84.053 33.905
-84.069 33.892
-84.198 33.890
-84.168 33.892
-84.243 33.938
-84.232 33.965
-84.074 34.028
-84.057 34.005
-84.118 33.916
-84.128 33.937
-84.147 33.891
-84.009 33.789
-84.025 33.843
-84.218 33.994
-84.194 33.971
-84.029 34.089
-84.003 34.091
-83.864 34.096
-83.859 33.973
-84.028 33.926
-84.049 33.946
-84.026 33.954
-84.041 34.014
-84.031 34.023
-84.059 33.976
-84.107 33.831
-84.119 33.869
-84.062 34.130
-84.036 34.143
-84.044 33.835
-83.941 33.948
-84.100 33.847
-84.107 33.861
-84.069 33.953
-84.185 33.915
-84.049 33.981
-84.028 33.974
-84.065 34.108
-84.056 34.095
-84.105 33.875
-84.093 33.885
-84.028 33.863
-84.153 33.920
-84.163 33.944
-84.037 33.986
-83.980 33.970
-83.905 33.993
-84.078 34.070
-84.096 34.072
-84.095 34.101
-84.059 33.827
-84.088 33.819
-84.082 33.853
-84.069 33.861
-83.966 33.877
-84.182 33.886
-84.216 33.950
-84.206 33.980
-83.871 33.939
-83.951 33.961
-84.010 33.915
-84.040 33.919
-84.066 33.934
-84.091 33.948
-84.052 33.862
-84.031 33.901
-84.027 33.880
-84.194 33.899
-84.250 33.976
-84.075 33.881
-84.235 33.985
-84.166 33.989
-84.161 34.019
-84.109 33.953
-84.141 33.932
-84.006 33.866
-84.046 33.885
-84.008 33.934
-84.011 33.946
-83.982 33.940
-84.239 33.993
-83.894 33.908
-84.076 33.969
-84.164 34.006
-84.155 33.996
-84.148 33.979
-84.164 33.906
-84.179 33.903
-83.988 33.917
-83.940 33.929
-83.945 33.903
-84.129 33.981
-84.231 33.920
-84.206 33.928
-83.985 33.886
-83.975 33.901
-82.945 34.152
-82.865 34.107
-82.872 34.037
-82.966 34.077
-82.741 34.072
-83.041 34.182
-82.888 34.209
-82.775 34.022
-82.639 34.019
-82.765 34.146
-82.787 34.240
-84.106 33.999
-84.121 34.010
-84.127 34.021
-84.100 34.039
-84.193 33.934
-84.184 33.944
-84.006 33.892
-84.004 33.812
-84.000 33.836
-83.989 33.856
-84.068 34.063
-84.045 34.065
-84.029 34.053
-83.989 34.123
-83.964 34.073
-83.975 34.092
-84.145 33.954
-84.106 33.976
-84.176 33.960
-83.950 33.848
-83.964 33.835
-83.958 33.818
-83.948 34.111
-83.933 34.073
-83.915 34.098
-84.259 33.943
-84.252 33.965
-83.932 34.037
-83.929 33.864
-83.864 34.069
-84.264 33.955
-84.108 33.904
-83.924 34.017
-83.897 34.055
-83.879 34.031
-83.837 33.919
-83.913 34.059
-83.965 34.048
-84.133 33.902
-84.123 33.835
-83.899 33.879
-84.090 33.799
-84.047 33.814
-84.047 33.795
-84.038 33.774
-84.150 33.867
-83.974 34.027
-83.991 34.006
-83.945 34.006
-84.129 33.848
-84.133 33.856
-84.154 33.855
-84.139 33.874
-84.178 33.874
-83.811 34.081
-83.803 33.983
-83.815 34.036
-83.722 33.945
-83.784 33.950
-83.743 34.012
-83.729 33.982
-83.776 34.002
-83.755 34.043
-83.683 33.929
-83.717 34.006
-83.673 34.000
-83.659 34.034
-83.617 33.974
-83.845 34.014
-83.572 33.993
-83.715 33.280
-83.679 33.451
-83.584 33.403
-83.651 33.200
-83.782 33.409
-83.817 33.346
-83.581 33.256
-81.655 32.742
-81.691 32.638
-81.665 32.803
-81.742 32.800
-81.631 32.790
-81.545 32.760
-81.587 32.647
-81.617 32.554
-81.509 32.580
-81.576 32.909
-81.471 32.686
-81.791 32.690
-83.930 33.786
-83.891 33.808
-83.798 33.806
-83.861 33.762
-83.827 33.847
-83.789 33.702
-83.747 33.770
-83.679 33.794
-83.717 33.826
-83.629 33.731
-83.706 33.724
-83.729 33.874
-83.618 33.846
-83.690 33.662
-83.867 33.835
-83.806 33.889
-83.584 33.791
-83.831 33.737
-83.661 33.872
-84.505 31.523
-84.641 31.527
-84.723 31.443
-84.759 31.543
-84.739 31.559
-82.901 33.799
-82.837 33.723
-82.820 33.683
-82.798 33.790
-82.749 33.909
-82.685 33.716
-82.600 33.762
-84.293 33.952
-84.131 33.722
-83.089 32.514
-83.159 32.560
-84.155 33.725
-84.163 33.682
-82.926 32.485
-83.087 32.602
-82.915 32.532
-82.849 32.354
-83.063 32.439
-82.937 32.548
-82.968 32.566
-82.933 32.231
-83.039 32.319
-82.830 32.518
-82.764 32.470
-82.717 32.445
-82.868 32.656
-82.751 32.586
-82.973 32.350
-82.990 32.646
-84.132 33.758
-84.344 33.800
-83.507 31.468
-83.549 31.484
-83.537 31.429
-83.496 31.426
-83.485 31.370
-83.419 31.426
-83.438 31.509
-83.568 31.556
-83.627 31.478
-83.597 31.407
-83.586 31.354
-83.487 31.474
-84.267 33.881
-84.260 33.898
-84.206 33.769
-84.215 33.751
-84.192 33.827
-84.218 33.824
-84.230 33.818
-84.341 33.713
-84.339 33.743
-84.335 33.731
-84.331 33.850
-84.341 33.836
-84.274 33.911
-84.231 33.895
-84.216 33.740
-84.223 33.730
-84.234 33.707
-84.213 33.697
-84.195 33.693
-84.204 33.721
-84.339 33.934
-84.339 33.949
-84.324 33.942
-84.309 33.942
-84.237 33.889
-84.244 33.880
-84.290 33.689
-84.290 33.674
-84.182 33.714
-84.157 33.712
-84.138 33.711
-84.098 33.708
-84.113 33.690
-84.335 33.962
-84.341 33.870
-84.340 33.846
-84.334 33.897
-84.334 33.886
-84.230 33.878
-84.248 33.861
-84.294 33.654
-84.266 33.677
-84.328 33.689
-84.334 33.862
-84.162 33.696
-84.184 33.696
-84.293 33.732
-84.230 33.672
-84.177 33.798
-84.314 33.959
-84.266 33.846
-84.229 33.863
-84.234 33.852
-84.313 33.864
-84.321 33.843
-84.305 33.771
-84.214 33.778
-84.178 33.775
-84.175 33.766
-84.304 33.889
-84.319 33.870
-84.115 33.747
-84.114 33.775
-84.073 33.733
-84.204 33.753
-84.303 33.256
-84.285 33.287
-84.262 33.866
-84.290 33.854
-84.297 33.910
-84.291 33.924
-84.273 33.931
-84.188 33.755
-84.184 33.748
-84.215 33.870
-84.197 33.863
-84.117 33.656
-84.314 33.825
-84.240 33.731
-84.248 33.749
-84.281 33.236
-84.255 33.258
-84.297 33.842
-84.281 33.702
-84.311 33.912
-84.330 33.910
-84.179 33.739
-84.177 33.730
-84.332 33.766
-84.279 33.844
-84.296 33.831
-84.270 33.831
-84.277 33.893
-84.279 33.254
-84.363 33.277
-84.390 33.226
-84.145 33.270
-84.159 33.208
-84.252 33.698
-84.260 33.707
-84.331 33.925
-84.305 33.928
-84.155 33.756
-84.167 33.747
-84.259 33.730
-84.273 33.726
-84.222 33.686
-84.305 33.781
-84.319 33.754
-84.303 33.747
-84.304 33.733
-84.198 33.313
-84.277 33.328
-84.251 33.283
-84.327 33.663
-84.298 33.696
-84.292 33.937
-84.277 33.948
-84.255 33.795
-84.169 33.807
-84.130 33.735
-84.107 33.713
-84.342 33.753
-84.290 33.784
-84.324 33.778
-84.255 33.215
-84.283 33.206
-84.326 33.221
-84.220 33.210
-84.247 33.232
-84.216 33.263
-84.288 33.710
-84.319 33.713
-84.322 33.733
-84.295 33.809
-84.269 33.802
-84.266 33.814
-84.257 33.831
-84.091 33.773
-84.078 33.777
-84.079 33.755
-84.331 33.757
-84.342 33.773
-84.305 33.759
-84.258 33.240
-84.346 33.325
-84.472 33.229
-84.315 33.731
-84.288 33.719
-84.245 33.830
-84.240 33.811
-84.242 33.794
-84.139 33.779
-84.117 33.794
-84.241 33.646
-84.213 33.652
-84.215 33.677
-84.192 33.672
-84.265 33.718
-84.247 33.723
-84.227 33.719
-84.238 33.747
-84.274 33.788
-84.290 33.802
-84.149 33.771
-84.339 33.813
-84.319 33.812
-84.165 33.661
-84.144 33.649
-84.267 33.745
-84.238 33.691
-84.233 33.763
-84.231 33.779
-84.290 33.819
-84.274 33.818
-84.252 33.777
-84.298 33.794
-84.322 33.792
-84.227 33.801
-84.208 33.807
-84.264 33.769
-84.276 33.768
-84.247 33.767
-84.258 33.754
-84.319 33.801
-84.152 33.738
-84.201 33.818
-84.327 33.829
-84.334 33.822
-84.187 33.812
-84.196 33.794
-84.227 33.840
-84.201 33.842
-84.279 33.739
-84.253 33.663
-84.280 33.754
-84.287 33.762
-84.302 33.858
-84.278 33.865
-84.187 33.783
-84.206 33.791
-84.217 33.794
-84.174 33.840
-84.151 33.837
-84.144 33.807
-84.297 33.762
-84.290 33.775
-84.341 33.790
-85.320 34.548
-85.458 34.485
-85.365 34.468
-85.448 34.555
-85.254 34.459
-85.188 34.551
-85.364 34.356
-85.413 34.400
-85.436 34.337
-85.462 34.424
-85.175 34.477
-85.317 34.510
-83.565 32.913
-83.505 32.884
-83.439 32.945
-83.460 33.084
-83.575 33.055
-83.665 32.958
-83.643 33.105
-83.754 33.095
-83.588 32.977
-83.533 32.978
-83.534 33.004
-83.195 33.921
-83.231 33.850
-83.229 33.974
-83.052 33.870
-83.060 33.953
-82.918 33.952
-83.027 33.761
-83.166 33.768
-83.000 34.001
-83.131 34.001
-83.002 31.552
-82.838 31.473
-82.900 31.687
-83.057 31.443
-82.680 31.482
-82.717 31.624
-84.647 32.800
-84.526 32.683
-84.543 32.788
-84.637 32.652
-84.394 32.733
-84.449 32.626
-84.643 32.563
-84.547 32.569
-82.065 32.347
-82.082 32.460
-84.315 32.262
-83.709 31.728
-83.590 31.654
-83.531 31.787
-83.687 30.800
-83.570 30.984
-83.690 30.986
-83.525 30.923
-83.558 30.805
-83.691 30.891
-83.427 30.853
-83.513 30.687
-83.679 30.711
-83.485 31.175
-83.440 31.169
-83.456 31.271
-83.437 31.144
-83.359 31.070
-83.482 31.081
-83.361 31.133
-83.372 31.206
-84.055 34.551
-84.056 34.610
-83.980 34.530
-83.978 34.538
-84.016 34.474
-84.137 34.575
-84.093 34.493
-83.925 34.685
-83.884 34.602
-83.908 34.561
-83.938 34.596
-83.990 34.632
-83.947 34.482
-83.881 34.530
-83.882 34.493
-83.266 32.113
-83.180 32.181
-83.209 31.994
-83.197 32.260
-83.173 32.093
-83.115 32.289
-83.073 32.207
-83.072 32.107
-83.081 32.024
-83.295 32.251
-83.249 32.337
-83.009 32.123
-83.126 32.071
-83.193 32.361
-83.155 32.387
-85.358 34.186
-85.234 34.192
-85.206 34.127
-85.181 34.187
-85.348 34.113
-85.366 34.269
-85.219 34.253
-85.253 34.310
-82.927 32.164
-85.146 34.188
-85.186 34.233
-85.184 34.292
-85.161 34.228
-85.148 34.267
-85.135 34.293
-85.069 34.348
-85.073 34.264
-85.087 34.198
-85.269 34.368
-85.256 34.232
-85.161 34.321
-85.187 34.373
-85.229 34.278
-85.090 34.129
-85.143 34.415
-85.112 34.515
-81.995 32.702
-82.004 32.861
-81.858 32.823
-81.972 32.804
-81.939 32.802
-83.697 31.851
-83.772 31.965
-83.848 31.866
-83.889 31.975
-83.657 31.963
-84.050 32.778
-83.995 32.592
-83.941 32.685
-83.839 32.672
-84.045 32.688
-83.891 32.748
-85.221 33.307
-85.162 33.376
-85.244 33.394
-85.102 33.253
-85.020 33.339
-85.193 33.202
-85.004 33.242
-85.081 33.407
-85.091 33.354
-84.948 34.514
-84.845 34.584
-84.930 34.423
-84.832 34.445
-84.959 34.595
-84.732 34.575
-84.714 34.447
-84.835 34.529
-85.059 34.478
-84.939 34.493
-84.718 34.514
-85.025 34.423
-85.028 34.557
-84.620 30.745
-84.754 30.741
-84.622 30.921
-84.576 30.850
-84.527 30.937
-84.434 30.872
-84.549 30.769
-84.493 30.761
-84.421 30.748
-84.417 30.989
-84.599 31.028
-84.708 30.975
-84.736 30.827
-84.480 31.025
-81.989 32.236
-81.897 32.233
-81.937 32.119
-81.882 32.148
-81.814 32.119
-82.574 31.605
-82.471 31.647
-82.344 31.533
-82.501 31.536
-82.435 31.455
-81.933 32.185
-81.908 32.153
-81.873 32.178
-81.901 32.186
-81.929 32.150
-81.831 31.909
-81.819 31.776
-81.724 31.736
-81.649 31.659
-81.719 31.711
-84.083 33.164
-84.183 33.124
-84.151 33.061
-84.194 33.023
-84.083 32.986
-84.083 33.078
-82.746 32.079
-82.687 32.186
-84.942 32.935
-83.217 34.283
-83.139 34.285
-83.143 34.343
-83.345 34.383
-83.336 34.443
-83.307 34.279
-83.361 34.327
-83.236 34.376
-83.168 34.458
-83.098 34.494
-83.133 34.412
-83.279 34.323
-83.257 34.444
-81.479 31.605
-81.527 31.442
-81.312 31.589
-81.360 31.498
-81.410 31.427
-81.235 31.420
-85.253 34.970
-85.210 34.963
-85.241 34.932
-85.188 34.919
-85.162 34.969
-85.112 34.945
-85.150 34.889
-85.214 34.872
-85.161 34.819
-85.083 34.863
-85.037 34.945
-85.228 34.980
-83.265 32.920
-83.212 32.847
-83.325 32.882
-83.259 32.793
-83.194 32.719
-83.091 32.682
-83.218 32.644
-83.151 32.932
-83.059 32.808
-82.134 32.188
-82.105 32.080
-82.076 31.916
-82.055 32.157
-81.996 32.004
-81.869 32.015
-81.912 31.922
-82.153 32.273
-82.051 32.235
-84.886 31.681
-84.860 31.830
-84.776 31.768
-84.758 31.680
-84.688 31.855
-84.676 31.702
-84.587 31.662
-84.606 31.732
-84.795 31.763
-85.070 32.918
-85.158 32.898
-85.018 33.027
-84.961 33.063
-84.901 33.048
-85.166 33.077
-85.067 33.057
-85.050 33.007
-85.084 33.007
-85.144 32.965
-84.996 33.010
-83.247 31.206
-83.199 31.382
-83.268 31.078
-83.113 31.267
-83.321 31.418
-83.360 31.346
-83.116 31.187
-83.361 31.290
-83.197 31.082
-84.608 34.307
-84.599 34.106
-84.492 34.138
-84.477 34.160
-84.552 34.098
-84.543 34.129
-84.560 34.143
-84.546 34.159
-84.521 34.180
-84.499 34.174
-84.437 34.173
-84.527 34.216
-84.442 34.221
-84.465 34.232
-84.440 34.121
-84.499 34.101
-84.520 34.104
-84.564 34.092
-84.621 34.085
-84.638 34.115
-84.604 34.137
-84.572 34.122
-84.564 34.183
-84.525 34.261
-84.457 34.108
-84.455 34.094
-84.448 34.085
-84.501 34.081
-84.484 34.101
-84.443 34.313
-84.511 34.336
-84.604 34.376
-84.619 34.210
-84.378 34.340
-84.300 34.346
-84.350 34.282
-84.395 34.179
-84.369 34.233
-84.538 34.114
-84.596 34.157
-84.394 34.136
-84.441 34.154
-84.344 34.202
-84.287 34.237
-83.585 34.252
-83.579 34.080
-83.706 34.191
-83.500 34.010
-83.414 34.056
-83.420 34.116
-83.695 34.097
-83.493 34.221
-84.271 33.530
-84.253 33.549
-84.214 33.526
-84.237 33.528
-84.205 33.502
-84.175 33.538
-84.224 33.560
-84.167 33.433
-81.690 31.844
-81.639 31.796
-83.749 34.084
-83.432 34.177
-83.616 34.125
-83.658 34.159
-83.769 34.134
-83.511 34.052
-83.618 34.214
-83.523 34.147
-84.124 33.419
-84.118 33.452
-84.264 33.492
-84.236 33.589
-84.207 33.584
-84.120 33.502
-84.166 33.504
-84.173 33.478
-84.143 33.460
-84.184 33.458
-84.085 33.448
-84.188 33.379
-84.099 33.383
-84.146 33.335
-84.076 33.337
-84.287 33.377
-81.619 31.839
-81.618 31.812
-81.605 31.831
-81.575 31.838
-83.969 31.292
-83.957 31.104
-83.868 31.127
-83.833 31.073
-83.759 31.079
-83.971 31.210
-83.916 31.306
-83.882 31.260
-83.883 31.204
-83.722 31.109
-83.638 31.073
-83.596 31.203
-83.557 31.290
-83.639 31.142
-83.640 31.298
-83.707 31.258
-83.810 31.275
-84.222 33.426
-84.257 33.453
-81.587 31.856
-81.518 31.847
-81.589 31.787
-81.395 31.848
-81.403 31.700
-81.253 31.696
-81.646 31.956
-83.798 31.196
-83.764 31.151
-84.234 33.477
-84.133 33.556
-84.305 33.414
-84.044 33.388
-84.041 33.468
-83.998 33.413
-83.978 33.463
-84.077 33.497
-84.077 33.536
-84.253 33.626
-84.207 33.628
-84.181 33.591
-85.061 33.084
-85.011 33.073
-85.026 33.149
-84.907 33.156
-82.479 32.210
-82.544 32.212
-82.575 32.300
-82.597 32.174
-82.494 32.107
-82.539 32.035
-82.470 32.303
-84.160 32.621
-84.284 32.495
-84.192 32.559
-84.344 32.600
-84.961 32.107
-84.862 32.005
-84.830 32.174
-84.699 32.079
-84.010 34.248
-84.093 34.176
-84.078 34.219
-84.152 34.205
-84.116 34.212
-84.133 34.243
-84.181 34.243
-84.205 34.305
-84.120 34.312
-84.044 34.301
-83.968 34.305
-83.971 34.255
-84.239 34.218
-84.197 34.206
-84.171 34.177
-84.222 34.187
-83.994 30.823
-83.996 30.851
-83.897 30.883
-84.243 34.175
-84.110 34.277
-84.046 34.222
-84.233 34.264
-84.093 34.151
-84.142 34.170
-84.119 34.144
-84.127 34.114
-84.121 34.078
-84.142 34.071
-84.173 34.084
-84.155 34.096
-84.185 34.126
-84.144 34.137
-84.235 34.121
-84.207 34.162
-83.894 30.809
-84.005 30.784
-84.006 30.888
-83.889 30.948
-83.789 30.872
-83.814 30.923
-83.768 30.977
-83.870 31.009
-83.977 30.993
-84.052 30.952
-84.067 31.038
-83.990 30.708
-83.809 30.747
-83.979 30.819
-83.969 30.856
-83.956 30.846
-83.959 30.822
-83.816 31.386
-83.870 31.529
-83.794 31.482
-83.758 31.587
-83.712 31.516
-83.707 31.389
-83.873 31.480
-83.932 31.400
-83.953 31.497
-83.865 31.605
-83.961 31.551
-83.956 31.615
-83.972 31.731
-83.878 31.790
-83.816 31.543
-83.870 31.699
-83.949 34.403
-83.882 34.270
-83.913 34.276
-83.857 34.299
-83.807 34.331
-83.821 34.272
-83.783 34.291
-83.677 34.410
-83.892 34.173
-83.921 34.355
-83.895 34.386
-83.860 34.361
-83.869 34.423
-83.819 34.353
-83.830 34.320
-83.776 34.323
-83.842 34.333
-83.831 34.303
-83.727 34.334
-83.734 34.254
-83.813 34.229
-83.834 34.156
-83.839 34.192
-83.875 34.123
-83.922 34.139
-83.998 34.165
-83.956 34.181
-83.945 34.208
-83.923 34.230
-83.911 34.250
-83.888 34.221
-83.857 34.254
-83.781 34.386
-83.747 34.471
-83.915 34.317
-83.774 34.192
-83.664 34.301
-83.801 34.439
-83.864 34.207
-83.874 34.950
-83.699 34.888
-83.767 34.951
-83.572 34.968
-83.023 31.338
-82.718 31.282
-82.882 31.281
-82.854 31.297
-82.139 32.914
-82.236 32.861
-82.223 32.987
-82.210 33.085
-81.974 32.969
-82.050 33.043
-81.878 33.020
-81.768 32.973
-81.698 33.054
-81.817 33.153
-81.927 33.177
-82.034 33.121
-82.175 33.160
-82.203 33.254
-82.097 33.211
-83.241 33.305
-83.315 33.234
-83.389 33.224
-83.480 33.250
-83.227 33.374
-83.344 33.316
-83.458 33.382
-83.315 33.432
-83.345 33.368
-83.357 34.566
-83.343 34.492
-83.408 34.513
-83.320 34.579
-83.313 34.624
-83.269 34.518
-83.192 34.564
-83.190 34.503
-84.429 34.447
-84.387 34.392
-84.474 34.404
-84.520 34.449
-84.599 34.436
-84.429 34.474
-84.436 34.493
-84.368 34.507
-84.520 34.526
-84.630 34.499
-84.306 34.421
-84.575 34.493
-83.274 30.860
-83.258 30.796
-83.265 30.821
-82.427 32.224
-82.389 32.239
-82.414 32.201
-83.260 30.830
-83.204 30.858
-83.205 30.939
-83.266 30.960
-83.098 30.892
-83.228 30.746
-83.327 30.894
-83.201 30.658
-83.405 30.944
-83.387 30.988
-83.348 30.988
-83.165 30.704
-82.338 32.067
-82.405 32.008
-82.223 32.178
-82.251 32.257
-82.268 31.992
-82.383 32.296
-82.251 32.105
-83.290 30.869
-83.275 30.883
-83.291 30.904
-83.308 30.844
-82.321 32.205
-82.954 31.849
-83.304 30.853
-83.294 30.838
-83.264 31.007
-83.162 30.793
-83.276 30.842
-82.909 32.000
-82.949 32.082
-82.775 31.924
-83.074 31.934
-82.816 32.010
-83.286 30.849
-81.684 31.166
-81.467 31.061
-81.631 31.292
-81.574 31.152
-81.575 31.350
-81.533 31.216
-81.514 31.194
-81.471 31.137
-81.469 31.217
-81.472 31.240
-81.478 31.182
-81.443 31.276
-81.456 31.188
-81.492 31.166
-81.387 31.237
-81.388 31.173
-81.361 31.136
-81.289 31.230
-81.387 31.062
-83.781 34.672
-83.839 34.605
-83.751 34.754
-83.841 34.670
-83.726 34.697
-83.664 34.722
-83.752 34.608
-83.679 34.630
-81.495 31.181
-83.712 34.536
-83.660 34.566
-83.803 34.540
-82.685 33.407
-82.766 33.466
-82.660 33.528
-82.725 33.319
-82.592 33.355
-82.459 33.313
-84.755 32.272
-84.734 32.406
-84.880 32.321
-84.980 32.344
-83.406 30.739
-83.310 30.709
-83.380 30.818
-83.332 30.857
-83.312 30.833
-83.283 30.815
-83.229 30.893
-82.318 32.188
-82.379 32.198
-82.412 32.130
-81.954 33.464
-81.957 33.467
-81.967 33.474
-82.220 33.296
-82.106 33.305
-82.125 33.455
-82.095 33.432
-82.141 33.431
-82.073 33.464
-81.984 33.473
-81.975 33.459
-82.001 33.470
-82.079 33.444
-82.125 33.370
-82.226 33.356
-82.073 33.419
-82.056 33.409
-82.093 33.408
-82.082 33.381
-82.094 33.358
-82.053 33.364
-82.027 33.409
-81.986 33.456
-81.999 33.490
-82.035 33.483
-82.065 33.487
-82.042 33.395
-82.083 33.396
-82.042 33.494
-82.116 33.416
-82.203 33.303
-82.105 33.396
-82.068 33.507
-82.091 33.482
-82.099 33.291
-82.093 33.495
-82.061 33.498
-82.056 33.483
-82.077 33.472
-82.056 33.473
-82.052 33.438
-82.062 33.456
-82.059 33.450
-82.049 33.383
-82.040 33.527
-82.015 33.397
-82.017 33.477
-82.013 33.470
-82.027 33.466
-82.038 33.476
-82.018 33.487
-81.989 33.329
-81.956 33.412
-81.938 33.295
-81.976 33.346
-82.043 33.420
-82.047 33.465
-82.032 33.457
-82.025 33.514
-82.105 33.376
-81.958 33.257
-82.022 33.317
-82.010 33.367
-82.012 33.415
-82.006 33.436
-82.017 33.462
-81.995 33.445
-82.011 33.453
-82.029 33.448
-82.000 33.462
-81.986 33.466
-81.990 33.480
-82.009 33.504
-84.399 33.570
-84.391 33.582
-84.895 31.556
-85.052 31.610
-83.216 33.053
-83.213 33.045
-83.231 33.072
-83.222 33.095
-83.225 33.125
-83.239 33.100
-83.148 33.231
-83.248 33.150
-83.312 33.151
-84.438 33.598
-84.436 33.630
-84.422 33.574
-84.415 33.604
-84.371 33.547
-84.355 33.543
-84.336 33.554
-84.319 33.551
-84.356 33.565
-84.372 33.571
-84.435 33.613
-84.379 33.633
-84.351 33.637
-84.327 33.630
-84.327 33.605
-84.311 33.594
-84.335 33.583
-84.353 33.603
-84.374 33.595
-84.390 33.615
-84.287 33.622
-84.270 33.593
-84.283 33.580
-84.312 33.578
-84.276 33.569
-84.440 33.580
-84.278 33.556
-84.397 33.506
-83.988 33.516
-83.908 33.539
-83.893 33.582
-84.424 33.552
-84.319 33.534
-84.400 33.533
-84.428 33.535
-84.404 33.553
-83.935 33.577
-83.972 33.577
-83.955 33.613
-83.932 33.618
-83.923 33.597
-83.884 33.611
-83.857 33.558
-83.819 33.606
-83.840 33.520
-83.906 33.462
-83.979 33.555
-83.846 33.445
-83.894 33.688
-83.841 33.659
-83.844 33.629
-83.780 33.580
-83.736 33.611
-83.760 33.505
-83.701 33.541
-84.358 33.471
-84.333 33.485
-84.321 33.463
-84.441 33.561
-84.314 33.505
-84.301 33.523
-84.358 33.460
-84.392 33.429
-84.353 33.590
-84.308 33.568
-84.296 33.564
-84.373 33.389
-84.341 33.441
-84.454 33.578
-84.418 33.590
-84.340 33.507
-84.366 33.509
-84.377 33.483
-84.386 33.530
-84.375 33.523
-84.414 33.507
-84.412 33.530
-84.388 33.549
-85.066 31.730
-85.003 31.681
-85.004 31.571
-83.271 33.093
-83.357 33.091
-83.269 33.040
-83.216 33.003
-83.316 32.978
-83.139 33.072
-84.131 34.439
-84.078 34.355
-84.145 34.366
-84.054 34.414
-84.215 34.405
-84.244 34.522
-84.011 34.344
-84.000 34.380
-84.600 32.477
-84.491 32.499
-84.566 32.400
-84.493 32.188
-84.563 32.294
-84.430 32.403
-84.441 32.305
-82.421 33.832
-82.508 33.753
-82.509 33.817
-82.323 33.755
-82.554 33.896
-82.404 33.724
-82.457 33.692
-84.290 33.152
-84.468 33.027
-84.365 33.025
-84.455 33.162
-84.455 33.096
-84.293 33.036
-84.369 33.158
-84.331 33.092
-82.143 30.434
-82.104 30.545
-82.248 30.904
-82.098 30.721
-82.001 31.000
-81.965 30.894
-81.983 30.816
-82.052 30.841
-82.018 30.823
-83.991 33.088
-83.959 33.028
-83.891 32.976
-83.988 32.964
-84.070 32.885
-83.988 32.896
-83.896 32.898
-83.815 32.935
-83.767 32.979
-83.802 33.050
-83.875 33.159
-83.956 33.166
-84.012 33.164
-83.884 33.076
-83.328 32.434
-84.275 31.641
-84.218 31.638
-84.241 31.702
-84.071 31.676
-84.148 31.720
-84.186 31.657
-84.145 31.653
-84.190 31.870
-84.221 31.794
-84.035 31.824
-83.297 34.051
-83.336 34.099
-83.223 34.120
-83.217 34.045
-83.034 34.052
-83.116 34.065
-83.091 34.094
-83.338 34.184
-83.099 34.130
-83.192 34.196
-83.285 34.217
-83.124 34.220
-81.216 32.008
-81.177 32.192
-81.162 32.137
-81.090 32.053
-81.112 32.051
-81.276 31.989
-81.274 32.073
-81.241 32.041
-81.181 32.066
-81.275 32.022
-81.227 32.061
-80.848 32.000
-80.873 31.968
-80.967 31.889
-81.180 32.028
-81.123 32.115
-81.122 32.090
-81.117 32.084
-81.042 31.960
-81.033 31.892
-81.087 32.033
-81.118 31.993
-81.107 31.944
-81.095 32.072
-81.106 32.064
-81.077 32.000
-81.136 31.996
-81.123 31.980
-81.223 32.151
-81.145 32.108
-81.074 32.045
-81.068 32.063
-81.017 32.031
-81.036 32.000
-81.047 32.053
-81.059 32.045
-81.057 32.055
-81.068 31.967
-81.087 31.975
-81.107 31.980
-81.058 32.070
-80.999 32.049
-81.075 32.085
-81.029 32.074
-80.974 31.997
-81.075 31.911
-81.047 32.027
-81.070 32.029
-81.128 31.924
-81.110 31.993
-81.062 32.006
-81.074 32.010
-81.104 32.081
-81.092 32.006
-81.170 31.967
-81.144 31.973
-81.122 32.075
-81.128 32.066
-81.151 32.060
-81.096 32.045
-81.151 31.956
-80.994 31.991
-81.153 32.013
-81.105 32.020
-81.117 32.036
-81.143 31.989
-81.146 31.983
-81.165 31.988
-81.137 32.044
-81.126 32.047
-81.100 32.034
-81.079 32.025
-81.083 32.019
-81.113 32.005
-81.100 32.056
-81.099 32.063
-81.107 32.047
-81.112 32.062
-81.083 32.056
-81.081 32.070
-81.090 32.065
-81.327 32.092
-81.163 32.118
-81.177 32.096
-81.240 32.096
-81.111 31.827
-81.245 32.134
-80.941 32.042
-80.947 31.992
-80.976 32.029
-80.955 32.022
-81.569 30.895
-81.529 30.739
-81.716 30.778
-81.604 30.739
-81.634 30.804
-81.825 30.845
-81.667 30.928
-81.588 30.817
-81.438 30.844
-81.587 30.771
-81.672 30.784
-81.692 30.834
-81.802 31.024
-81.603 31.054
-85.079 33.627
-85.129 33.573
-85.096 33.600
-85.067 33.590
-85.052 33.601
-85.080 33.559
-85.047 33.568
-85.060 33.544
-85.270 33.539
-85.191 33.643
-85.129 33.659
-85.140 33.462
-85.136 33.595
-85.088 33.523
-84.985 33.652
-85.007 33.593
-84.995 33.521
-84.903 33.512
-85.050 33.464
-84.948 33.698
-85.011 33.764
-84.946 33.771
-84.930 33.728
-84.933 33.591
-85.194 33.569
-85.229 33.475
-85.280 33.618
-85.059 33.676
-85.029 33.734
-84.924 33.644
-85.139 33.538
-83.577 33.512
-83.506 33.553
-83.518 33.732
-83.527 33.614
-83.606 33.628
-83.428 33.672
-83.351 33.558
-83.432 33.602
-83.407 33.506
-83.471 33.644
-83.279 31.693
-83.292 31.790
-83.127 31.742
-83.219 31.751
-83.413 31.805
-84.119 33.601
-84.050 33.602
-84.019 33.625
-84.023 33.676
-83.970 33.660
-84.048 33.697
-83.990 33.662
-83.998 33.633
-84.068 33.664
-84.012 33.724
-83.955 33.703
-83.964 33.750
-84.047 33.559
-84.003 33.602
-84.067 33.633
-83.977 33.618
-84.011 33.573
-84.031 33.592
-83.809 32.879
-83.809 32.844
-83.746 32.876
-83.745 32.815
-83.706 32.825
-83.672 32.822
-83.752 32.754
-83.714 32.922
-83.700 32.848
-83.689 32.794
-83.690 32.834
-83.669 32.806
-83.650 32.781
-83.704 32.809
-83.712 32.795
-83.702 32.777
-83.619 32.811
-83.060 34.279
-83.641 32.719
-83.051 34.366
-83.033 34.434
-82.966 34.276
-82.918 34.355
-82.924 34.435
-82.845 34.304
-83.637 32.797
-83.554 32.801
-83.606 32.842
-83.561 32.854
-83.630 32.873
-83.599 32.871
-83.697 32.892
-83.750 32.908
-83.717 32.893
-83.667 32.886
-83.652 32.859
-83.675 32.873
-83.699 32.879
-83.713 32.869
-82.488 33.436
-83.676 32.861
-83.677 32.838
-82.489 33.468
-82.376 33.390
-82.445 33.461
-82.527 33.578
-82.551 33.467
-82.454 33.504
-83.652 32.846
-83.673 32.852
-83.636 32.842
-82.502 33.499
-82.500 33.380
-82.435 33.374
-83.765 32.861
-84.170 31.214
-84.167 31.113
-84.156 31.365
-84.250 31.280
-84.053 31.379
-84.071 31.140
-84.310 31.152
-84.027 31.180
-84.421 31.143
-84.073 31.259
-83.584 32.857
-84.026 31.270
-83.698 32.737
-83.828 32.792
-82.423 33.017
-82.304 33.182
-82.462 33.207
-82.477 33.115
-82.539 33.163
-82.482 32.864
-82.391 32.864
-82.365 33.231
-82.894 30.710
-84.334 30.749
-84.319 30.867
-84.228 31.003
-84.161 31.029
-84.305 30.945
-84.319 31.033
-84.162 30.930
-84.193 30.876
-84.237 30.870
-84.171 30.821
-84.272 30.780
-84.152 30.737
-84.106 30.896
-82.503 31.814
-82.463 31.712
-82.408 31.759
-82.362 31.899
-82.338 31.702
-82.442 31.824
-82.361 31.829
-82.277 31.803
-82.300 31.736
-82.262 31.893
-82.191 31.873
-82.136 31.819
-82.191 31.715
-82.165 31.551
-82.243 31.607
-82.344 31.650
-83.288 32.601
-83.360 32.701
-83.438 32.818
-83.503 32.665
-83.411 32.548
-83.043 33.371
-83.042 33.291
-82.954 33.275
-82.909 33.233
-82.871 33.350
-83.008 33.142
-83.602 34.760
-83.612 34.520
-83.612 34.597
-83.600 34.473
-83.506 34.696
-83.620 34.661
-83.414 34.687
-83.539 34.638
-83.548 34.567
-83.535 34.525
-83.556 34.505
-83.478 34.537
-83.562 34.597
-83.436 34.611
-82.481 31.781
-85.049 34.740
-85.003 34.802
-84.995 34.719
-84.984 34.753
-85.005 34.653
-84.962 34.900
-85.027 34.847
-84.979 34.788
-84.947 34.732
-84.938 34.668
-84.951 34.768
-84.931 34.829
-84.964 34.832
-84.906 34.775
-84.892 34.736
-84.945 34.959
-84.868 34.947
-84.948 34.787
-85.114 34.767
-85.048 34.793
-84.983 34.770
-84.883 34.824
-84.869 34.883
-85.046 31.874
-84.945 31.850
-84.599 31.975
-84.479 32.072
-84.593 32.114
-84.504 31.970
-82.367 31.393
-82.259 31.259
-82.326 31.310
-82.271 31.373
-82.193 31.250
-82.113 31.317
-82.137 31.417
-82.257 31.458
-84.360 31.711
-84.478 31.676
-84.357 31.840
-84.504 31.884
-84.520 31.785
-84.433 31.752
-83.391 34.250
-83.520 34.337
-83.441 34.291
-83.553 34.285
-83.607 34.378
-83.620 34.326
-83.425 34.356
-83.479 34.373
-83.436 34.410
-83.492 34.434
-83.431 34.455
-83.521 34.471
-83.565 34.427
-84.568 33.728
-84.537 33.758
-84.521 33.604
-84.358 33.899
-84.373 33.902
-84.188 34.064
-84.167 34.055
-84.140 34.042
-84.708 33.586
-84.757 33.577
-84.718 33.523
-84.783 33.536
-84.286 34.005
-84.265 33.981
-84.282 33.985
-84.303 33.994
-84.357 33.813
-84.397 33.823
-84.532 33.598
-84.386 33.808
-84.378 33.752
-84.377 33.757
-84.379 33.767
-84.520 33.699
-84.498 33.629
-84.596 33.550
-84.521 33.622
-84.532 33.545
-84.475 33.563
-84.376 33.888
-84.384 33.883
-84.384 33.894
-84.383 33.905
-84.374 34.065
-84.321 34.012
-84.345 34.055
-84.389 33.836
-84.361 33.828
-84.352 33.846
-84.394 33.766
-84.299 34.099
-84.325 33.981
-84.262 34.004
-84.582 33.601
-84.485 33.660
-84.488 33.684
-84.452 33.707
-84.466 33.711
-84.501 33.569
-84.482 33.577
-84.399 33.900
-84.424 33.893
-84.376 33.912
-84.373 33.915
-84.399 34.069
-84.296 34.029
-84.333 34.070
-84.351 34.077
-84.372 33.844
-84.402 33.857
-84.394 33.839
-84.367 34.084
-84.225 34.053
-84.388 33.762
-84.384 33.776
-84.466 33.701
-84.487 33.710
-84.493 33.736
-84.487 33.592
-84.464 33.600
-84.356 33.921
-84.363 33.924
-84.387 33.917
-84.395 33.924
-84.354 34.067
-84.373 34.005
-84.399 34.096
-84.353 34.041
-84.326 34.033
-84.298 34.019
-84.325 34.051
-84.394 33.872
-84.358 33.798
-84.372 33.777
-84.366 33.759
-84.371 33.805
-84.380 33.799
-84.406 33.784
-84.494 33.749
-84.501 33.699
-84.501 33.684
-84.625 33.574
-84.523 33.679
-84.519 33.565
-84.481 33.608
-84.426 33.919
-84.400 33.935
-84.315 34.000
-84.357 34.025
-84.362 33.778
-84.412 33.771
-84.403 33.757
-84.365 33.738
-84.393 33.792
-84.398 33.778
-84.379 34.034
-84.397 33.809
-84.519 33.564
-84.678 33.558
-84.669 33.533
-84.459 33.661
-84.461 33.652
-84.481 33.649
-84.383 33.936
-84.373 33.931
-84.363 33.931
-84.353 33.945
-84.345 34.019
-84.384 34.018
-84.392 34.049
-84.325 34.039
-84.359 33.748
-84.358 33.704
-84.364 33.714
-84.384 33.730
-84.405 33.810
-84.381 33.654
-84.363 33.666
-84.479 33.637
-84.488 33.616
-84.365 33.944
-84.378 33.946
-84.376 33.952
-84.273 34.037
-84.254 34.034
-84.252 34.039
-84.388 33.738
-84.394 33.750
-84.399 33.739
-84.392 33.729
-84.390 33.669
-84.387 33.683
-84.396 33.698
-84.469 33.613
-84.466 33.618
-84.467 33.626
-84.470 33.642
-84.394 33.947
-84.393 33.952
-84.358 33.965
-84.370 33.968
-84.365 33.991
-84.257 34.042
-84.241 34.044
-84.253 34.052
-84.357 33.727
-84.375 33.735
-84.384 33.746
-84.369 33.689
-84.355 33.693
-84.422 33.768
-84.376 33.706
-84.397 33.711
-84.386 33.714
-84.463 33.640
-84.441 33.654
-84.438 33.663
-84.440 33.666
-84.347 33.974
-84.345 33.993
-84.341 34.003
-84.228 34.069
-84.204 34.080
-84.226 34.085
-84.256 34.082
-84.309 34.065
-84.415 33.759
-84.412 33.752
-84.421 33.759
-84.423 33.780
-84.438 33.772
-84.396 33.724
-84.410 33.711
-84.409 33.684
-84.480 33.671
-84.465 33.683
-84.508 33.648
-84.507 33.636
-84.275 33.970
-84.294 33.971
-84.342 34.080
-84.321 34.089
-84.463 33.776
-84.427 33.758
-84.408 33.746
-84.415 33.747
-84.422 33.750
-84.409 33.661
-84.422 33.712
-84.410 33.721
-84.418 33.737
-84.449 33.685
-84.473 33.677
-84.432 33.658
-84.272 34.014
-84.266 34.033
-84.241 34.039
-84.302 34.090
-84.282 34.084
-84.413 34.083
-84.355 34.103
-84.382 34.095
-84.296 34.117
-84.263 34.105
-84.272 34.127
-84.441 33.740
-84.462 33.732
-84.460 33.719
-84.443 33.719
-84.511 33.740
-84.436 33.708
-84.446 33.786
-84.414 33.700
-84.430 33.673
-84.426 33.689
-84.438 33.696
-84.240 34.025
-84.231 34.009
-84.281 34.169
-84.310 34.150
-84.332 34.118
-84.342 34.155
-84.413 33.693
-84.484 33.726
-84.464 33.802
-84.418 33.853
-84.376 33.835
-84.525 33.749
-84.438 33.729
-84.428 33.741
-84.435 33.750
-84.467 33.788
-84.471 33.814
-84.479 33.751
-84.470 33.692
-84.454 33.728
-84.527 33.661
-84.512 33.656
-84.510 33.668
-84.247 34.005
-84.227 34.018
-84.201 34.005
-84.379 33.826
-84.383 33.817
-84.371 33.833
-84.446 33.809
-84.423 33.844
-84.414 33.833
-84.434 33.867
-84.444 33.840
-84.433 33.820
-84.465 33.764
-84.472 33.740
-84.455 33.746
-84.438 33.760
-84.511 33.723
-84.554 33.546
-84.683 33.616
-84.540 33.704
-84.476 33.723
-84.491 33.732
-84.424 33.654
-84.364 33.700
-84.442 33.733
-84.434 33.743
-84.440 33.753
-84.211 34.025
-84.212 34.042
-84.353 33.787
-84.368 33.787
-84.383 33.790
-84.432 33.727
-84.429 33.719
-84.424 33.799
-84.407 33.797
-84.414 33.815
-84.476 33.763
-84.486 33.776
-84.482 33.796
-84.641 33.632
-84.590 33.638
-84.557 33.658
-84.621 33.671
-84.427 33.765
-84.370 33.772
-84.401 33.767
-84.389 33.779
-84.370 33.814
-84.206 34.053
-84.193 34.037
-84.180 34.028
-84.423 33.727
-84.410 33.759
-84.433 33.766
-84.450 33.766
-84.453 33.758
-84.379 33.777
-84.407 33.730
-84.260 34.029
-84.359 33.829
-84.500 33.792
-84.505 33.775
-84.494 33.766
-84.584 33.696
-84.545 33.713
-84.567 33.723
-84.359 33.835
-84.361 33.883
-84.201 34.062
-84.211 34.068
-84.194 34.078
-84.383 33.784
-84.354 33.778
-84.355 33.760
-84.385 33.753
-84.324 34.028
-84.356 33.854
-84.369 33.766
-84.373 33.860
-84.359 33.871
-84.356 33.769
-84.277 34.052
-84.372 33.922
-84.502 33.758
-84.527 33.718
