-155.046 19.628
-155.114 19.731
-155.270 19.652
-155.081 19.726
-155.066 19.721
-155.218 19.600
-155.523 19.614
-155.857 20.219
-155.764 20.178
-156.017 19.655
-155.965 19.643
-155.622 20.117
-155.932 19.671
-155.523 19.982
-155.440 19.905
-155.382 19.826
-155.779 19.064
-155.955 19.557
-155.267 19.933
-155.272 19.725
-155.039 19.687
-155.032 19.421
-155.154 19.803
-154.983 19.567
-155.215 19.894
-155.232 19.845
-155.192 19.774
-155.161 19.838
-155.107 19.840
-155.093 19.688
-155.074 19.690
-154.959 19.592
-155.006 19.588
-154.928 19.550
-156.033 19.722
-155.998 19.679
-155.936 19.498
-155.155 19.508
-154.928 19.411
-155.476 19.367
-155.604 20.031
-154.997 19.520
-155.137 19.569
-155.829 19.458
-155.627 19.181
-155.839 19.201
-155.634 19.565
-155.283 19.359
-155.772 19.353
-155.869 19.410
-155.843 20.127
-155.974 19.603
-155.966 19.622
-155.894 19.614
-155.707 19.750
-155.727 19.898
-155.801 19.992
-155.701 20.050
-155.623 20.012
-155.087 19.706
-155.072 19.700
-155.101 19.708
-155.098 19.678
-155.033 19.729
-155.112 19.681
-155.924 19.757
-155.059 19.525
-155.086 19.638
-156.955 21.229
-156.952 21.177
-160.153 21.895
-159.623 21.923
-159.472 21.930
-159.344 22.152
-159.718 22.056
-159.399 22.035
-159.609 22.049
-159.518 21.950
-159.448 21.901
-159.353 21.977
-159.566 21.958
-159.332 22.063
-159.821 21.980
-159.428 21.982
-159.396 22.193
-159.374 22.068
-159.393 22.098
-159.526 22.162
-158.030 21.392
-158.024 21.380
-157.886 21.312
-157.860 21.298
-167.571 24.671
-157.814 21.291
-157.803 21.300
-157.671 21.305
-157.686 21.309
-158.003 21.402
-157.808 21.418
-158.015 21.377
-157.995 21.393
-157.953 21.422
-158.003 21.441
-157.848 21.439
-157.861 21.488
-157.941 21.447
-157.952 21.384
-157.922 21.366
-157.951 21.360
-157.917 21.381
-157.878 21.339
-157.867 21.322
-157.863 21.378
-157.959 21.400
-157.863 21.363
-157.865 21.326
-157.858 21.327
-158.000 21.420
-158.003 21.395
-158.010 21.390
-157.992 21.406
-157.965 21.396
-157.950 21.416
-157.962 21.405
-157.938 21.384
-157.876 21.401
-157.935 21.403
-157.972 21.382
-157.990 21.366
-157.915 21.351
-157.909 21.347
-157.908 21.345
-157.864 21.346
-157.870 21.346
-157.822 21.354
-157.850 21.333
-157.854 21.323
-157.845 21.301
-157.839 21.317
-157.822 21.321
-157.801 21.334
-157.822 21.299
-157.839 21.294
-157.831 21.284
-157.796 21.277
-157.803 21.278
-157.828 21.297
-157.790 21.293
-157.800 21.290
-158.016 21.386
-158.024 21.384
-158.005 21.386
-157.977 21.399
-157.971 21.410
-157.956 21.397
-157.906 21.424
-157.947 21.395
-157.902 21.398
-157.892 21.411
-158.002 21.342
-157.940 21.376
-157.879 21.388
-157.917 21.359
-157.902 21.352
-157.844 21.353
-157.835 21.367
-157.870 21.316
-157.848 21.314
-157.846 21.323
-157.852 21.310
-157.843 21.310
-157.844 21.306
-157.818 21.310
-157.838 21.302
-157.853 21.304
-157.845 21.286
-157.826 21.286
-157.807 21.281
-157.811 21.285
-157.811 21.273
-157.818 21.263
-157.792 21.286
-157.778 21.311
-157.784 21.288
-157.771 21.301
-157.983 21.392
-157.935 21.324
-157.891 21.350
-157.897 21.329
-157.847 21.335
-157.852 21.344
-157.861 21.332
-157.860 21.321
-157.861 21.311
-157.839 21.308
-157.813 21.348
-157.826 21.331
-157.835 21.306
-157.842 21.298
-157.832 21.304
-157.986 21.323
-157.834 21.293
-157.834 21.299
-157.829 21.291
-157.821 21.287
-157.818 21.281
-157.820 21.275
-157.827 21.276
-158.030 21.317
-158.039 21.342
-157.781 21.321
-157.765 21.285
-157.780 21.272
-157.757 21.302
-157.749 21.299
-157.737 21.300
-157.727 21.300
-157.703 21.306
-157.794 21.326
-157.811 21.304
-157.716 21.302
-157.695 21.295
-157.702 21.271
-157.674 21.290
-158.032 21.336
-158.005 21.318
-157.872 21.328
-157.824 21.290
-157.819 21.290
-158.015 21.413
-158.022 21.396
-158.103 21.335
-157.800 21.261
-157.726 21.346
-157.736 21.367
-157.728 21.368
-157.725 21.386
-157.681 21.324
-157.874 21.334
-157.878 21.330
-157.735 21.378
-157.742 21.377
-157.711 21.288
-157.699 21.278
-157.740 21.388
-157.710 21.390
-157.735 21.390
-157.743 21.399
-157.736 21.401
-157.750 21.401
-157.746 21.415
-157.763 21.418
-157.750 21.446
-157.766 21.357
-157.763 21.389
-157.781 21.407
-157.786 21.396
-157.789 21.415
-157.800 21.382
-157.807 21.407
-157.821 21.398
-157.815 21.430
-157.814 21.456
-158.013 21.465
-158.018 21.454
-158.003 21.456
-158.021 21.471
-158.021 21.436
-158.064 21.410
-157.795 21.427
-157.924 21.659
-157.974 21.671
-158.034 21.657
-158.164 21.553
-158.216 21.512
-158.176 21.467
-158.161 21.456
-158.171 21.414
-158.135 21.428
-158.094 21.361
-158.077 21.364
-158.086 21.345
-158.120 21.375
-158.055 21.357
-158.083 21.316
-158.013 21.310
-158.039 21.360
-158.025 21.357
-158.009 21.506
-158.026 21.576
-157.945 21.482
-157.828 21.418
-158.040 21.499
-158.079 21.483
-158.186 21.480
-158.000 21.477
-157.903 21.571
-157.971 21.518
-158.006 21.503
-157.976 21.496
-158.022 21.441
-156.684 20.938
-156.480 20.906
-156.492 20.898
-156.237 20.884
-156.450 20.728
-156.387 20.631
-156.156 20.804
-156.433 20.745
-156.342 20.870
-156.370 20.640
-156.254 20.651
-156.318 20.905
-156.277 20.872
-156.352 20.909
-156.296 20.831
-156.406 20.897
-156.269 20.698
-156.313 20.810
-156.371 20.770
-156.365 20.840
-156.486 20.874
-156.480 20.882
-156.476 20.868
-156.427 20.799
-156.507 20.859
-156.497 20.885
-156.546 20.889
-156.470 20.890
-156.433 20.865
-156.495 20.811
-156.507 20.870
-156.493 20.909
-157.047 21.162
-157.206 21.146
-156.992 21.105
-156.828 21.120
-156.930 20.837
-156.627 20.969
-156.649 20.900
-156.658 20.869
-156.548 20.960
-156.603 20.835
-156.639 20.880
