-93.678 43.210
-93.793 43.212
-93.557 43.039
-93.910 42.950
-93.675 43.039
-93.793 43.039
-93.793 42.952
-93.614 42.924
-93.675 42.952
-93.911 43.039
-93.911 43.126
-93.911 43.212
-93.958 42.989
-93.557 42.952
-93.793 43.126
-93.675 43.126
-93.604 43.098
-93.554 43.128
-93.634 43.246
-93.557 43.213
-94.973 43.299
-95.145 43.335
-95.090 43.298
-95.211 43.298
-95.329 43.299
-95.328 43.386
-95.163 43.349
-95.098 43.447
-95.091 43.467
-95.210 43.466
-95.325 43.448
-95.328 43.467
-95.174 43.374
-95.130 43.360
-95.140 43.384
-95.120 43.415
-95.213 43.388
-95.073 43.382
-94.947 43.434
-94.973 43.386
-94.974 43.466
-94.028 42.039
-93.976 41.990
-94.106 41.992
-94.140 42.038
-94.106 42.079
-93.973 42.125
-93.993 42.082
-93.882 42.083
-93.757 42.079
-93.757 42.166
-93.894 42.167
-94.011 42.167
-94.106 42.166
-94.114 41.946
-91.222 43.117
-91.317 43.128
-91.430 43.125
-91.569 43.088
-91.546 43.126
-91.478 43.268
-91.546 43.211
-91.429 43.211
-91.310 43.211
-91.174 43.210
-91.171 43.293
-91.310 43.298
-91.425 43.300
-91.546 43.299
-91.551 43.385
-91.430 43.385
-91.286 43.384
-91.295 43.465
-91.430 43.464
-91.551 43.465
-94.106 41.906
-93.990 41.907
-93.900 41.903
-93.820 41.876
-93.847 41.913
-93.703 41.867
-93.757 41.908
-93.820 41.967
-93.757 41.993
-93.877 42.053
-93.863 41.996
-94.503 42.952
-94.502 43.039
-94.620 43.039
-91.775 40.857
-91.947 40.878
-93.499 40.768
-93.317 40.757
-91.613 41.960
-91.633 41.982
-91.628 41.990
-91.626 42.003
-91.643 42.000
-91.424 41.991
-91.446 42.053
-91.423 42.079
-94.738 43.039
-94.855 43.039
-91.891 40.857
-92.005 40.852
-92.121 40.857
-93.385 40.768
-93.268 40.769
-91.654 41.998
-91.668 41.996
-91.650 41.990
-91.645 41.985
-91.648 41.976
-91.578 42.005
-91.551 42.073
-94.855 43.126
-94.680 43.115
-93.155 40.768
-93.155 40.855
-93.270 40.855
-91.668 42.028
-91.662 42.048
-91.647 42.056
-91.632 42.046
-91.724 42.100
-91.689 42.051
-94.741 43.127
-94.617 43.127
-93.385 40.855
-93.451 40.636
-91.644 42.037
-91.630 42.021
-91.649 42.021
-91.646 42.008
-91.676 42.079
-91.740 42.051
-91.806 42.095
-91.767 42.172
-94.502 43.126
-94.502 43.212
-94.620 43.212
-91.665 42.015
-91.679 42.012
-91.715 42.011
-91.657 42.167
-91.525 42.204
-94.738 43.212
-94.855 43.212
-91.686 41.966
-91.691 41.976
-91.694 41.984
-91.681 41.991
-91.699 41.998
-91.540 42.165
-91.423 42.166
-91.723 41.990
-91.711 41.981
-91.725 41.968
-91.422 42.253
-91.539 42.253
-91.656 42.253
-91.889 41.196
-91.821 41.175
-91.787 41.206
-91.716 41.165
-91.673 41.207
-91.734 41.973
-91.745 41.971
-91.763 41.982
-91.706 41.969
-91.774 42.254
-91.654 41.911
-91.619 41.966
-91.543 41.207
-91.543 41.294
-91.666 41.298
-91.780 41.293
-91.887 41.284
-91.888 41.381
-91.770 41.383
-91.657 41.381
-91.542 41.381
-91.570 41.466
-91.705 41.468
-91.859 41.468
-91.747 41.953
-91.711 41.953
-91.702 41.943
-91.604 41.987
-91.689 42.028
-92.357 41.906
-92.474 41.906
-92.591 41.906
-92.708 41.906
-92.763 42.008
-92.708 41.992
-91.670 41.961
-91.672 41.976
-91.659 41.982
-91.653 41.964
-91.712 42.043
-92.308 41.171
-92.562 41.964
-92.620 41.964
-91.653 41.949
-91.681 41.909
-91.605 42.061
-92.355 41.467
-92.580 41.990
-92.592 42.009
-92.474 41.993
-92.357 41.993
-92.358 42.080
-92.474 42.079
-92.591 42.080
-92.708 42.079
-92.709 42.167
-92.592 42.167
-92.475 42.167
-93.500 40.609
-91.617 42.045
-91.579 42.071
-92.239 41.467
-92.123 41.467
-92.078 41.510
-92.172 41.438
-92.006 41.468
-92.006 41.381
-92.309 42.172
-92.360 42.167
-92.358 42.254
-92.475 42.254
-91.888 40.712
-93.385 40.609
-91.554 42.030
-91.588 42.020
-91.586 42.034
-91.560 42.045
-91.575 42.055
-91.955 41.365
-92.120 41.356
-92.241 41.382
-92.354 41.380
-92.353 41.300
-92.249 41.313
-92.201 41.338
-92.238 41.266
-92.128 41.266
-92.005 41.294
-92.592 42.254
-92.709 42.254
-91.895 40.648
-92.068 40.643
-92.008 40.662
-92.162 40.671
-92.120 40.664
-92.121 40.770
-91.988 40.764
-93.270 40.609
-93.155 40.610
-91.574 42.040
-91.615 42.031
-91.609 42.018
-91.597 42.033
-91.790 41.996
-92.004 41.207
-92.123 41.203
-92.239 41.200
-92.357 41.213
-94.855 42.952
-91.776 40.639
-91.776 40.697
-93.155 40.681
-93.270 40.681
-91.780 41.905
-91.585 41.875
-91.629 41.888
-91.549 41.899
-91.424 41.904
-91.531 41.955
-94.683 42.939
-94.738 42.952
-94.619 42.952
-94.448 42.960
-91.868 40.772
-91.776 40.770
-91.833 40.857
-93.385 40.681
-93.500 40.682
-95.655 40.606
-95.697 40.641
-95.817 40.736
-95.677 40.748
-95.547 40.772
-95.545 40.692
-95.481 40.720
-95.428 40.706
-95.449 40.783
-95.442 40.858
-95.557 40.858
-95.674 40.894
-95.671 40.857
-95.776 40.843
-95.431 40.619
-95.561 40.619
-90.186 41.857
-90.290 41.834
-90.197 41.843
-90.195 41.833
-90.303 41.777
-90.354 41.802
-90.399 41.791
-90.544 41.822
-90.520 41.823
-90.631 41.811
-90.727 41.803
-90.840 41.815
-90.840 41.902
-90.723 41.902
-90.611 41.906
-90.483 41.905
-90.373 41.895
-90.254 41.904
-90.232 41.990
-90.374 41.990
-90.490 41.989
-90.661 42.030
-90.607 41.989
-90.723 41.989
-90.840 41.990
-90.259 41.812
-90.210 41.867
-90.189 41.892
-90.227 41.852
-95.207 41.790
-95.150 41.821
-94.031 42.776
-93.981 42.827
-94.088 42.904
-94.031 42.864
-96.023 41.561
-95.889 41.555
-91.784 43.038
-91.904 43.038
-94.150 42.863
-94.384 42.864
-95.775 41.555
-95.669 41.554
-95.555 41.554
-90.956 42.165
-91.307 41.990
-91.142 41.998
-95.742 41.644
-95.616 41.646
-95.870 41.631
-96.012 41.618
-95.967 41.649
-91.192 41.990
-91.073 41.990
-96.066 41.647
-96.048 41.725
-95.952 41.729
-95.848 41.719
-91.358 42.020
-91.073 42.077
-91.190 42.078
-95.732 41.733
-95.616 41.733
-95.601 41.853
-90.957 41.990
-91.005 42.060
-90.956 42.077
-91.015 42.107
-91.090 42.116
-91.271 42.111
-91.310 42.075
-91.306 42.166
-91.183 42.230
-95.267 41.821
-95.616 41.819
-95.731 41.820
-92.022 43.038
-91.189 42.164
-95.383 41.821
-95.499 41.820
-95.440 41.554
-95.848 41.820
-95.952 41.812
-96.046 41.821
-91.073 42.165
-90.956 42.252
-95.910 41.470
-91.814 42.645
-91.072 42.252
-91.190 42.256
-91.305 42.253
-91.246 42.006
-91.785 42.687
-91.913 42.671
-91.902 42.689
-92.042 42.644
-93.614 40.943
-92.022 42.686
-92.022 42.774
-95.445 41.594
-95.451 41.513
-93.844 40.941
-93.730 40.943
-93.957 40.940
-91.903 42.774
-95.326 41.554
-93.957 41.027
-93.849 41.030
-94.383 42.688
-91.785 42.774
-91.666 42.774
-95.212 41.554
-95.062 41.593
-95.098 41.553
-95.151 41.645
-93.782 41.026
-93.726 41.030
-94.031 42.688
-94.198 42.724
-91.667 42.862
-91.786 42.862
-91.904 42.862
-92.076 42.849
-92.023 42.863
-95.264 41.645
-95.327 41.650
-93.615 41.030
-93.615 41.118
-94.147 42.687
-94.225 42.723
-92.022 42.951
-91.904 42.950
-95.387 41.645
-95.500 41.646
-95.500 41.733
-95.419 41.776
-93.731 41.118
-93.844 41.116
-94.271 42.685
-94.434 42.726
-94.149 42.776
-91.666 42.687
-91.785 42.950
-95.383 41.733
-95.267 41.733
-95.151 41.733
-93.957 41.114
-94.266 42.864
-94.384 42.776
-94.268 42.777
-91.666 42.950
-91.652 43.000
-91.665 43.039
-93.615 41.995
-93.686 41.879
-93.693 41.867
-93.665 41.951
-94.871 41.553
-94.758 41.553
-94.802 41.645
-94.918 41.645
-95.035 41.645
-95.035 41.733
-93.795 42.688
-93.918 42.736
-93.401 41.990
-94.918 41.732
-94.802 41.733
-93.912 42.688
-93.912 42.777
-93.524 41.988
-93.645 41.977
-93.641 42.086
-93.290 42.078
-93.520 41.907
-93.406 41.907
-94.802 41.820
-94.918 41.820
-94.986 41.842
-94.803 42.252
-94.731 42.268
-93.795 42.776
-93.675 42.777
-93.521 42.080
-93.290 41.906
-95.036 41.819
-94.930 41.545
-93.558 42.775
-93.608 42.847
-93.555 42.865
-93.676 42.864
-93.290 41.992
-93.465 42.020
-93.794 42.864
-93.912 42.864
-93.289 42.166
-93.405 42.079
-93.521 42.166
-93.405 42.166
-93.642 42.165
-93.587 42.187
-93.591 41.896
-93.659 42.026
-93.649 42.029
-93.639 42.024
-93.649 42.050
-93.665 42.037
-93.677 42.029
-93.654 42.005
-93.669 42.019
-93.912 42.601
-93.660 42.016
-93.646 42.021
-93.687 42.019
-93.616 42.034
-93.639 41.908
-93.843 42.565
-93.793 42.602
-93.633 42.061
-93.625 42.051
-93.634 42.030
-93.676 42.601
-93.558 42.601
-93.629 42.037
-93.584 42.033
-93.504 42.659
-93.559 42.688
-93.611 42.046
-93.607 42.014
-94.984 41.553
-93.729 42.732
-93.675 42.687
-94.531 40.768
-94.484 40.804
-94.712 40.667
-94.186 40.941
-94.264 40.901
-94.456 42.429
-94.540 42.528
-95.447 42.691
-95.553 42.751
-93.954 41.552
-93.984 41.687
-93.869 41.818
-94.300 40.942
-94.498 42.515
-94.678 42.552
-95.682 42.692
-95.565 42.691
-93.989 41.735
-93.827 41.764
-93.438 43.213
-93.183 43.172
-94.414 40.942
-94.418 41.026
-94.365 41.060
-92.316 43.057
-92.379 43.037
-92.256 43.038
-92.140 43.038
-92.091 43.212
-93.987 41.644
-94.106 41.644
-94.270 41.643
-94.618 42.516
-94.739 42.516
-95.807 42.822
-95.800 42.778
-93.989 41.820
-94.106 41.820
-94.222 41.820
-94.211 41.518
-93.854 41.533
-92.139 42.950
-92.259 42.950
-94.297 41.026
-94.186 41.027
-92.140 43.148
-92.258 43.148
-92.377 43.148
-94.221 41.645
-94.222 41.733
-94.106 41.733
-94.856 42.517
-95.682 42.779
-95.566 42.784
-95.446 42.778
-93.193 43.136
-93.188 43.149
-92.377 42.950
-92.539 42.950
-92.492 42.951
-92.495 43.039
-94.072 41.027
-94.071 41.113
-92.495 43.148
-92.196 42.965
-93.875 41.732
-93.922 41.842
-95.447 42.866
-95.564 42.866
-93.243 43.134
-93.210 43.121
-93.209 43.144
-93.153 43.139
-93.247 43.157
-93.206 43.157
-94.185 41.114
-94.299 41.114
-95.682 42.867
-95.800 42.867
-93.148 43.158
-93.195 43.167
-93.473 42.916
-93.387 42.944
-94.415 41.115
-93.220 43.173
-95.801 42.692
-93.085 42.951
-93.083 43.039
-91.665 43.125
-91.785 43.125
-91.868 43.181
-93.439 42.954
-93.320 42.951
-93.187 42.980
-93.204 42.948
-93.036 42.922
-93.438 43.039
-93.462 43.128
-93.444 43.125
-93.374 43.135
-93.313 43.122
-93.198 43.104
-93.028 43.148
-91.904 43.125
-92.046 43.101
-92.017 43.131
-93.202 43.039
-93.320 43.039
-94.643 40.770
-94.757 40.770
-92.022 43.212
-91.905 43.213
-91.784 43.212
-93.078 43.124
-93.083 43.212
-93.200 43.216
-93.320 43.213
-94.871 40.771
-94.900 40.732
-91.664 43.212
-91.785 43.302
-91.664 43.299
-91.783 43.298
-94.682 42.251
-94.571 42.253
-94.183 41.554
-94.010 41.536
-94.857 40.688
-94.724 40.671
-91.903 43.299
-92.022 43.299
-94.408 42.277
-94.456 42.252
-94.431 42.379
-94.071 41.552
-93.815 41.547
-94.637 40.684
-92.025 43.385
-91.909 43.385
-91.790 43.385
-94.456 42.340
-94.572 42.340
-93.814 41.571
-93.817 41.591
-93.871 41.599
-94.753 40.693
-94.530 40.605
-94.478 40.617
-91.671 43.385
-91.671 43.465
-94.688 42.340
-94.802 42.340
-94.637 40.606
-94.745 40.610
-91.791 43.465
-91.910 43.465
-94.856 42.423
-94.802 42.429
-94.629 42.398
-95.801 42.605
-95.682 42.605
-94.026 41.611
-93.846 41.626
-93.838 41.647
-94.529 40.683
-94.858 40.612
-94.072 40.941
-92.025 43.465
-94.691 42.431
-94.569 42.431
-95.565 42.605
-95.447 42.605
-93.894 41.654
-93.830 41.687
-94.872 40.857
-94.758 40.857
-94.643 40.856
-94.527 40.855
-94.559 40.882
-94.643 41.554
-94.521 41.509
-94.530 41.552
-94.420 41.556
-94.316 41.509
-94.319 41.523
-94.289 41.549
-94.335 41.611
-94.499 41.678
-94.455 41.645
-94.571 41.645
-94.686 41.645
-94.686 41.733
-94.570 41.732
-94.454 41.733
-94.357 41.775
-94.335 41.711
-94.339 41.820
-94.455 41.820
-94.571 41.820
-94.676 41.861
-94.686 41.820
-94.643 41.508
-96.422 42.494
-96.410 42.549
-96.405 42.523
-96.419 42.506
-94.687 41.993
-94.803 41.992
-94.972 42.005
-94.918 41.993
-94.502 43.466
-94.620 43.466
-93.558 42.514
-93.643 42.478
-96.428 42.522
-96.411 42.516
-96.477 42.518
-95.034 41.993
-95.034 42.080
-94.923 42.081
-94.865 42.070
-94.784 42.122
-94.800 42.078
-94.639 42.042
-94.688 42.080
-94.738 43.466
-94.856 43.466
-96.440 42.497
-96.459 42.527
-96.435 42.505
-96.435 42.545
-96.298 42.262
-94.687 42.166
-94.802 42.168
-94.975 42.184
-94.916 42.167
-95.034 42.167
-93.677 42.515
-93.793 42.517
-96.193 42.258
-96.077 42.256
-93.913 42.515
-93.922 42.269
-95.962 42.255
-95.845 42.255
-95.729 42.255
-95.729 42.342
-95.866 42.388
-95.845 42.342
-95.961 42.342
-96.077 42.343
-96.194 42.344
-96.288 42.309
-96.355 42.400
-96.326 42.346
-96.295 42.426
-96.185 42.477
-96.194 42.431
-96.077 42.430
-95.961 42.430
-95.783 42.477
-95.844 42.431
-95.676 42.465
-95.728 42.430
-95.865 42.543
-95.800 42.518
-95.920 42.518
-96.037 42.518
-92.140 43.275
-93.872 42.252
-93.796 42.289
-96.155 42.519
-96.273 42.518
-92.258 43.274
-92.439 43.246
-92.376 43.274
-93.756 42.252
-93.640 42.253
-96.402 42.495
-92.496 43.274
-92.550 43.362
-92.494 43.382
-92.376 43.382
-93.522 42.253
-93.582 42.310
-93.521 42.340
-93.640 42.311
-93.641 42.344
-96.344 42.467
-96.325 42.461
-92.258 43.382
-92.140 43.382
-93.757 42.340
-96.373 42.466
-96.349 42.485
-94.502 43.298
-94.619 43.299
-94.792 43.320
-92.139 43.465
-92.257 43.465
-93.874 42.340
-96.379 42.482
-96.344 42.475
-94.737 43.298
-94.856 43.298
-92.376 43.465
-92.494 43.465
-92.089 43.217
-93.878 42.425
-93.817 42.462
-93.728 42.390
-93.754 42.426
-96.365 42.461
-96.375 42.417
-96.382 42.548
-96.356 42.553
-96.395 42.527
-95.035 41.907
-94.856 43.386
-94.738 43.386
-93.640 42.427
-96.383 42.526
-96.355 42.524
-96.398 42.512
-96.361 42.498
-96.400 42.506
-94.918 41.907
-94.803 41.906
-94.679 41.875
-94.688 41.908
-94.620 43.386
-94.502 43.386
-93.522 42.427
-93.635 43.332
-93.681 43.300
-93.617 43.471
-91.544 41.119
-91.713 41.161
-91.659 41.119
-91.713 40.837
-91.661 40.770
-92.725 43.315
-92.613 43.299
-93.793 43.299
-93.911 43.299
-91.660 40.858
-91.545 40.857
-92.614 43.465
-92.784 43.439
-92.732 43.427
-93.912 43.386
-91.430 40.856
-91.429 40.944
-91.546 40.963
-92.848 43.464
-92.965 43.464
-93.793 43.386
-93.676 43.386
-93.912 43.465
-91.545 40.939
-91.660 40.945
-91.660 41.032
-93.676 43.465
-93.793 43.465
-92.358 41.645
-92.700 41.555
-92.604 41.556
-92.469 41.511
-92.489 41.556
-92.355 41.556
-95.613 42.255
-92.474 41.645
-92.591 41.645
-95.329 42.953
-95.211 42.953
-95.092 42.953
-95.497 42.254
-95.381 42.254
-92.708 41.645
-94.571 41.907
-94.455 41.907
-94.338 41.907
-94.974 42.953
-95.036 43.016
-94.974 43.040
-95.093 43.040
-95.381 42.341
-95.497 42.341
-92.708 41.732
-92.591 41.732
-94.222 41.921
-94.332 41.988
-94.380 42.017
-93.499 40.855
-93.154 40.941
-93.270 40.942
-93.385 40.942
-95.211 43.040
-95.329 43.040
-95.320 43.162
-95.329 43.126
-95.613 42.341
-95.612 42.430
-92.475 41.732
-92.301 41.730
-92.358 41.732
-94.456 41.992
-94.571 41.993
-94.620 42.042
-94.570 42.080
-93.499 40.942
-93.499 41.030
-93.385 41.029
-95.156 43.148
-95.218 43.122
-95.085 43.124
-92.944 42.253
-92.875 42.222
-92.824 42.255
-95.497 42.430
-95.381 42.430
-92.358 41.819
-94.456 42.079
-93.309 41.018
-93.266 41.031
-93.156 41.030
-93.156 41.117
-93.270 41.117
-95.022 43.134
-94.972 43.126
-94.973 43.212
-95.091 43.213
-92.592 42.340
-92.706 42.339
-92.823 42.342
-92.944 42.340
-95.447 42.518
-95.543 42.488
-95.566 42.520
-92.475 41.819
-92.591 41.819
-94.339 42.079
-94.223 42.051
-93.385 41.117
-95.211 43.213
-95.329 43.212
-92.945 42.427
-92.827 42.427
-92.710 42.427
-92.626 42.464
-92.559 43.362
-92.614 43.386
-92.594 43.436
-95.682 42.518
-92.708 41.819
-94.223 42.166
-94.339 42.166
-93.500 41.117
-93.201 40.980
-92.592 42.425
-92.614 42.513
-92.732 42.513
-92.627 43.235
-92.748 43.237
-94.455 42.166
-94.571 42.166
-93.557 43.299
-92.849 42.513
-92.968 42.514
-91.544 41.032
-92.800 43.288
-92.903 43.243
-92.965 43.299
-93.532 43.417
-93.559 43.384
-93.557 43.465
-93.636 43.266
-91.429 41.031
-91.428 41.118
-92.979 43.383
-92.881 43.396
-92.844 43.342
-90.954 42.340
-90.840 42.339
-92.014 40.938
-92.122 40.944
-93.061 42.252
-93.055 42.337
-93.101 42.361
-90.687 42.298
-90.724 42.339
-90.601 42.415
-90.725 42.423
-90.837 42.472
-92.167 40.995
-92.121 41.033
-91.967 41.008
-92.006 41.025
-91.890 41.032
-91.749 40.994
-91.776 41.032
-93.176 42.339
-93.301 42.306
-93.289 42.341
-90.840 42.426
-91.010 42.443
-90.954 42.426
-91.774 41.118
-91.889 41.118
-92.005 41.120
-93.405 42.340
-93.405 42.427
-91.113 42.481
-91.072 42.426
-91.071 42.518
-92.122 41.120
-91.717 41.162
-93.289 42.427
-93.175 42.428
-90.957 42.515
-93.061 42.427
-93.054 42.547
-93.087 42.513
-93.233 42.514
-93.410 42.514
-90.773 42.512
-90.843 42.516
-90.733 42.545
-90.784 42.604
-90.733 42.598
-90.876 42.581
-90.840 42.611
-90.956 42.602
-91.074 42.603
-90.697 42.483
-91.121 42.398
-90.757 42.527
-90.665 42.480
-90.681 42.494
-90.673 42.499
-90.675 42.509
-90.653 42.508
-90.652 42.532
-90.668 42.518
-90.674 42.525
-90.670 42.542
-90.696 42.526
-90.691 42.499
-90.687 42.506
-90.699 42.515
-90.713 42.509
-93.010 42.263
-90.716 42.521
-90.736 42.521
-90.762 42.487
-90.728 42.495
-91.775 40.944
-91.891 40.944
-93.405 42.253
-93.289 42.252
-93.175 42.252
-90.707 42.497
-90.688 42.463
-91.003 42.303
-91.073 42.340
-93.702 41.624
-93.692 41.632
-93.688 41.641
-93.680 41.633
-93.661 41.641
-93.667 41.633
-93.791 41.676
-93.809 41.752
-93.611 41.710
-92.476 42.665
-92.469 42.725
-92.485 42.708
-93.653 41.633
-93.628 41.632
-93.618 41.633
-93.605 41.632
-93.589 41.628
-93.768 41.567
-93.649 41.732
-93.577 41.692
-92.496 42.782
-92.377 42.774
-92.258 42.808
-92.258 42.773
-93.784 41.567
-93.784 41.580
-93.569 41.631
-93.545 41.634
-93.651 41.745
-93.621 41.759
-93.516 41.735
-92.140 42.774
-92.098 42.849
-92.138 42.866
-92.221 42.861
-93.635 41.552
-93.621 41.553
-93.620 41.563
-93.589 41.563
-93.602 41.569
-93.614 41.574
-93.770 41.547
-93.747 41.560
-93.742 41.574
-93.729 41.794
-93.633 41.711
-92.287 42.862
-92.377 42.863
-92.495 42.863
-93.694 41.570
-93.611 41.565
-93.611 41.554
-93.602 41.555
-93.635 41.565
-93.751 41.579
-93.784 41.593
-93.720 41.587
-93.763 41.575
-93.769 41.580
-93.578 41.725
-93.621 41.736
-93.600 41.728
-93.595 41.738
-93.674 41.560
-93.665 41.575
-93.765 41.592
-93.730 41.638
-93.732 41.591
-93.744 41.589
-93.721 41.575
-93.582 41.736
-93.576 41.757
-93.667 41.733
-93.683 41.578
-93.699 41.586
-93.686 41.588
-93.672 41.588
-93.603 41.591
-93.736 41.534
-93.708 41.580
-93.784 41.630
-93.461 41.696
-93.638 41.541
-93.401 41.736
-93.657 41.590
-93.654 41.584
-93.645 41.591
-93.633 41.581
-93.624 41.588
-93.746 41.623
-93.744 41.635
-93.754 41.647
-93.725 41.647
-93.406 41.820
-93.522 41.820
-92.237 40.630
-91.308 41.642
-91.202 41.650
-93.548 41.596
-93.594 41.581
-93.576 41.593
-93.550 41.576
-93.713 41.623
-93.712 41.649
-93.768 41.608
-93.639 41.820
-93.695 41.860
-93.768 41.841
-92.236 40.694
-92.351 40.646
-91.130 41.665
-91.019 41.598
-91.055 41.641
-93.630 41.598
-93.648 41.599
-93.655 41.597
-93.667 41.596
-93.684 41.596
-93.684 41.605
-93.713 41.604
-93.704 41.642
-93.673 41.530
-93.616 41.545
-93.635 41.532
-93.633 41.524
-93.559 41.557
-93.631 41.545
-92.462 40.655
-92.581 40.635
-90.914 41.602
-90.959 41.642
-93.666 41.601
-93.666 41.607
-93.672 41.612
-93.639 41.617
-93.579 41.598
-93.699 41.597
-93.502 41.532
-93.499 41.586
-93.464 41.562
-93.382 41.547
-93.768 41.746
-93.720 41.632
-93.637 41.518
-93.602 41.537
-93.616 41.536
-93.609 41.520
-93.660 41.552
-92.562 40.713
-92.582 40.779
-92.490 40.793
-90.957 41.728
-91.122 41.747
-91.309 41.726
-91.288 41.786
-93.700 41.607
-93.692 41.610
-93.655 41.607
-93.649 41.609
-93.638 41.603
-93.638 41.608
-93.629 41.605
-93.619 41.606
-93.729 41.621
-93.676 41.647
-93.717 41.685
-93.494 41.521
-93.672 41.641
-93.588 41.530
-93.561 41.524
-93.581 41.560
-92.417 40.749
-92.409 40.743
-92.344 40.776
-91.303 41.838
-91.180 41.831
-91.066 41.818
-90.924 41.859
-93.610 41.601
-93.601 41.600
-93.585 41.610
-93.573 41.612
-93.572 41.604
-93.562 41.608
-93.390 41.642
-93.454 41.634
-93.363 41.668
-93.567 41.544
-92.236 40.770
-92.237 40.857
-90.957 41.816
-90.958 41.904
-93.555 41.606
-93.540 41.608
-93.536 41.619
-93.598 41.610
-93.521 41.626
-93.477 41.647
-93.518 41.619
-92.352 40.856
-92.466 40.857
-91.074 41.903
-91.253 41.906
-91.190 41.903
-93.553 41.620
-93.567 41.621
-93.607 41.613
-93.630 41.622
-93.605 41.623
-93.613 41.626
-93.616 41.618
-93.538 41.639
-93.539 41.666
-92.582 40.856
-92.140 42.686
-92.259 42.686
-91.308 41.904
-93.654 41.621
-93.664 41.622
-93.672 41.623
-93.678 41.621
-93.684 41.623
-93.693 41.621
-93.638 41.633
-93.645 41.670
-93.600 41.665
-93.628 41.644
-92.335 42.669
-92.359 42.687
-92.463 42.648
-94.856 42.603
-92.814 41.211
-92.716 41.194
-92.676 41.220
-92.636 41.167
-92.583 41.206
-93.041 41.030
-95.800 42.953
-93.319 43.299
-93.423 43.262
-93.439 43.300
-93.438 43.386
-93.320 43.386
-93.211 43.353
-94.737 42.602
-94.619 42.602
-92.468 41.206
-92.469 41.293
-92.615 41.286
-92.583 41.296
-92.639 41.291
-92.672 41.321
-92.710 41.286
-92.812 41.298
-92.816 41.376
-92.699 41.379
-92.926 41.030
-92.812 41.031
-92.697 41.031
-92.642 41.160
-92.697 41.118
-92.812 41.118
-95.682 42.954
-95.495 42.973
-93.201 43.388
-93.083 43.386
-93.083 43.465
-94.502 42.602
-94.447 42.731
-94.502 42.689
-92.579 41.379
-92.469 41.379
-92.470 41.506
-92.469 41.466
-92.927 41.117
-93.041 41.117
-92.822 40.899
-95.564 42.953
-95.445 42.953
-95.447 43.040
-94.618 42.687
-94.738 42.688
-92.584 41.466
-92.651 41.470
-95.621 43.086
-95.564 43.040
-94.856 42.690
-94.855 42.777
-92.700 41.466
-92.812 41.462
-91.140 40.832
-95.683 43.041
-95.801 43.041
-95.744 43.115
-94.739 42.777
-94.665 42.741
-94.615 42.780
-91.129 40.820
-91.149 40.802
-91.130 40.787
-91.118 40.800
-92.896 42.014
-92.877 42.040
-95.841 43.179
-95.801 43.127
-94.531 42.813
-94.501 42.775
-94.502 42.864
-91.114 40.789
-91.103 40.781
-92.927 42.012
-92.935 42.033
-95.684 43.128
-95.564 43.128
-94.620 42.865
-94.738 42.865
-91.101 40.794
-91.106 40.804
-92.948 42.045
-95.447 43.127
-95.477 43.179
-93.217 43.444
-93.199 43.468
-93.320 43.465
-94.855 42.865
-91.118 40.809
-91.117 40.832
-92.930 42.053
-92.892 42.052
-95.446 43.214
-95.565 43.214
-95.655 43.181
-93.439 43.465
-91.176 40.822
-91.210 40.767
-91.125 40.739
-91.089 40.871
-91.204 40.861
-91.262 40.827
-91.317 40.843
-93.174 41.906
-93.103 41.942
-93.057 41.906
-92.824 41.906
-92.941 41.906
-92.776 42.007
-95.685 43.217
-91.314 40.943
-91.199 40.943
-91.084 40.942
-90.994 40.948
-92.825 41.991
-92.949 41.984
-93.058 41.992
-93.174 41.992
-93.198 42.124
-93.174 42.078
-93.059 42.078
-92.949 42.086
-92.822 42.082
-92.826 42.167
-95.799 43.218
-91.024 41.030
-91.179 41.030
-91.313 41.031
-91.100 40.825
-92.943 42.166
-93.060 42.165
-93.174 42.166
-92.898 42.060
-93.006 42.191
-92.697 40.943
-92.811 40.943
-92.926 40.943
-93.051 40.979
-93.041 40.941
-93.083 43.299
-93.201 43.299
-93.379 43.281
-91.315 42.340
-91.198 42.339
-91.151 42.480
-94.975 41.367
-94.871 41.374
-93.375 41.375
-93.736 41.451
-91.189 42.427
-91.339 42.471
-91.305 42.426
-91.455 42.486
-91.422 42.426
-91.539 42.426
-94.758 41.374
-94.758 41.461
-93.453 41.426
-93.550 41.382
-93.732 41.381
-93.786 41.359
-91.549 42.513
-91.427 42.517
-91.312 42.515
-91.196 42.516
-91.201 42.639
-91.193 42.602
-91.311 42.602
-93.732 41.293
-93.616 41.293
-91.402 42.640
-91.430 42.600
-91.549 42.600
-91.485 42.352
-93.501 41.292
-93.385 41.291
-93.439 41.289
-93.385 41.204
-93.500 41.205
-93.616 41.205
-93.731 41.206
-93.566 41.362
-95.099 41.202
-91.444 41.350
-94.984 41.202
-94.871 41.201
-91.398 41.377
-94.758 41.201
-94.770 41.251
-94.758 41.288
-94.871 41.461
-94.984 41.461
-95.098 41.462
-91.394 41.256
-91.297 41.295
-91.202 41.282
-91.236 41.330
-91.128 41.254
-91.540 42.340
-94.871 41.288
-94.984 41.288
-93.761 41.488
-93.762 41.502
-91.096 41.149
-91.204 41.157
-91.281 41.103
-91.318 41.168
-91.422 42.340
-95.098 41.288
-95.016 41.397
-95.099 41.375
-93.616 41.459
-93.692 41.491
-93.514 41.484
-93.392 41.465
-91.023 41.106
-91.426 41.191
-91.501 41.657
-91.535 41.656
-91.517 41.652
-91.529 41.661
-91.528 41.667
-91.501 41.675
-91.772 41.825
-91.657 41.828
-91.652 41.847
-91.539 41.819
-91.424 41.816
-91.415 41.729
-91.512 41.661
-91.497 41.806
-91.775 41.738
-91.679 41.697
-91.573 41.748
-91.669 41.767
-91.658 41.707
-91.505 41.736
-91.614 41.744
-91.778 41.645
-91.660 41.633
-91.598 41.698
-91.422 41.642
-91.368 41.679
-91.485 41.555
-91.436 41.469
-91.507 41.613
-91.533 41.693
-91.564 41.617
-92.240 41.819
-92.125 41.820
-91.559 41.655
-91.771 41.556
-91.406 41.555
-91.565 41.553
-92.005 41.819
-92.068 41.797
-91.533 41.586
-91.550 41.652
-91.566 41.656
-91.891 41.731
-91.551 41.660
-91.548 41.677
-91.536 41.663
-91.490 41.645
-92.007 41.731
-91.590 41.665
-91.591 41.648
-92.124 41.732
-91.890 41.818
-92.241 41.732
-91.569 41.646
-91.656 41.555
-92.294 41.731
-92.241 41.645
-92.125 41.644
-92.008 41.642
-91.531 41.646
-91.494 41.626
-92.010 41.668
-91.891 41.644
-91.548 41.636
-91.522 41.635
-91.506 41.643
-91.887 41.556
-92.006 41.556
-92.124 41.556
-92.078 41.516
-91.478 41.653
-91.481 41.662
-92.240 41.556
-92.186 41.756
-91.514 41.684
-91.527 41.655
-90.583 41.693
-90.385 41.698
-90.398 41.629
-90.495 41.580
-90.556 41.532
-90.579 41.537
-92.452 42.432
-92.490 42.421
-90.372 41.593
-90.492 41.726
-90.464 41.537
-90.570 41.541
-90.532 41.547
-90.528 41.567
-92.475 42.341
-92.358 42.341
-92.359 42.407
-92.257 42.387
-92.118 42.349
-92.211 42.317
-90.501 41.646
-90.579 41.637
-90.557 41.562
-90.584 41.597
-90.724 41.642
-90.841 41.641
-90.897 41.602
-90.536 41.591
-90.602 41.579
-92.368 42.468
-92.362 42.476
-92.350 42.472
-92.348 42.482
-92.068 42.466
-92.123 42.426
-92.206 42.405
-90.728 41.552
-90.774 41.599
-90.606 41.561
-90.577 41.568
-90.584 41.552
-92.336 42.480
-92.335 42.488
-92.286 42.489
-92.287 42.513
-92.239 42.511
-92.141 42.512
-90.733 41.488
-90.764 41.509
-90.563 41.549
-90.592 41.563
-90.538 41.534
-92.310 42.488
-92.326 42.496
-92.334 42.505
-92.323 42.520
-92.161 42.568
-92.140 42.600
-92.259 42.599
-90.718 41.465
-90.517 41.528
-92.354 42.499
-92.374 42.500
-92.375 42.604
-92.463 42.640
-92.466 42.604
-90.505 41.539
-90.515 41.548
-90.515 41.561
-92.351 42.513
-92.345 42.522
-92.350 42.545
-92.524 42.599
-92.230 42.469
-90.420 41.580
-90.623 41.653
-90.504 41.556
-92.394 42.538
-92.361 42.443
-92.314 42.435
-92.317 42.459
-90.483 41.544
-90.489 41.528
-90.491 41.567
-92.333 42.473
-92.342 42.462
-92.352 42.463
-92.408 42.451
-90.491 41.556
-90.621 41.563
-90.654 41.554
-92.384 42.473
-92.388 42.483
-92.359 42.488
-92.397 42.497
-90.617 41.589
-90.648 41.591
-90.603 41.521
-90.591 41.523
-92.396 42.509
-92.276 42.463
-92.250 42.466
-92.427 42.488
-90.574 41.524
-90.563 41.529
-90.457 41.580
-92.433 42.507
-92.414 42.511
-92.483 42.506
-92.455 42.522
-92.444 42.521
-90.652 41.501
-90.618 41.551
-92.471 42.521
-92.488 42.529
-92.482 42.547
-90.615 41.539
-90.599 41.547
-90.616 41.502
-92.464 42.483
-92.453 42.507
-92.430 42.517
-92.447 42.530
-90.357 41.674
-90.634 41.529
-90.615 41.525
-90.597 41.538
-90.550 41.543
-92.456 42.538
-92.443 42.556
-92.524 42.510
-90.841 41.728
-90.726 41.718
-90.782 41.742
-90.675 41.691
-90.607 41.724
-95.614 41.117
-95.848 41.209
-95.899 41.207
-95.877 41.240
-95.904 41.255
-95.886 41.257
-95.867 41.258
-95.858 41.249
-95.851 41.260
-95.829 41.241
-95.840 41.256
-95.803 41.250
-95.804 41.274
-92.927 41.205
-93.038 41.210
-93.156 41.205
-93.271 41.204
-93.271 41.292
-93.273 41.406
-93.166 41.407
-93.099 41.321
-95.823 41.282
-95.852 41.277
-92.923 41.318
-92.936 41.294
-92.917 41.405
-92.926 41.422
-93.040 41.454
-93.185 41.477
-95.841 41.278
-95.869 41.265
-95.868 41.274
-95.886 41.268
-95.897 41.266
-95.905 41.282
-95.769 41.238
-95.781 41.193
-95.606 41.232
-95.670 41.203
-95.555 41.203
-95.442 41.189
-95.441 41.247
-95.327 41.203
-95.213 41.202
-95.212 41.289
-95.397 41.308
-95.327 41.289
-95.444 41.303
-95.556 41.289
-95.683 41.328
-95.670 41.289
-95.768 41.294
-95.862 41.315
-95.890 41.374
-95.784 41.376
-95.670 41.376
-95.555 41.376
-95.441 41.375
-95.327 41.375
-95.213 41.375
-95.220 41.488
-95.212 41.460
-95.336 41.484
-95.326 41.461
-95.449 41.500
-95.441 41.462
-95.617 41.452
-95.555 41.463
-95.670 41.463
-95.784 41.463
-92.942 41.645
-93.050 41.632
-93.239 41.676
-93.174 41.645
-93.296 41.647
-93.280 41.734
-93.168 41.733
-93.079 41.701
-93.063 41.741
-92.940 41.731
-92.825 41.819
-92.824 41.733
-92.942 41.819
-93.058 41.820
-93.174 41.820
-93.290 41.820
-93.239 41.595
-93.254 41.554
-93.104 41.519
-93.095 41.554
-92.937 41.557
-92.814 41.555
-92.825 41.645
-93.039 41.696
-92.610 42.961
-94.384 42.516
-94.268 42.516
-92.732 42.951
-92.848 42.958
-94.123 42.513
-94.031 42.516
-92.965 42.958
-92.965 43.060
-92.848 43.060
-92.675 43.064
-92.683 43.045
-94.031 42.601
-94.151 42.601
-94.268 42.602
-94.384 42.602
-94.175 42.261
-92.612 43.127
-92.656 43.189
-92.754 43.142
-92.861 43.161
-93.009 43.144
-92.965 43.165
-92.557 42.949
-92.804 42.908
-94.170 42.514
-94.155 42.529
-94.146 42.513
-94.151 42.498
-94.173 42.493
-94.176 42.503
-94.186 42.498
-94.204 42.492
-94.210 42.516
-94.195 42.514
-94.179 42.515
-94.184 42.542
-93.937 42.269
-93.960 42.249
-94.076 42.253
-94.290 42.278
-94.224 42.253
-94.341 42.252
-94.339 42.340
-94.223 42.340
-94.112 42.336
-94.053 42.357
-94.072 42.368
-93.995 42.315
-93.983 42.357
-93.997 42.469
-94.004 42.426
-94.111 42.455
-94.125 42.414
-94.223 42.428
-94.339 42.428
-95.614 42.081
-95.498 42.081
-94.072 40.854
-94.186 40.855
-95.382 42.081
-95.317 42.097
-94.264 40.896
-94.300 40.856
-94.415 40.856
-94.471 40.804
-95.265 42.080
-95.200 42.060
-95.101 42.076
-95.151 42.081
-95.149 42.167
-95.327 42.194
-95.435 42.161
-95.380 42.168
-95.498 42.168
-95.575 42.128
-95.613 42.168
-95.596 41.864
-94.985 40.944
-95.103 40.981
-95.099 40.943
-95.266 40.919
-95.213 40.945
-95.328 40.944
-95.327 41.030
-95.213 41.030
-95.099 41.030
-94.985 41.030
-95.265 42.168
-94.985 41.115
-95.099 41.116
-95.163 41.149
-95.615 41.907
-95.462 41.948
-95.499 41.906
-94.415 40.605
-94.301 40.605
-95.214 41.116
-95.327 41.116
-95.383 41.907
-95.267 41.908
-94.187 40.606
-94.073 40.606
-95.151 41.907
-95.150 41.994
-94.072 40.682
-94.184 40.680
-94.238 40.714
-95.353 42.016
-94.294 40.676
-94.361 40.704
-94.359 40.713
-95.266 41.994
-95.389 41.989
-94.421 40.677
-94.417 40.771
-94.342 40.810
-95.498 41.994
-95.614 41.994
-94.298 40.769
-94.186 40.768
-94.051 40.808
-94.072 40.767
-94.872 40.944
-95.265 42.254
-93.435 42.772
-93.366 42.763
-94.824 41.050
-94.872 41.029
-94.740 40.993
-95.093 42.267
-95.150 42.254
-93.316 42.777
-93.205 42.742
-95.038 42.304
-95.032 42.253
-93.203 42.778
-93.085 42.775
-94.758 41.030
-94.643 41.029
-94.528 41.029
-94.917 42.253
-94.916 42.341
-95.031 42.343
-95.148 42.342
-93.084 42.863
-93.209 42.893
-93.201 42.858
-94.528 41.115
-94.643 41.115
-93.321 42.863
-93.439 42.864
-96.213 42.071
-96.084 41.907
-94.758 41.115
-94.871 41.115
-94.552 40.901
-95.264 42.342
-95.264 42.430
-95.148 42.430
-95.963 41.907
-95.847 41.907
-95.731 41.907
-95.730 41.994
-95.847 41.994
-94.998 42.422
-95.037 42.431
-94.861 42.423
-94.915 42.430
-95.963 41.994
-94.974 42.517
-95.092 42.518
-95.210 42.518
-96.091 42.027
-96.094 41.994
-96.151 42.127
-96.087 42.082
-95.910 42.073
-95.329 42.518
-95.954 42.078
-95.841 42.086
-95.730 42.081
-95.790 42.168
-95.728 42.168
-95.848 42.168
-95.962 42.168
-96.094 42.172
-96.212 42.166
-96.300 42.178
-93.440 42.601
-93.321 42.601
-94.528 40.943
-93.203 42.600
-93.047 42.561
-94.643 40.943
-93.087 42.601
-93.085 42.687
-93.202 42.687
-94.758 40.943
-93.370 42.733
-93.320 42.687
-93.496 42.659
-93.440 42.688
-93.479 42.804
-91.668 42.513
-91.729 42.620
-91.667 42.600
-91.812 42.641
-91.787 42.599
-91.905 42.599
-92.050 42.638
-92.023 42.598
-92.006 42.341
-91.889 42.342
-91.773 42.341
-91.656 42.340
-91.656 42.427
-91.738 42.470
-91.773 42.426
-91.908 42.462
-91.885 42.421
-92.007 42.426
-92.065 42.475
-92.021 42.513
-91.906 42.514
-91.787 42.513
-94.299 41.287
-94.459 41.306
-94.449 41.290
-94.406 41.286
-92.806 40.800
-92.696 40.802
-92.696 40.867
-94.528 41.287
-94.669 41.247
-94.643 41.288
-92.819 40.892
-95.442 40.944
-92.811 40.862
-94.643 41.374
-95.554 40.948
-95.672 40.903
-95.671 40.944
-94.528 41.374
-95.781 40.945
-92.922 40.870
-93.040 40.855
-94.414 41.374
-95.827 41.032
-95.741 41.045
-95.751 41.033
-94.299 41.374
-94.322 41.495
-94.298 41.459
-94.414 41.460
-94.521 41.502
-95.666 41.027
-95.585 41.030
-95.467 41.032
-94.528 41.460
-95.470 41.117
-95.746 41.116
-94.643 41.459
-94.643 41.497
-95.847 41.120
-93.040 40.626
-92.925 40.635
-92.810 40.635
-92.677 40.685
-92.696 40.636
-92.696 40.726
-92.791 40.725
-92.866 40.731
-92.945 40.779
-92.980 40.685
-94.643 41.201
-94.528 41.201
-94.414 41.201
-94.299 41.201
-92.944 40.725
-93.040 40.696
-93.040 40.768
-92.927 40.809
-95.316 40.617
-95.235 40.656
-90.479 42.247
-90.542 42.362
-95.202 40.616
-95.031 40.581
-90.491 42.334
-95.088 40.615
-94.972 40.614
-95.034 40.738
-90.316 42.049
-94.969 40.688
-95.035 40.657
-90.840 42.077
-90.666 42.060
-90.727 42.078
-90.604 42.078
-90.432 42.072
-95.086 40.690
-95.200 40.692
-90.607 42.339
-90.491 42.077
-90.375 42.078
-90.262 42.101
-90.191 42.079
-90.367 42.162
-90.491 42.164
-95.315 40.692
-95.369 40.759
-95.324 40.773
-90.608 42.164
-90.723 42.164
-95.154 40.735
-95.214 40.771
-95.070 40.772
-94.955 40.774
-90.840 42.164
-90.840 42.251
-90.688 42.294
-90.724 42.251
-94.986 40.857
-95.099 40.857
-90.623 42.296
-95.213 40.858
-95.328 40.858
-90.607 42.251
-90.432 42.268
-92.376 41.010
-92.440 41.013
-92.449 41.001
-92.439 40.987
-92.394 40.993
-92.417 41.006
-92.405 41.019
-92.427 41.030
-92.404 41.060
-92.406 41.038
-92.237 40.944
-92.318 40.995
-92.359 40.937
-92.467 40.935
-92.635 40.962
-92.582 40.943
-92.585 41.026
-92.542 41.073
-92.475 41.023
-92.342 41.054
-92.233 41.034
-92.238 41.119
-92.353 41.119
-92.468 41.119
-92.627 41.157
-92.586 41.122
-93.934 40.620
-96.272 43.390
-95.920 43.302
-93.962 40.605
-93.813 40.640
-93.844 40.607
-96.166 43.426
-96.154 43.387
-96.038 43.390
-96.003 43.342
-93.730 40.682
-93.844 40.682
-95.919 43.389
-93.730 40.608
-93.614 40.609
-93.615 40.682
-95.919 43.466
-96.037 43.466
-96.040 43.300
-93.958 40.681
-93.958 40.767
-96.155 43.468
-96.331 43.440
-96.270 43.467
-96.437 43.454
-96.156 43.302
-96.303 43.342
-96.388 43.468
-96.520 43.466
-93.843 40.768
-96.273 43.301
-93.755 40.741
-96.435 43.309
-93.727 40.771
-93.614 40.769
-93.614 40.856
-93.736 40.897
-93.729 40.856
-93.792 40.871
-93.844 40.855
-93.958 40.854
-96.389 43.302
-96.503 43.298
-96.496 43.394
-96.388 43.389
-90.965 42.672
-91.075 42.689
-91.158 42.731
-91.192 42.689
-95.565 43.387
-91.310 42.689
-91.402 42.648
-91.429 42.688
-95.801 43.466
-95.681 43.389
-91.547 42.688
-95.744 43.401
-95.682 43.466
-95.537 43.418
-91.548 42.775
-91.428 42.775
-95.564 43.466
-95.446 43.465
-91.296 42.773
-91.145 42.782
-91.233 42.858
-95.446 43.387
-95.802 43.302
-91.331 42.857
-91.429 42.863
-95.683 43.302
-95.565 43.301
-91.548 42.862
-91.548 42.949
-91.367 42.959
-95.447 43.299
-91.429 42.950
-91.310 42.950
-91.177 42.910
-95.802 43.389
-91.208 43.019
-91.310 43.037
-91.430 43.037
-91.566 43.078
-91.547 43.036
-96.483 43.002
-96.485 42.948
-96.391 42.953
-96.322 42.975
-96.271 42.953
-96.155 42.953
-96.055 43.002
-96.009 42.987
-96.038 42.950
-95.919 42.953
-95.903 43.074
-95.919 43.040
-96.036 43.044
-96.171 43.075
-96.153 43.037
-96.273 43.041
-96.391 43.040
-96.475 43.036
-96.394 43.128
-91.433 40.506
-91.354 40.619
-91.437 40.597
-91.562 40.644
-91.545 40.596
-91.654 40.597
-91.661 40.683
-96.274 43.128
-96.155 43.130
-91.545 40.684
-91.430 40.682
-91.316 40.683
-91.201 40.684
-91.324 40.752
-91.431 40.768
-91.611 40.784
-91.545 40.770
-96.038 43.128
-95.920 43.128
-91.445 40.424
-91.548 40.509
-95.870 43.180
-95.922 43.215
-96.039 43.215
-96.157 43.214
-96.275 43.214
-96.393 43.214
-96.497 43.232
-96.514 42.916
-95.149 42.892
-95.166 42.826
-95.211 42.866
-95.329 42.866
-94.974 42.866
-95.092 42.865
-95.973 42.815
-96.037 42.779
-95.917 42.778
-95.918 42.866
-96.036 42.866
-96.155 42.866
-96.273 42.866
-96.391 42.866
-96.504 42.854
-92.967 42.600
-92.779 42.574
-92.850 42.599
-92.730 42.600
-92.614 42.599
-92.614 42.686
-92.732 42.686
-92.849 42.687
-92.967 42.687
-92.908 42.774
-92.967 42.775
-92.796 42.752
-92.851 42.776
-92.668 42.780
-92.731 42.775
-92.612 42.774
-92.614 42.863
-92.732 42.863
-92.804 42.897
-92.850 42.862
-92.966 42.863
-96.481 42.611
-96.391 42.605
-96.273 42.605
-96.155 42.605
-95.968 42.586
-96.037 42.605
-95.917 42.606
-95.919 42.692
-96.037 42.692
-96.155 42.692
-96.272 42.692
-96.390 42.692
-96.526 42.698
-96.534 42.770
-96.390 42.779
-96.174 42.781
-96.273 42.779
-96.149 42.778
-96.058 42.820
-94.148 43.126
-94.266 43.127
-94.384 43.126
-94.325 43.221
-91.072 41.478
-90.967 41.559
-90.843 41.553
-94.384 43.212
-94.265 43.212
-91.072 41.429
-91.048 41.431
-91.057 41.425
-91.299 41.554
-90.789 41.592
-94.148 43.212
-94.030 43.212
-91.085 41.551
-94.030 43.299
-94.148 43.299
-94.217 43.293
-91.201 41.381
-90.955 41.474
-91.026 41.590
-95.092 42.778
-94.974 42.778
-94.266 43.299
-94.384 43.298
-90.842 41.482
-91.288 41.473
-91.183 41.553
-91.284 41.372
-95.329 42.604
-95.193 42.644
-95.174 42.619
-95.213 42.600
-95.092 42.604
-94.384 43.386
-94.266 43.386
-94.094 43.378
-91.098 41.386
-91.030 41.431
-94.148 43.386
-94.030 43.386
-91.028 41.451
-90.787 41.515
-91.117 41.402
-91.106 41.357
-94.030 43.465
-94.148 43.465
-94.265 43.465
-94.384 43.465
-94.079 42.915
-94.974 42.604
-94.974 42.691
-95.092 42.691
-95.211 42.692
-95.329 42.691
-94.029 42.952
-94.149 42.952
-95.329 42.778
-95.210 42.778
-94.266 42.952
-94.440 42.959
-94.383 42.952
-94.384 43.039
-94.227 43.074
-91.337 41.386
-91.174 41.455
-94.270 43.036
-94.148 43.039
-91.075 41.440
-91.047 41.420
-94.030 43.039
-93.994 43.089
-94.030 43.127
-91.075 41.417
-91.055 41.446
-94.185 41.200
-94.071 41.200
-93.956 41.200
-93.844 41.203
-93.844 41.290
-93.955 41.286
-94.071 41.286
-94.184 41.287
-94.184 41.374
-94.073 41.375
-94.014 41.346
-93.952 41.374
-93.794 41.360
-93.844 41.377
-93.844 41.464
-93.955 41.460
-94.122 41.494
-94.069 41.459
-94.185 41.460
-91.837 41.878
-92.240 42.254
-92.110 42.255
-91.990 42.253
-91.888 42.243
-91.889 42.152
-92.004 42.170
-92.124 42.167
-92.241 42.167
-91.893 42.080
-91.893 41.993
-92.236 41.907
-92.275 41.895
-92.123 41.906
-92.180 41.906
-92.007 41.906
-92.241 42.080
-92.125 42.080
-92.009 42.080
-92.008 41.993
-92.124 41.993
-92.240 41.993
-91.891 41.906
