-116.974 46.759
-116.751 46.746
-116.989 46.726
-116.744 46.590
-116.532 46.796
-117.009 46.716
-116.895 46.912
-117.020 46.771
-116.630 46.668
-116.910 46.595
-116.986 46.730
-116.667 46.956
-116.970 46.840
-116.930 47.017
-116.879 46.699
-116.970 46.795
-116.996 46.724
-116.908 46.775
-117.025 46.704
-116.827 46.914
-116.979 46.675
-116.989 46.738
-117.005 47.076
-116.984 46.922
-116.970 44.263
-117.037 44.399
-116.737 44.203
-116.703 44.447
-116.954 44.250
-116.872 44.269
-116.983 44.257
-116.705 44.680
-116.961 44.244
-116.976 44.251
-117.075 44.265
-117.030 46.728
-116.416 46.915
-116.429 46.670
-116.979 46.736
-116.957 46.731
-117.006 46.733
-117.005 46.724
-116.998 46.735
-111.593 43.905
-111.690 43.974
-111.621 43.930
-111.631 44.021
-111.264 43.999
-111.188 44.138
-111.718 44.072
-111.687 43.952
-117.012 46.405
-117.002 46.392
-116.930 46.374
-117.018 46.393
-116.516 46.406
-116.698 46.341
-116.931 46.411
-117.011 46.413
-116.979 46.385
-116.978 46.377
-116.952 46.368
-117.028 46.407
-116.958 46.448
-117.029 46.418
-116.997 46.414
-117.018 46.407
-116.993 46.380
-117.015 46.384
-116.930 46.505
-116.438 46.478
-116.966 46.376
-117.043 46.376
-116.848 46.126
-116.535 46.518
-116.974 46.367
-116.791 46.284
-117.011 46.371
-117.032 46.410
-116.583 46.580
-116.952 46.379
-116.754 46.484
-117.030 46.398
-116.995 46.405
-116.990 46.394
-111.475 44.040
-111.515 44.161
-111.573 43.978
-111.652 43.894
-111.933 44.037
-111.408 44.402
-116.766 46.421
-117.018 46.420
-116.931 46.366
-113.630 42.636
-113.688 42.609
-113.730 42.558
-113.789 42.634
-113.692 42.624
-113.767 42.561
-113.870 42.650
-113.663 42.573
-113.667 42.629
-113.732 42.708
-113.570 42.952
-114.529 42.649
-114.395 42.671
-114.079 42.667
-114.511 42.724
-114.461 42.798
-114.575 42.737
-114.554 42.701
-114.260 42.648
-114.479 42.717
-114.473 42.738
-111.385 42.082
-111.192 42.138
-111.464 42.169
-111.328 42.328
-111.250 42.413
-111.578 42.576
-111.458 42.036
-111.278 42.338
-111.457 42.501
-111.491 42.224
-111.246 42.273
-111.392 42.372
-111.495 42.319
-111.111 42.345
-116.154 43.957
-115.910 43.929
-115.370 44.096
-115.862 44.121
-115.908 43.702
-115.732 43.844
-115.924 47.441
-116.048 47.479
-116.187 47.531
-116.141 47.521
-115.991 47.501
-116.205 47.648
-116.039 47.792
-116.198 47.021
-116.093 47.237
-115.946 47.496
-116.234 47.455
-115.832 47.510
-116.109 47.509
-116.242 47.548
-116.145 47.539
-116.068 47.564
-115.574 47.126
-115.762 47.470
-113.573 42.266
-113.881 42.512
-113.578 42.528
-113.560 42.402
-113.312 42.292
-113.724 42.387
-113.225 42.497
-113.782 42.549
-113.775 42.537
-113.111 42.307
-113.798 42.545
-113.802 42.529
-113.909 42.431
-113.221 42.100
-113.824 42.165
-113.591 42.085
-113.798 42.522
-113.462 42.630
-113.800 42.536
-114.082 42.184
-113.759 42.481
-113.695 42.491
-113.788 42.521
-113.761 42.524
-114.125 42.405
-116.639 47.317
-116.878 47.140
-116.585 47.255
-116.384 47.326
-116.418 47.178
-116.707 47.231
-116.622 47.366
-116.423 47.077
-116.895 47.312
-116.502 47.311
-116.628 47.109
-116.279 44.978
-116.442 44.708
-116.493 44.883
-116.672 45.063
-116.424 45.145
-116.331 44.562
-114.867 42.810
-114.738 43.031
-114.708 42.938
-114.720 42.755
-114.980 43.042
-114.704 42.775
-114.717 42.938
-116.497 43.874
-116.481 43.871
-116.418 43.834
-116.421 43.892
-116.267 44.294
-116.503 43.868
-116.519 43.968
-116.550 43.865
-116.489 43.881
-116.651 43.857
-116.444 44.011
-116.331 43.978
-116.607 43.943
-116.065 46.312
-116.453 46.008
-116.111 46.130
-115.809 46.240
-116.141 45.860
-116.249 45.992
-116.402 46.140
-116.263 45.899
-116.347 45.265
-116.088 46.022
-116.351 46.023
-115.033 46.267
-115.969 46.060
-116.142 45.603
-116.039 45.894
-115.943 45.378
-115.096 45.622
-116.156 45.953
-116.029 46.216
-115.872 45.782
-116.323 46.071
-115.878 46.024
-115.829 46.095
-116.250 46.114
-116.298 45.754
-116.580 45.879
-114.438 42.466
-114.488 42.574
-114.788 42.639
-114.466 42.554
-114.589 42.526
-114.440 42.582
-114.452 42.557
-114.440 42.555
-114.452 42.587
-114.383 42.566
-114.414 42.532
-114.477 42.530
-114.445 42.566
-114.721 42.566
-114.487 42.550
-114.521 42.525
-114.433 42.571
-114.601 42.581
-114.465 42.578
-114.513 42.597
-114.907 42.387
-114.803 42.613
-114.470 42.586
-114.493 42.589
-114.718 42.467
-114.433 42.545
-114.632 42.183
-114.365 42.508
-114.346 42.558
-114.652 42.547
-114.784 42.536
-114.598 42.621
-114.475 42.567
-114.941 42.720
-114.765 42.604
-114.705 42.628
-114.458 42.556
-114.319 42.383
-114.465 42.567
-114.767 42.602
-114.151 42.472
-114.488 42.567
-114.474 42.558
-114.419 42.582
-114.455 42.567
-111.216 43.663
-111.244 43.745
-111.123 43.573
-111.208 43.864
-111.808 43.819
-111.787 43.824
-111.784 43.815
-111.918 43.882
-111.783 43.788
-111.844 43.852
-111.793 43.881
-111.794 43.822
-111.534 43.819
-111.788 43.820
-111.725 43.791
-111.902 43.789
-111.730 43.878
-111.795 43.814
-111.814 43.755
-111.600 43.689
-111.754 43.844
-111.795 43.840
-111.782 43.821
-116.861 43.882
-116.952 44.066
-116.921 44.108
-116.757 43.899
-116.803 44.106
-116.945 43.954
-116.907 44.010
-116.852 43.999
-116.636 44.059
-116.895 44.042
-116.344 43.696
-116.229 43.627
-116.039 43.483
-116.199 43.303
-116.280 43.598
-116.234 43.614
-116.374 43.607
-116.288 43.587
-116.338 43.559
-116.228 43.720
-116.218 43.641
-116.215 43.595
-116.330 43.672
-116.403 43.601
-116.259 43.607
-116.334 43.579
-116.070 43.583
-116.344 43.656
-116.460 43.662
-116.294 43.535
-116.257 43.661
-116.313 43.687
-116.413 43.641
-116.370 43.553
-116.256 43.621
-116.187 43.574
-116.306 43.585
-116.404 43.761
-116.261 43.589
-116.308 43.645
-116.284 43.623
-116.262 43.671
-116.290 43.658
-116.299 43.649
-116.345 43.770
-116.327 43.608
-116.265 43.630
-116.242 43.655
-116.206 43.616
-116.484 43.755
-116.205 43.583
-116.218 43.607
-116.218 43.582
-116.309 43.654
-116.280 43.636
-116.384 43.587
-116.186 43.591
-116.324 43.568
-116.228 43.606
-116.326 43.627
-116.130 43.642
-116.438 43.533
-116.464 43.622
-116.165 43.602
-116.192 43.584
-116.257 43.639
-116.228 43.639
-116.324 43.638
-116.424 43.715
-116.289 43.639
-116.303 43.605
-116.404 43.616
-116.417 43.590
-116.364 43.656
-116.304 43.638
-116.270 43.594
-116.404 43.627
-116.274 43.674
-116.374 43.677
-116.309 43.627
-116.439 43.496
-116.177 43.600
-116.174 43.671
-116.243 43.642
-116.340 43.587
-116.292 43.759
-116.325 43.533
-116.159 43.554
-116.239 43.599
-116.179 43.576
-116.248 43.586
-116.430 43.629
-116.203 43.631
-116.137 43.557
-116.408 43.496
-116.196 43.643
-116.168 43.580
-116.180 43.594
-116.286 43.679
-116.366 43.628
-116.324 43.645
-116.347 43.616
-116.164 43.611
-116.331 43.594
-116.423 43.612
-116.229 43.595
-116.203 43.602
-116.220 43.626
-116.270 43.618
-116.239 43.675
-116.197 43.628
-116.414 43.510
-116.458 43.350
-116.211 43.633
-116.294 43.568
-116.363 43.642
-116.248 43.604
-116.283 43.555
-116.366 43.698
-116.155 43.568
-116.236 43.582
-116.170 43.570
-116.229 43.648
-116.189 43.612
-116.297 43.671
-116.189 43.503
-116.199 43.594
-116.313 43.699
-116.444 43.615
-116.269 43.658
-116.226 43.579
-116.269 43.638
-116.325 43.655
-116.443 43.581
-116.344 43.641
-116.414 43.656
-116.290 43.649
-116.364 43.586
-116.136 43.546
-116.384 43.627
-116.152 43.575
-116.419 43.627
-116.443 43.627
-116.289 43.612
-116.455 43.452
-116.301 43.553
-116.297 43.628
-116.219 43.564
-116.384 43.648
-116.265 43.569
-116.478 43.693
-112.455 42.863
-112.466 42.886
-112.509 42.926
-112.198 42.824
-112.365 42.908
-112.495 42.835
-111.968 42.326
-112.443 42.904
-112.447 42.881
-112.427 42.824
-112.459 42.899
-112.364 42.830
-112.471 42.928
-112.438 42.883
-112.446 42.888
-112.447 42.917
-112.494 42.903
-112.491 42.920
-112.257 42.510
-112.439 42.874
-112.468 42.858
-112.437 42.891
-112.471 42.938
-112.377 42.941
-112.450 42.871
-112.421 42.843
-112.481 42.924
-112.453 42.904
-112.421 42.905
-112.427 42.871
-112.432 42.879
-112.471 42.900
-112.486 42.909
-112.060 42.424
-112.407 42.746
-112.416 42.886
-112.459 42.940
-112.433 42.905
-112.434 42.868
-112.413 42.900
-112.425 42.859
-112.411 42.825
-112.419 42.918
-112.337 42.883
-112.411 42.816
-112.393 42.865
-112.474 42.914
-112.510 42.950
-112.014 42.612
-112.235 42.670
-112.497 42.879
-112.466 42.875
-112.455 42.885
-112.286 42.789
-112.446 42.845
-112.375 42.978
-112.441 42.862
-112.418 42.913
-113.667 43.349
-114.331 43.551
-114.219 43.604
-114.206 43.299
-114.384 43.684
-114.333 43.685
-114.238 43.519
-113.326 42.810
-114.364 43.692
-114.261 43.451
-114.376 43.789
-114.682 43.793
-114.445 43.455
-114.481 43.600
-116.356 48.654
-116.553 48.723
-116.157 48.605
-116.511 48.573
-116.158 48.755
-116.536 48.907
-116.341 48.756
-112.045 43.511
-112.029 43.486
-111.283 43.380
-111.435 43.124
-112.014 43.472
-112.067 43.478
-112.078 43.500
-111.954 43.565
-111.872 43.563
-111.966 43.449
-112.034 43.461
-111.992 43.493
-112.029 43.475
-111.949 43.504
-111.968 43.504
-111.945 43.479
-111.997 43.391
-112.026 43.493
-111.954 43.608
-112.018 43.546
-112.018 43.499
-112.074 43.490
-112.040 43.489
-112.264 43.577
-112.128 43.447
-111.964 43.525
-111.992 43.486
-112.055 43.500
-111.991 43.513
-112.020 43.598
-112.011 43.494
-112.055 43.434
-111.954 43.489
-112.340 43.483
-112.002 43.449
-111.994 43.500
-112.092 43.494
-111.993 43.475
-112.026 43.516
-112.045 43.475
-111.620 43.548
-111.744 43.396
-112.015 43.486
-111.136 43.098
-112.005 43.489
-111.934 43.518
-111.976 43.474
-112.069 43.514
-112.012 43.479
-112.040 43.500
-111.973 43.487
-112.007 43.505
-112.361 43.198
-112.315 43.183
-112.221 43.109
-112.622 43.414
-112.111 43.369
-111.835 43.192
-112.441 43.180
-112.799 43.242
-112.264 43.213
-112.447 43.230
-112.895 42.954
-112.445 43.207
-112.054 43.369
-112.248 43.245
-112.333 43.202
-112.326 43.173
-112.185 43.391
-112.371 43.223
-112.800 43.086
-112.347 43.350
-112.573 43.195
-112.433 43.158
-112.151 43.365
-112.276 43.186
-112.218 43.305
-116.196 48.396
-116.205 48.271
-116.637 48.104
-116.801 48.071
-114.674 43.459
-114.942 43.467
-116.536 48.136
-116.632 48.286
-116.412 48.311
-116.814 48.596
-116.497 48.175
-116.956 48.333
-116.977 48.037
-116.499 48.361
-116.826 48.327
-116.683 48.348
-116.917 48.182
-116.510 48.315
-116.132 48.146
-116.648 48.191
-116.560 48.286
-116.381 48.420
-116.731 48.265
-116.414 48.219
-116.578 48.262
-116.583 48.229
-116.780 48.196
-116.629 48.259
-116.962 48.148
-116.952 48.633
-116.865 48.197
-116.607 48.029
-116.427 48.453
-116.918 48.230
-116.545 48.264
-116.329 48.038
-116.596 43.602
-116.677 43.623
-116.585 43.575
-116.626 43.666
-116.688 43.653
-116.568 43.578
-116.939 43.672
-116.550 43.560
-116.543 43.609
-116.546 43.545
-116.622 43.722
-116.585 43.585
-116.552 43.745
-116.704 43.639
-116.666 43.764
-116.691 43.619
-116.984 43.739
-116.492 43.569
-116.827 43.680
-116.567 43.546
-116.726 43.514
-116.515 43.522
-116.587 43.484
-116.658 43.602
-116.528 43.554
-116.961 43.826
-116.664 43.570
-116.703 43.665
-116.582 43.543
-116.697 43.685
-116.581 43.527
-116.616 43.549
-116.671 43.667
-116.609 43.569
-116.545 43.644
-116.566 43.562
-116.899 43.770
-116.787 43.608
-116.750 43.662
-116.655 43.638
-116.602 43.594
-116.583 43.562
-116.683 43.659
-116.678 43.650
-116.556 43.572
-116.528 43.575
-116.677 43.687
-116.577 43.388
-116.884 43.655
-116.548 43.591
-116.608 43.584
-116.679 43.640
-116.775 43.749
-114.462 42.899
-113.851 42.876
-114.193 42.882
-114.368 43.013
-114.455 43.096
-114.003 43.071
-116.230 46.558
-115.250 46.633
-116.159 46.393
-116.093 46.399
-116.339 46.488
-116.119 46.801
-116.388 46.512
-115.903 46.355
-115.594 46.772
-115.985 46.557
-116.339 46.605
-116.106 46.457
-116.280 46.450
-116.138 46.533
-111.818 42.542
-111.372 42.960
-111.692 42.500
-111.623 42.839
-111.438 42.768
-111.157 42.778
-111.742 42.868
-111.654 42.633
-111.937 42.812
-112.179 42.245
-112.245 42.146
-112.402 42.331
-112.323 42.084
-112.797 42.102
-112.699 42.241
-115.576 43.588
-115.314 43.359
-115.582 43.075
-115.242 43.580
-115.852 43.182
-115.687 43.177
-115.505 42.971
-113.225 43.473
-113.641 43.826
-113.392 43.796
-113.041 43.880
-113.556 43.590
-115.693 43.151
-115.358 42.996
-115.707 43.155
-115.695 43.139
-115.842 43.432
-115.640 43.307
-115.248 43.846
-115.178 43.067
-115.710 43.029
-116.077 43.051
-115.838 43.038
-111.864 42.100
-111.831 42.269
-111.899 42.119
-111.806 42.113
-111.707 42.359
-111.924 42.198
-111.851 42.128
-112.025 42.040
-111.866 42.080
-111.676 42.255
-111.890 42.032
-111.833 42.067
-112.015 42.119
-111.895 42.082
-111.781 42.028
-112.031 42.232
-111.653 42.086
-112.613 42.811
-112.562 42.561
-112.907 42.667
-112.782 42.815
-113.090 42.867
-112.839 42.484
-116.493 46.192
-116.238 46.271
-116.636 46.176
-116.552 46.298
-116.030 46.227
-116.689 46.308
-116.125 46.282
-116.342 46.352
-111.992 44.348
-112.579 44.243
-112.234 44.178
-116.974 43.534
-116.488 42.912
-116.990 43.646
-115.372 42.255
-116.351 42.691
-116.628 43.155
-116.318 42.189
-116.866 43.568
-116.852 43.512
-115.745 42.657
-116.862 42.739
-116.817 43.366
-114.228 44.505
-114.411 44.165
-114.321 44.621
-113.705 44.323
-114.161 44.396
-113.981 43.951
-113.612 43.912
-114.908 44.379
-116.105 44.915
-115.993 44.742
-116.026 44.539
-116.026 45.017
-115.944 44.352
-115.386 44.823
-116.077 44.730
-116.042 44.510
-112.229 43.715
-112.040 43.648
-111.836 43.655
-111.919 43.681
-112.011 43.688
-111.891 43.657
-111.839 43.698
-111.935 43.693
-111.726 43.646
-111.934 43.734
-111.897 43.727
-112.219 43.938
-112.027 43.752
-112.523 43.776
-111.906 43.690
-112.555 43.979
-111.958 43.648
-113.253 44.524
-113.989 45.115
-113.660 44.899
-114.022 44.849
-114.442 45.101
-113.789 45.224
-113.991 45.500
-113.759 44.578
-113.868 45.050
-116.817 47.706
-116.891 47.701
-116.855 47.702
-116.866 47.719
-116.908 47.705
-116.953 47.733
-116.989 47.665
-116.925 47.704
-116.755 47.709
-116.715 47.704
-116.773 47.732
-116.738 47.740
-116.777 47.767
-116.739 47.777
-116.777 47.691
-116.835 47.720
-116.919 47.717
-116.892 47.735
-116.823 47.734
-116.947 47.719
-116.949 47.726
-116.794 47.678
-116.772 47.757
-116.769 47.789
-116.765 47.675
-116.882 47.809
-116.840 47.813
-116.972 47.717
-116.904 47.778
-116.846 47.765
-117.014 47.720
-116.963 47.771
-116.669 47.778
-116.934 47.727
-116.827 47.713
-116.813 47.720
-116.776 47.746
-116.590 47.673
-116.411 47.581
-116.781 47.804
-116.497 47.851
-116.730 47.866
-117.011 47.812
-116.950 47.955
-116.917 47.828
-116.807 47.748
-116.773 47.697
-116.765 47.703
-116.756 47.684
-116.639 47.419
-116.886 47.684
-116.915 47.892
-116.792 47.942
-116.919 47.439
-116.723 47.492
-116.735 47.576
-116.560 47.505
-116.775 47.670
-116.907 47.580
-116.771 47.683
-116.938 47.709
-116.759 47.672
-116.688 47.946
-116.783 47.704
-116.781 47.666
-116.798 47.694
-116.900 47.648
-116.781 47.716
-116.762 47.715
-116.800 47.711
-116.798 47.733
