-87.300 39.056
-87.290 39.105
-87.381 39.253
-86.842 40.436
-86.853 40.436
-86.890 40.406
-86.897 40.412
-86.814 40.531
-86.906 40.543
-86.852 40.506
-86.908 40.446
-86.908 40.436
-86.891 40.370
-86.892 40.352
-87.483 39.720
-87.460 39.624
-86.421 39.735
-86.503 39.751
-86.390 39.756
-86.392 39.785
-86.395 39.710
-86.122 40.070
-86.109 40.060
-86.091 40.129
-86.150 40.135
-86.175 39.941
-86.157 39.932
-86.156 39.949
-86.150 39.945
-86.154 39.938
-86.194 39.949
-85.937 40.008
-85.947 40.027
-85.931 40.063
-86.738 38.818
-86.899 38.898
-86.739 38.621
-87.891 37.931
-87.845 37.929
-87.856 37.987
-85.881 39.219
-85.905 39.213
-85.893 39.218
-85.860 39.120
-85.819 39.114
-85.919 39.136
-85.896 39.082
-85.946 39.138
-85.998 39.235
-85.958 39.084
-86.858 40.445
-86.863 40.438
-86.823 40.395
-86.844 40.396
-86.854 40.512
-86.901 40.505
-86.897 40.482
-86.962 40.351
-86.971 40.515
-86.917 40.439
-86.926 40.434
-86.902 40.430
-86.914 40.360
-86.896 40.364
-86.917 40.380
-86.870 40.362
-87.491 39.664
-86.388 39.708
-86.353 39.873
-86.374 39.855
-86.082 40.177
-86.071 39.975
-86.066 39.989
-86.046 39.994
-86.231 39.941
-86.213 39.948
-86.142 39.935
-86.120 39.931
-86.134 39.963
-86.137 39.954
-85.994 40.089
-85.892 40.185
-86.081 39.997
-86.086 39.963
-86.761 38.564
-86.800 38.669
-86.919 38.670
-87.704 38.155
-87.738 38.168
-84.934 40.527
-85.884 39.209
-85.905 39.205
-86.874 40.442
-86.887 40.440
-86.821 40.428
-86.865 40.407
-86.882 40.406
-86.935 40.480
-86.895 40.459
-86.908 40.421
-86.918 40.428
-86.960 40.418
-86.918 40.473
-86.883 40.361
-86.884 40.322
-86.909 40.486
-87.491 39.783
-87.460 39.868
-87.452 39.929
-85.774 39.789
-85.782 39.728
-85.651 39.904
-86.635 39.872
-86.415 39.869
-86.348 39.842
-86.379 39.843
-86.078 39.990
-86.047 39.980
-86.025 40.061
-86.136 39.974
-86.198 40.025
-86.155 40.037
-86.155 40.027
-86.174 39.989
-86.163 39.981
-86.077 39.965
-86.093 39.944
-86.079 39.943
-86.909 38.672
-86.902 38.647
-87.796 38.152
-87.792 38.196
-87.726 38.092
-85.215 40.372
-85.202 40.375
-85.076 40.438
-85.049 40.525
-85.892 39.204
-85.890 39.196
-85.882 39.195
-86.848 40.427
-86.866 40.429
-86.876 40.432
-86.908 40.397
-86.862 40.395
-86.904 40.464
-86.921 40.465
-86.956 40.455
-86.946 40.436
-86.730 40.516
-86.782 40.488
-87.043 40.353
-86.834 40.342
-87.478 40.071
-87.489 39.962
-87.441 39.671
-87.421 39.686
-87.413 39.765
-86.409 39.866
-86.414 39.655
-86.355 39.676
-86.346 39.668
-86.417 39.710
-86.411 39.850
-86.400 39.699
-86.047 40.067
-86.018 39.964
-86.145 39.995
-86.151 39.994
-86.174 39.996
-86.175 40.011
-86.101 39.993
-86.103 39.988
-86.096 39.963
-86.115 39.983
-86.096 39.982
-86.880 38.708
-86.840 38.642
-86.882 38.557
-86.744 38.700
-86.730 38.666
-86.856 38.817
-86.919 38.681
-87.772 38.039
-87.821 38.068
-87.993 37.842
-85.074 40.351
-85.169 40.436
-84.852 40.353
-84.853 40.441
-85.170 40.371
-85.818 39.239
-85.896 39.190
-85.918 39.236
-86.873 40.397
-86.890 40.394
-86.881 40.392
-86.811 40.410
-86.908 40.456
-86.919 40.453
-86.824 40.381
-86.854 40.379
-86.871 40.383
-87.404 39.672
-87.408 39.660
-87.385 39.857
-87.396 39.682
-86.741 40.589
-86.717 40.623
-86.366 39.750
-86.494 39.768
-86.434 39.764
-86.425 39.754
-86.420 39.770
-86.386 39.694
-86.392 39.682
-86.033 39.959
-86.027 39.962
-86.004 39.964
-86.004 39.934
-86.174 40.004
-86.131 39.993
-86.133 39.980
-86.116 39.994
-86.106 39.974
-86.123 39.972
-86.160 39.996
-86.157 39.988
-86.910 38.683
-86.786 38.667
-86.811 38.713
-87.794 38.109
-85.154 40.524
-84.959 40.353
-85.913 39.242
-85.900 39.249
-86.935 40.455
-86.946 40.459
-86.878 40.380
-86.889 40.380
-87.404 39.656
-87.403 39.645
-86.421 40.561
-86.422 40.475
-86.665 40.577
-86.633 40.588
-85.814 39.786
-86.410 39.786
-86.411 39.757
-86.376 39.907
-86.406 39.748
-86.336 39.797
-86.337 39.817
-86.017 39.949
-86.004 39.949
-86.003 40.013
-86.005 40.033
-86.038 39.976
-86.048 39.954
-86.057 39.948
-86.098 39.934
-86.092 39.966
-86.213 39.934
-86.194 39.934
-86.135 39.939
-86.013 39.986
-86.013 39.996
-87.859 38.187
-87.871 37.938
-87.761 37.914
-87.965 37.977
-87.973 38.043
-85.175 40.329
-84.840 40.528
-84.989 40.444
-86.902 40.382
-86.873 40.370
-86.670 40.591
-86.638 40.457
-86.525 40.598
-85.832 39.904
-85.943 39.762
-86.389 39.771
-86.376 39.774
-86.359 39.782
-86.353 39.738
-86.356 39.725
-86.331 39.745
-86.346 39.855
-86.514 39.624
-86.621 39.637
-86.526 39.692
-85.975 40.030
-86.000 39.997
-85.992 40.062
-86.096 39.976
-86.046 39.933
-86.065 39.935
-86.061 39.965
-86.120 39.960
-86.030 39.967
-86.029 39.953
-86.039 39.948
-87.888 37.944
-87.925 38.207
-87.937 38.101
-84.998 40.433
-84.971 40.449
-84.973 40.426
-84.937 40.440
-85.001 40.440
-85.418 40.175
-85.426 40.211
-85.437 40.209
-85.401 40.206
-85.412 40.199
-86.508 40.666
-86.525 40.468
-86.495 40.549
-85.784 39.811
-85.732 39.794
-85.761 39.771
-86.402 39.707
-86.413 39.691
-86.419 39.705
-86.381 39.862
-86.542 39.735
-86.496 39.661
-85.999 40.047
-86.005 40.056
-85.965 39.987
-86.026 39.949
-85.982 39.975
-86.103 40.050
-86.011 40.043
-86.013 40.008
-85.987 39.990
-86.011 40.208
-86.102 39.964
-85.972 39.938
-87.873 38.142
-87.749 37.954
-87.760 37.984
-85.854 39.230
-85.810 39.204
-85.806 39.216
-85.729 39.225
-85.920 39.203
-85.961 39.187
-85.951 39.167
-84.988 40.425
-85.490 40.208
-85.424 40.270
-85.415 40.208
-85.453 40.194
-85.435 40.197
-85.431 40.203
-85.429 40.232
-85.276 40.269
-85.413 40.189
-85.399 40.197
-85.386 40.206
-86.710 40.671
-86.579 40.664
-86.638 40.507
-85.940 39.789
-85.856 39.766
-85.859 39.802
-85.805 39.790
-86.374 39.829
-86.369 39.812
-86.381 39.791
-86.384 39.878
-86.634 39.772
-86.598 39.695
-86.525 39.690
-86.532 39.759
-86.545 39.754
-85.918 39.996
-85.981 40.070
-85.990 40.075
-86.062 40.010
-86.049 40.023
-86.037 40.119
-86.054 40.077
-86.044 40.054
-85.925 39.937
-85.985 39.952
-85.972 39.932
-85.946 39.966
-85.987 39.997
-87.714 38.032
-87.888 38.042
-87.903 37.948
-87.891 38.115
-85.888 39.246
-85.889 39.241
-85.873 39.241
-85.944 39.174
-85.867 39.177
-85.396 40.339
-85.387 40.288
-85.406 40.135
-85.397 40.177
-85.395 40.191
-85.410 40.215
-85.419 40.226
-85.374 40.186
-85.423 40.198
-85.445 40.217
-85.389 40.216
-85.363 40.202
-85.369 40.171
-86.533 40.528
-86.708 40.716
-86.421 40.649
-85.767 39.808
-85.746 39.849
-87.397 39.179
-87.407 39.216
-87.526 39.214
-87.479 39.014
-87.547 39.036
-87.361 39.004
-87.422 38.940
-87.401 39.100
-87.551 39.129
-86.424 39.843
-86.527 39.769
-86.351 39.708
-86.377 39.702
-86.375 39.711
-86.005 40.065
-85.980 39.961
-85.980 39.968
-86.081 39.983
-86.099 40.011
-86.095 39.995
-86.100 40.032
-86.077 40.087
-86.100 39.953
-86.141 39.989
-86.136 39.945
-86.078 40.032
-86.017 40.035
-85.870 39.246
-85.918 39.248
-85.917 39.258
-85.846 39.302
-85.897 39.267
-85.471 40.113
-85.477 40.233
-85.430 40.241
-85.433 40.224
-85.409 40.223
-85.411 40.251
-85.412 40.231
-85.380 40.160
-85.384 40.173
-85.381 40.182
-85.419 40.161
-85.432 40.187
-86.607 40.705
-85.653 39.830
-85.759 39.800
-85.777 39.798
-85.775 39.771
-87.412 39.104
-87.412 39.090
-87.401 39.091
-87.393 39.079
-87.401 39.139
-87.301 39.221
-87.276 39.168
-87.284 38.966
-86.504 39.772
-86.488 39.786
-86.409 39.781
-86.477 39.738
-86.378 39.818
-86.385 39.702
-86.441 39.783
-86.422 39.811
-85.955 39.950
-85.934 39.946
-85.953 39.933
-85.976 39.946
-86.077 40.053
-86.067 40.063
-86.057 40.089
-86.049 40.089
-86.048 40.085
-86.070 40.094
-86.067 40.098
-86.062 40.071
-86.067 40.083
-85.350 40.359
-85.535 40.112
-85.525 40.180
-85.558 40.118
-85.346 40.165
-85.354 40.170
-85.367 40.191
-85.368 40.212
-85.409 40.181
-85.382 40.227
-85.356 40.179
-85.448 40.183
-85.399 40.225
-85.745 39.798
-85.679 39.742
-85.907 39.801
-85.948 39.797
-85.504 41.156
-85.472 41.153
-85.495 41.162
-85.486 41.163
-85.509 41.163
-85.482 41.158
-85.469 41.150
-85.533 41.157
-85.514 41.115
-86.415 39.825
-86.345 39.771
-86.335 39.785
-86.393 39.815
-86.407 39.831
-86.396 39.832
-86.393 39.827
-86.398 39.840
-85.986 39.936
-85.974 40.066
-85.970 40.065
-86.025 40.112
-86.029 40.046
-85.976 40.028
-86.036 40.080
-86.010 40.050
-86.039 40.146
-86.007 40.160
-86.019 40.140
-86.155 40.018
-86.033 40.116
-86.158 40.004
-85.979 39.185
-85.919 39.211
-85.358 40.224
-85.343 40.198
-85.342 40.220
-85.407 40.237
-85.356 40.254
-85.272 40.214
-85.495 40.170
-85.476 40.177
-85.899 39.844
-85.811 39.845
-85.924 39.762
-85.599 41.098
-85.657 41.095
-85.625 41.039
-85.493 41.171
-85.475 41.164
-85.592 41.280
-85.365 41.047
-85.630 41.147
-85.314 41.240
-85.332 41.244
-85.333 41.201
-85.398 41.216
-85.434 41.243
-85.497 41.246
-86.543 39.879
-86.467 39.897
-86.469 39.873
-86.385 39.829
-86.335 39.639
-86.334 39.772
-86.644 39.860
-86.232 40.119
-86.202 40.114
-86.204 40.162
-86.170 40.187
-86.006 40.116
-86.192 39.972
-86.222 39.966
-86.120 39.938
-85.926 40.125
-86.074 40.206
-86.120 39.949
-86.206 39.983
-86.022 39.935
-85.930 39.985
-85.922 39.215
-85.934 39.235
-85.917 39.228
-85.965 39.341
-85.979 39.333
-85.996 39.311
-85.937 39.283
-85.940 39.259
-85.490 40.183
-85.516 40.269
-85.470 40.187
-86.829 40.422
-86.846 40.412
-86.868 40.422
-85.905 39.762
-85.920 39.735
-85.926 39.713
-85.423 41.047
-85.594 41.191
-85.365 41.237
-85.453 41.244
-85.486 41.203
-85.596 41.236
-85.449 41.156
-85.368 41.135
-85.425 41.132
-85.510 41.069
-86.456 39.860
-86.473 39.833
-86.364 39.688
-86.341 39.904
-86.547 39.802
-86.661 39.695
-86.542 39.885
-86.231 40.174
-86.193 39.992
-86.227 39.990
-86.152 39.967
-86.108 39.934
-86.111 39.966
-86.109 39.960
-86.104 39.948
-86.111 39.949
-85.959 40.180
-86.018 40.187
-85.885 39.976
-85.886 39.939
-85.991 39.931
-85.905 39.947
-86.135 39.930
-86.050 40.032
-85.905 39.229
-85.906 39.220
-85.980 39.276
-85.955 39.287
-86.037 39.210
-85.993 39.185
-86.034 39.173
-87.972 37.923
-85.465 40.175
-85.482 40.194
-85.463 40.210
-86.886 40.423
-86.821 40.409
-86.863 40.414
-87.027 40.258
-86.780 40.280
-86.781 40.236
-86.753 40.452
-86.794 40.426
-86.744 40.408
-86.804 40.410
-86.804 40.400
-85.891 39.723
-85.865 39.720
-85.510 41.026
-86.366 39.642
-86.412 39.901
-86.457 39.681
-86.406 39.731
-86.134 40.064
-86.149 40.047
-86.151 40.083
-86.119 39.967
-86.116 39.975
-86.013 39.975
-86.001 39.986
-85.988 39.983
-85.904 39.963
-85.958 39.964
-85.954 39.978
-85.982 40.009
-86.162 40.001
-85.951 40.006
-85.890 39.230
-85.881 39.226
-85.878 39.232
-86.025 39.186
-85.742 39.306
-85.699 39.267
-87.912 37.932
-87.901 37.929
-85.511 40.343
-85.379 40.105
-85.273 40.171
-85.277 40.189
-85.272 40.113
-86.849 40.460
-86.826 40.440
-86.873 40.412
-86.882 40.415
-86.914 40.258
-86.775 40.376
-86.750 40.343
-86.800 40.381
-87.047 40.515
-87.051 40.434
-86.980 40.455
-86.900 40.443
-85.882 39.760
-85.900 39.899
-85.846 39.933
-85.749 39.908
-85.846 39.940
-85.602 39.919
-85.767 39.790
-86.390 39.733
-86.443 39.736
-86.430 39.707
-86.216 40.059
-86.139 40.006
-86.118 40.011
-86.156 40.011
-86.137 40.029
-86.119 40.032
-86.021 39.985
-86.170 39.966
-86.190 39.962
-85.930 39.965
-85.930 39.977
-85.887 40.048
-85.868 39.227
-85.863 39.233
-85.864 39.220
-85.873 39.221
-85.764 39.302
-85.768 39.295
-86.032 39.066
-86.033 39.124
-85.749 39.160
-87.922 37.932
-87.901 37.939
-87.891 37.938
-85.276 40.342
-85.235 40.302
-85.168 38.974
-85.128 39.128
-85.142 39.151
-85.214 39.289
-87.519 41.628
-87.517 41.622
-87.522 41.618
-87.507 41.623
-87.505 41.604
-87.470 41.564
-87.477 41.547
-87.454 41.534
-87.450 41.541
-87.437 41.542
-87.252 41.583
-87.259 41.569
-87.495 41.548
-87.483 41.545
-87.487 41.549
-87.495 41.542
-86.616 38.545
-86.472 38.555
-87.522 41.543
-87.486 41.538
-87.469 41.428
-87.473 41.464
-87.128 38.378
-87.158 38.479
-87.253 38.357
-87.213 38.383
-87.229 38.479
-87.270 38.515
-87.269 38.493
-84.981 39.692
-84.871 39.690
-84.923 39.637
-86.544 40.217
-86.505 40.275
-86.506 40.268
-86.519 40.274
-87.504 38.665
-87.498 38.678
-87.481 38.688
-86.149 40.825
-86.092 40.820
-86.051 40.700
-86.085 40.749
-86.083 40.746
-86.990 38.144
-86.964 38.070
-86.925 38.107
-87.348 41.389
-87.387 41.374
-87.379 41.389
-87.463 41.646
-87.477 41.642
-87.387 41.598
-87.402 41.599
-87.416 41.625
-87.351 41.599
-87.341 41.600
-87.360 41.599
-87.331 41.557
-87.333 41.553
-87.342 41.551
-87.313 41.561
-87.408 41.555
-85.223 39.289
-87.377 41.556
-87.354 41.577
-87.349 41.578
-87.504 41.601
-87.503 41.598
-87.519 41.597
-87.492 41.598
-87.471 41.603
-87.441 41.550
-87.474 41.543
-87.476 41.530
-87.464 41.562
-87.467 41.552
-87.247 41.571
-87.253 41.559
-87.507 41.555
-87.514 41.542
-87.503 41.544
-87.497 41.537
-87.505 41.530
-87.517 41.557
-87.488 41.530
-87.508 41.462
-87.505 41.454
-87.417 41.497
-87.281 38.487
-87.291 38.490
-87.092 38.474
-84.879 39.625
-84.922 39.632
-84.819 39.569
-84.935 39.636
-86.667 40.194
-86.493 40.269
-86.483 40.276
-86.237 38.197
-86.082 38.277
-87.521 38.686
-87.514 38.690
-86.478 38.879
-86.466 38.871
-86.480 38.858
-86.480 38.851
-86.068 40.756
-86.123 40.964
-86.122 40.899
-86.011 40.955
-86.957 38.110
-86.935 38.164
-86.913 38.132
-87.415 41.415
-87.326 41.377
-87.353 41.444
-87.358 41.445
-87.460 41.667
-87.450 41.648
-87.449 41.645
-87.453 41.643
-87.457 41.643
-87.345 41.598
-87.348 41.599
-87.334 41.602
-87.374 41.598
-87.344 41.577
-87.404 41.566
-87.349 41.538
-87.354 41.537
-87.344 41.538
-87.473 41.595
-87.522 41.609
-87.522 41.602
-87.516 41.603
-87.514 41.609
-87.466 41.536
-87.459 41.564
-87.456 41.556
-87.454 41.551
-87.457 41.529
-87.249 41.564
-87.265 41.567
-87.267 41.570
-87.521 41.567
-87.520 41.558
-87.516 41.568
-87.509 41.566
-87.442 41.465
-87.406 41.464
-87.421 41.465
-84.989 39.618
-84.872 39.560
-86.515 40.329
-86.514 40.269
-86.509 40.292
-85.987 38.251
-86.004 38.214
-85.941 38.156
-85.941 38.107
-85.993 38.128
-86.027 38.152
-86.136 38.289
-86.225 38.261
-86.094 38.239
-86.145 38.247
-86.174 38.243
-86.175 38.161
-86.075 38.208
-86.119 38.155
-86.121 38.209
-87.504 38.691
-87.535 38.667
-86.005 40.869
-85.915 40.609
-86.847 38.110
-86.848 38.028
-86.967 37.952
-86.962 38.003
-87.051 38.075
-87.371 41.445
-87.374 41.416
-87.449 41.640
-87.451 41.636
-87.445 41.635
-87.445 41.622
-87.437 41.634
-87.378 41.567
-87.387 41.591
-87.391 41.591
-87.402 41.592
-85.922 41.700
-85.990 41.731
-85.986 41.711
-85.943 41.699
-87.340 41.534
-87.343 41.529
-87.340 41.525
-87.334 41.530
-87.330 41.533
-87.322 41.538
-87.506 41.610
-87.504 41.607
-87.510 41.598
-87.522 41.593
-87.508 41.582
-87.504 41.585
-87.260 41.524
-87.228 41.535
-87.234 41.520
-87.279 41.568
-87.272 41.574
-87.280 41.572
-87.291 41.568
-87.503 41.565
-87.498 41.565
-87.492 41.564
-87.414 41.448
-87.482 41.221
-87.446 41.193
-87.480 41.291
-86.862 40.681
-86.639 40.868
-86.873 40.775
-86.519 40.282
-86.469 40.217
-86.239 38.121
-86.106 38.060
-86.072 38.134
-87.529 38.672
-87.523 38.675
-87.517 38.679
-87.510 38.681
-87.500 38.713
-85.878 40.607
-85.980 40.791
-87.191 37.950
-87.059 37.891
-86.852 38.179
-87.345 41.401
-87.357 41.399
-87.483 41.635
-87.438 41.638
-87.445 41.641
-87.435 41.640
-87.439 41.642
-87.444 41.644
-87.408 41.592
-87.401 41.575
-87.364 41.584
-87.371 41.584
-87.383 41.584
-85.948 41.712
-85.936 41.708
-85.968 41.712
-87.330 41.539
-87.322 41.546
-87.330 41.525
-87.322 41.551
-87.334 41.542
-87.515 41.577
-87.509 41.577
-87.503 41.578
-87.505 41.572
-87.498 41.578
-87.492 41.571
-87.274 41.541
-87.274 41.535
-87.302 41.536
-87.270 41.518
-87.312 41.515
-87.286 41.569
-87.283 41.563
-87.289 41.563
-87.374 41.510
-87.243 41.491
-87.483 41.521
-87.473 41.329
-87.437 41.290
-87.439 41.301
-86.605 40.781
-86.735 40.877
-86.741 40.818
-86.595 40.420
-86.281 40.227
-86.312 40.375
-86.412 40.395
-86.373 40.221
-85.799 38.685
-85.794 38.695
-85.781 38.699
-86.156 38.056
-86.204 38.068
-87.474 38.692
-87.505 38.643
-87.550 38.640
-87.608 38.589
-87.394 38.768
-86.990 40.940
-87.069 40.996
-85.976 40.608
-86.052 40.607
-86.821 38.152
-87.378 41.427
-87.352 41.405
-87.344 41.447
-87.437 41.645
-87.429 41.668
-87.486 41.630
-87.479 41.631
-87.389 41.582
-87.399 41.586
-87.413 41.575
-87.421 41.589
-87.397 41.592
-85.913 41.700
-85.989 41.749
-85.990 41.710
-85.955 41.714
-87.330 41.546
-87.323 41.529
-87.320 41.525
-87.338 41.553
-87.351 41.544
-87.344 41.544
-87.515 41.594
-87.511 41.589
-87.504 41.591
-87.523 41.587
-87.515 41.589
-87.289 41.533
-87.246 41.542
-87.259 41.547
-87.250 41.511
-87.341 41.518
-87.329 41.519
-87.280 41.451
-87.422 41.486
-87.400 41.480
-87.399 41.469
-87.476 41.680
-87.494 41.688
-87.499 41.681
-87.494 41.676
-86.663 40.781
-86.867 40.841
-86.824 40.880
-86.937 40.880
-86.921 40.604
-86.817 40.608
-86.359 40.193
-86.619 40.398
-85.784 38.675
-85.794 38.770
-85.760 38.747
-85.708 38.752
-85.760 38.636
-85.852 38.645
-85.818 38.735
-87.209 41.042
-87.126 40.780
-87.124 40.905
-87.237 41.205
-87.137 40.967
-87.147 40.949
-87.161 40.937
-87.178 41.200
-87.044 40.867
-87.129 41.238
-87.153 40.923
-85.138 41.570
-85.037 41.738
-85.014 41.718
-85.057 41.678
-85.018 41.683
-87.343 38.860
-87.488 38.697
-85.018 41.630
-85.009 41.654
-85.023 41.645
-84.924 41.658
-84.916 41.731
-84.842 41.659
-85.139 41.657
-85.026 41.570
-86.101 40.862
-86.058 40.756
-87.343 41.440
-87.319 41.404
-87.347 41.422
-87.380 41.404
-87.380 41.438
-87.488 41.625
-87.484 41.625
-87.487 41.621
-87.479 41.619
-87.313 41.598
-87.383 41.591
-87.399 41.582
-87.390 41.585
-87.390 41.576
-87.425 41.574
-85.958 41.749
-85.993 41.453
-85.982 41.441
-85.822 41.720
-87.340 41.542
-87.337 41.542
-87.428 41.544
-87.416 41.533
-87.418 41.540
-87.521 41.581
-87.515 41.583
-87.497 41.585
-87.447 41.577
-87.233 41.546
-87.237 41.556
-87.285 41.528
-87.358 41.459
-87.354 41.505
-87.344 41.490
-87.454 41.481
-87.460 41.472
-87.478 41.499
-87.484 41.667
-87.250 41.409
-86.868 41.217
-86.795 41.194
-86.790 41.237
-86.737 41.194
-86.732 41.237
-86.740 41.292
-86.663 41.214
-86.642 41.320
-87.070 40.758
-87.005 40.792
-87.040 40.606
-86.134 38.220
-86.048 38.037
-86.205 38.355
-86.063 38.391
-87.319 38.775
-87.300 38.774
-86.049 40.739
-87.380 41.432
-87.377 41.384
-87.342 41.424
-87.337 41.624
-87.286 41.604
-87.295 41.599
-87.295 41.592
-87.378 41.584
-87.388 41.579
-87.367 41.593
-87.370 41.590
-87.379 41.591
-85.799 41.744
-85.225 39.300
-87.419 41.559
-87.418 41.545
-87.445 41.535
-87.428 41.558
-87.484 41.570
-87.475 41.576
-87.471 41.585
-87.287 41.547
-87.290 41.515
-87.297 41.496
-87.389 41.479
-87.382 41.475
-87.358 41.518
-87.325 41.513
-87.473 41.516
-87.398 41.458
-87.416 41.476
-87.234 41.406
-87.232 41.410
-86.633 41.299
-86.609 41.295
-86.729 40.768
-86.794 40.783
-86.790 40.709
-86.116 38.395
-86.198 38.400
-86.117 38.321
-86.220 38.310
-86.497 38.855
-86.507 38.850
-86.489 38.859
-86.489 38.870
-86.508 38.874
-86.509 38.838
-86.638 38.817
-86.617 38.743
-87.346 41.444
-87.395 41.437
-87.391 41.402
-87.360 41.380
-87.359 41.425
-87.290 41.589
-87.283 41.592
-87.276 41.592
-87.271 41.591
-87.348 41.587
-87.348 41.583
-87.334 41.582
-87.333 41.586
-87.330 41.581
-85.819 41.706
-85.860 41.735
-85.717 41.742
-85.368 39.197
-85.373 38.977
-87.445 41.529
-87.403 41.515
-87.405 41.504
-87.416 41.550
-87.464 41.576
-87.456 41.578
-87.448 41.571
-87.491 41.586
-87.267 41.484
-87.254 41.524
-87.232 41.501
-87.369 41.478
-87.377 41.481
-87.380 41.497
-87.357 41.490
-87.438 41.477
-87.486 41.484
-87.404 41.447
-87.445 41.499
-87.223 41.404
-87.229 41.403
-87.230 41.413
-86.610 41.285
-86.643 41.272
-86.522 41.280
-86.525 41.215
-86.605 41.218
-86.632 41.287
-86.500 40.288
-86.483 40.284
-86.505 40.279
-86.762 40.757
-86.771 40.756
-86.087 38.349
-86.049 38.311
-86.021 38.271
-85.975 38.028
-85.958 38.066
-86.243 38.082
-87.357 41.410
-87.366 41.428
-87.370 41.410
-87.360 41.416
-87.274 41.597
-87.330 41.597
-87.264 41.603
-87.267 41.615
-87.316 41.591
-87.325 41.584
-87.327 41.578
-87.321 41.582
-87.323 41.576
-85.716 41.711
-85.941 41.481
-85.713 41.662
-85.312 39.151
-85.245 39.184
-85.153 39.274
-87.425 41.539
-87.423 41.532
-87.418 41.525
-87.428 41.526
-87.489 41.589
-87.479 41.588
-87.471 41.590
-87.464 41.587
-87.484 41.584
-87.298 41.476
-87.246 41.521
-87.240 41.537
-87.254 41.542
-87.229 41.459
-87.377 41.517
-87.338 41.479
-87.397 41.487
-87.455 41.476
-87.410 41.475
-87.409 41.468
-87.481 41.480
-87.252 41.363
-87.282 41.410
-87.447 41.343
-86.526 41.323
-86.643 41.384
-86.520 41.371
-86.540 41.412
-86.481 41.417
-85.165 40.144
-85.191 40.211
-86.495 40.278
-86.406 40.313
-86.392 40.328
-86.300 40.305
-86.516 40.395
-86.754 40.737
-86.773 40.739
-87.012 40.692
-85.814 38.748
-85.767 38.684
-85.623 38.647
-85.681 38.660
-85.799 38.747
-85.798 38.734
-87.380 41.543
-87.393 41.527
-87.362 41.402
-87.365 41.393
-87.522 41.518
-87.506 41.505
-87.257 41.615
-87.254 41.610
-87.249 41.625
-87.311 41.576
-87.342 41.589
-87.315 41.582
-85.338 39.125
-85.262 39.125
-87.432 41.515
-87.436 41.526
-87.433 41.534
-87.511 41.701
-87.491 41.580
-87.489 41.576
-87.448 41.606
-87.259 41.534
-87.267 41.537
-87.273 41.548
-87.339 41.494
-87.383 41.482
-87.353 41.511
-87.355 41.499
-86.496 38.529
-86.346 38.536
-87.484 41.514
-87.407 41.496
-87.462 41.466
-87.474 41.483
-87.452 41.468
-87.411 41.323
-87.404 41.373
-87.421 41.455
-87.426 41.345
-85.155 40.275
-85.129 40.211
-85.121 40.059
-85.007 40.146
-84.999 40.197
-84.982 40.063
-86.515 40.291
-86.513 40.295
-86.521 40.290
-87.354 41.529
-87.365 41.546
-87.371 41.531
-87.521 41.505
-87.506 41.489
-87.522 41.511
-87.522 41.484
-87.244 41.616
-87.228 41.603
-87.327 41.601
-87.297 41.584
-87.303 41.578
-87.359 41.591
-87.348 41.592
-85.257 39.251
-85.138 39.200
-87.502 41.648
-87.516 41.642
-87.519 41.651
-87.520 41.637
-87.513 41.637
-87.457 41.585
-87.437 41.582
-87.447 41.584
-87.438 41.574
-87.449 41.594
-87.310 41.548
-87.267 41.562
-87.272 41.554
-87.380 41.461
-87.376 41.474
-87.373 41.482
-86.346 38.637
-86.489 38.588
-86.573 38.527
-86.577 38.573
-86.642 38.514
-87.468 41.481
-87.463 41.485
-87.439 41.488
-87.459 41.507
-85.055 40.265
-84.959 40.266
-86.667 40.346
-86.653 40.343
-86.492 40.278
-86.618 40.291
-86.638 40.218
-86.357 38.728
-86.334 38.803
-86.613 38.883
-86.589 38.843
-86.478 38.727
-86.485 38.739
-87.216 39.471
-87.203 39.512
-87.188 39.223
-87.160 39.470
-87.133 39.517
-87.120 39.542
-87.130 39.530
-84.987 41.630
-87.199 37.879
-87.403 41.538
-87.410 41.304
-87.411 41.286
-87.507 41.496
-87.519 41.473
-87.515 41.518
-87.229 41.617
-87.243 41.601
-87.352 41.593
-87.359 41.584
-87.361 41.577
-87.289 41.576
-85.114 39.252
-87.521 41.634
-87.512 41.633
-87.507 41.682
-87.510 41.686
-87.503 41.683
-87.507 41.675
-87.502 41.678
-87.454 41.598
-87.447 41.597
-87.438 41.597
-87.457 41.594
-87.449 41.590
-87.439 41.594
-87.276 41.559
-87.258 41.558
-87.315 41.553
-87.350 41.705
-87.325 41.465
-87.344 41.461
-86.657 38.544
-86.626 38.446
-86.513 38.447
-86.636 38.643
-87.436 41.498
-87.450 41.488
-87.484 41.455
-84.975 40.180
-84.984 40.161
-84.871 40.058
-86.530 40.291
-86.527 40.285
-86.505 40.282
-86.539 40.276
-86.471 38.743
-86.462 38.730
-86.528 38.809
-86.521 38.755
-86.507 38.705
-86.444 38.749
-86.542 38.972
-86.492 38.946
-86.551 38.928
-87.116 39.530
-87.112 39.523
-87.101 39.553
-87.102 39.469
-87.118 39.508
-87.146 39.303
-87.048 39.477
-87.100 39.379
-87.099 39.255
-87.069 39.590
-87.050 39.547
-86.999 39.385
-87.190 39.377
-87.165 39.566
-87.138 39.526
-87.146 39.523
-86.978 39.452
-86.125 40.766
-87.237 37.913
-87.378 41.210
-87.426 41.297
-87.399 41.294
-87.383 41.275
-87.399 41.283
-87.512 41.514
-87.515 41.488
-87.496 41.486
-87.229 41.621
-87.241 41.612
-87.323 41.597
-87.380 41.577
-87.354 41.587
-87.338 41.591
-87.371 41.575
-87.333 41.591
-85.149 39.045
-85.147 39.096
-85.230 39.030
-85.238 39.094
-87.518 41.678
-87.497 41.674
-87.500 41.665
-87.501 41.625
-87.457 41.590
-87.439 41.590
-87.466 41.390
-87.508 41.391
-87.476 41.559
-87.449 41.563
-87.225 41.570
-87.295 41.559
-87.298 41.553
-87.353 41.478
-87.330 41.477
-87.326 41.492
-86.553 38.637
-86.646 38.580
-86.385 38.444
-86.420 38.531
-87.474 41.439
-87.504 41.445
-87.441 41.428
-87.430 41.434
-84.853 40.266
-84.856 40.163
-84.969 40.167
-86.628 38.948
-86.364 38.942
-86.497 38.882
-86.510 38.864
-86.517 38.855
-86.491 38.865
-86.457 38.856
-86.527 38.894
-86.502 38.880
-86.383 38.884
-86.384 38.845
-86.454 38.826
-87.308 38.773
-87.313 38.776
-87.472 38.846
-87.646 38.478
-87.354 38.581
-87.511 38.570
-86.110 40.664
-86.087 40.769
-86.062 40.745
-85.978 40.706
-86.128 40.606
-87.097 37.834
-87.118 37.881
-87.373 41.333
-87.422 41.385
-87.441 41.385
-87.465 41.383
-87.510 41.482
-87.500 41.515
-87.284 41.282
-87.486 41.641
-87.345 41.606
-87.417 41.600
-87.369 41.598
-87.365 41.601
-87.352 41.558
-87.349 41.574
-87.351 41.569
-87.344 41.571
-87.339 41.577
-85.196 39.290
-85.292 39.043
-87.494 41.621
-87.495 41.614
-87.503 41.616
-87.504 41.613
-87.514 41.616
-87.447 41.557
-87.438 41.556
-87.448 41.546
-87.446 41.541
-87.454 41.540
-87.265 41.556
-87.234 41.570
-87.230 41.570
-87.238 41.568
-87.332 41.505
-87.346 41.495
-87.350 41.519
-86.421 38.586
-86.416 38.653
-87.469 41.443
-87.451 41.451
-87.483 41.442
-87.362 38.416
-87.284 38.451
-87.276 38.497
-87.257 38.283
-87.137 38.283
-84.821 40.204
-84.820 40.195
-87.075 41.057
-87.195 40.856
-87.234 40.957
-87.405 38.684
-87.299 38.672
-87.157 38.884
-87.230 38.865
-87.270 38.782
-87.535 38.678
-86.132 40.707
-86.086 40.755
-86.057 40.770
-87.084 37.930
-87.114 38.005
-87.055 37.883
-87.049 37.881
-87.420 41.370
-87.446 41.370
-87.421 41.355
-87.476 41.613
-87.487 41.612
-87.474 41.629
-87.466 41.633
-87.370 41.602
-87.355 41.599
-87.353 41.605
-87.359 41.605
-87.363 41.606
-87.346 41.551
-87.341 41.566
-87.331 41.576
-87.335 41.576
-85.214 39.301
-85.230 39.297
-85.253 38.956
-85.352 39.079
-85.415 39.104
-87.510 41.619
-87.498 41.629
-87.501 41.634
-87.489 41.607
-87.443 41.565
-87.454 41.563
-87.479 41.540
-87.459 41.545
-87.226 41.577
-87.235 41.576
-87.269 41.586
-87.224 41.563
-87.232 41.586
-87.522 41.574
-87.484 41.563
-87.497 41.555
-87.486 41.556
-86.474 38.558
-86.479 38.636
-86.485 38.673
-87.496 41.429
-87.500 41.462
-87.438 41.442
-87.424 38.490
-87.246 38.400
-87.352 38.491
-84.983 39.554
-87.099 41.131
-86.993 41.205
-86.998 41.138
-87.072 41.230
-87.209 41.100
-87.237 41.152
-87.211 40.780
-86.966 41.054
-87.121 41.187
-87.191 41.195
-87.206 41.204
-87.141 40.935
-87.157 40.942
-85.140 41.730
-84.912 41.571
-84.833 41.731
-84.831 41.573
-84.991 41.649
-87.531 38.658
-87.519 38.662
-87.506 38.658
-86.054 40.761
-86.038 40.792
-86.109 40.733
-86.147 40.664
-87.041 37.996
-86.988 38.186
-87.442 41.355
-87.406 41.345
-87.383 41.427
-87.466 41.619
-87.464 41.624
-87.460 41.624
-87.459 41.627
-87.457 41.635
-87.364 41.609
-87.381 41.606
-87.338 41.602
-87.380 41.615
-87.331 41.569
-87.316 41.566
-87.346 41.555
-85.598 40.484
-85.594 40.478
-85.633 40.480
-85.051 41.359
-85.070 41.361
-86.258 39.932
-86.281 39.954
-86.583 39.232
-86.607 39.230
-86.578 39.168
-86.416 39.121
-86.593 39.158
-86.583 39.146
-84.842 40.878
-86.267 40.406
-86.114 40.424
-86.110 40.435
-86.174 40.468
-86.211 40.479
-85.491 38.728
-85.560 38.725
-85.645 39.196
-85.449 39.241
-86.444 38.311
-86.323 38.234
-85.660 40.477
-85.613 40.499
-85.042 41.362
-85.064 41.357
-85.008 41.378
-84.864 41.427
-86.247 39.972
-86.335 39.929
-86.656 39.292
-86.604 39.302
-86.423 39.283
-86.414 39.197
-86.522 39.167
-86.578 39.134
-86.650 39.127
-86.604 39.100
-86.596 39.138
-86.518 39.296
-84.840 40.616
-85.034 40.788
-86.217 40.436
-86.165 40.493
-86.134 40.444
-86.166 40.438
-86.158 40.446
-86.175 40.454
-86.202 40.460
-85.416 38.736
-85.418 38.771
-85.403 38.775
-86.385 38.249
-86.367 38.380
-85.671 40.497
-85.691 40.480
-85.616 40.483
-85.624 40.478
-85.604 40.494
-84.881 41.425
-84.879 41.433
-84.911 41.397
-86.272 39.939
-86.272 39.957
-86.541 39.174
-86.525 39.177
-84.841 40.790
-84.957 40.597
-86.165 40.505
-86.143 40.493
-86.150 40.497
-86.177 40.419
-86.096 40.471
-86.123 40.428
-86.150 40.458
-85.387 38.751
-85.384 38.767
-86.363 38.346
-86.318 38.308
-86.517 38.277
-86.433 38.223
-85.680 40.489
-85.640 40.562
-85.669 40.561
-85.641 40.495
-85.665 40.508
-85.502 40.524
-85.553 40.551
-85.164 41.294
-85.107 41.294
-86.250 39.951
-86.300 39.985
-86.263 39.988
-86.302 39.935
-86.288 39.944
-86.528 39.173
-86.514 39.169
-86.554 39.168
-86.515 39.179
-86.137 40.501
-86.136 40.492
-86.142 40.483
-86.150 40.481
-86.151 40.465
-86.150 40.452
-86.161 40.462
-86.124 40.480
-85.406 38.755
-85.392 38.778
-85.377 38.802
-85.373 38.775
-86.625 38.293
-86.649 38.360
-86.565 38.359
-86.435 38.154
-86.288 38.381
-86.376 38.148
-85.656 40.554
-85.668 40.557
-85.657 40.564
-85.553 40.483
-85.737 40.624
-85.747 40.580
-85.694 40.577
-84.907 41.334
-85.137 41.483
-86.305 39.973
-86.496 39.959
-86.496 39.167
-86.484 39.172
-86.476 39.169
-86.483 39.196
-86.501 39.232
-86.140 40.473
-86.164 40.535
-86.064 40.534
-86.132 40.522
-86.068 40.449
-86.020 40.436
-85.372 38.734
-85.329 38.777
-85.374 38.742
-85.277 38.870
-85.668 40.550
-85.652 40.540
-85.701 40.588
-85.684 40.571
-85.682 40.603
-84.910 41.486
-85.034 41.435
-85.022 41.417
-86.623 39.988
-86.662 39.943
-86.588 39.946
-86.623 40.053
-86.299 40.154
-86.299 40.099
-86.536 39.198
-86.552 39.189
-86.559 39.226
-86.509 39.189
-86.533 39.182
-86.543 39.036
-86.484 39.037
-86.262 39.210
-86.318 39.146
-86.300 39.281
-86.257 39.255
-86.260 39.311
-86.181 39.317
-86.348 39.283
-86.217 39.197
-86.106 39.316
-86.182 39.104
-86.154 39.260
-86.134 39.195
-86.138 40.438
-86.127 40.488
-86.143 40.416
-85.901 40.522
-85.913 40.439
-85.245 38.773
-85.500 38.636
-85.627 38.782
-85.385 38.737
-85.669 40.537
-85.663 40.526
-85.594 40.525
-85.641 40.522
-85.679 40.578
-85.826 40.609
-85.022 41.427
-85.022 41.339
-85.021 41.295
-85.118 41.360
-86.408 39.955
-86.636 40.155
-86.642 40.116
-86.628 39.036
-86.559 39.160
-86.560 39.150
-86.555 39.147
-86.554 39.129
-86.091 40.419
-86.116 40.469
-86.134 40.468
-86.220 40.523
-86.309 40.533
-85.407 38.869
-85.147 39.648
-85.137 39.639
-85.146 39.643
-85.666 40.572
-85.641 40.528
-85.670 40.516
-85.602 40.553
-85.660 40.535
-85.826 40.523
-85.504 40.610
-85.618 40.636
-85.650 40.576
-85.644 40.601
-85.122 41.349
-85.140 41.342
-86.457 40.054
-86.476 40.055
-86.263 40.039
-86.311 40.036
-86.527 40.134
-86.547 39.140
-86.537 39.150
-86.130 40.453
-86.141 40.462
-86.135 40.480
-86.122 40.527
-86.272 40.419
-85.162 39.646
-85.196 39.616
-85.156 39.636
-85.662 40.517
-85.667 40.582
-85.670 40.566
-85.593 40.591
-85.648 40.423
-85.647 40.411
-85.130 41.342
-85.140 41.351
-85.085 41.360
-84.826 41.314
-86.479 40.061
-86.457 40.070
-86.363 39.981
-86.427 40.011
-86.356 40.008
-86.525 39.162
-86.530 39.154
-86.125 40.470
-86.113 40.487
-86.130 40.510
-84.894 38.920
-85.145 39.654
-85.207 39.646
-85.202 39.684
-85.144 39.664
-85.130 39.650
-85.590 40.555
-85.619 40.514
-85.657 40.517
-85.668 40.586
-85.136 41.410
-86.473 40.051
-86.517 40.055
-86.465 40.066
-86.490 40.042
-86.477 40.044
-86.348 39.957
-86.337 39.948
-86.349 39.933
-86.525 39.142
-86.531 39.128
-86.510 39.128
-84.946 40.842
-84.969 40.877
-84.945 40.821
-84.941 40.816
-86.122 40.515
-86.097 40.493
-85.135 39.651
-85.134 39.668
-85.137 39.691
-85.117 39.624
-85.670 40.590
-85.589 40.418
-85.645 40.415
-85.677 40.561
-86.260 41.678
-86.269 41.680
-86.273 41.689
-86.300 41.697
-86.279 41.695
-85.011 41.484
-85.017 41.442
-86.460 40.045
-86.408 40.070
-86.470 40.011
-86.478 40.072
-86.519 39.129
-86.522 39.133
-84.965 40.650
-84.942 40.748
-84.940 40.742
-84.936 40.702
-84.913 40.830
-86.110 40.503
-86.102 40.489
-86.105 40.476
-85.121 39.639
-85.128 39.632
-85.125 39.670
-85.697 40.563
-85.696 40.549
-85.755 40.526
-85.703 40.513
-86.304 41.668
-86.294 41.668
-86.300 41.669
-86.224 41.664
-86.228 41.672
-86.217 41.676
-85.067 41.484
-84.906 41.291
-84.827 41.401
-86.463 40.029
-86.469 40.072
-86.513 39.143
-86.520 39.154
-86.513 39.157
-84.922 40.820
-84.938 40.774
-86.102 40.466
-86.106 40.456
-86.117 40.449
-86.134 40.431
-85.569 39.416
-85.616 39.315
-85.471 39.337
-85.135 39.663
-85.142 39.694
-85.133 39.659
-85.202 39.564
-85.271 39.577
-85.107 39.557
-85.075 39.686
-85.681 40.549
-85.681 40.562
-85.679 40.532
-86.230 41.652
-86.220 41.648
-86.225 41.681
-86.215 41.684
-86.242 41.685
-84.829 41.487
-86.412 40.137
-86.275 39.968
-86.503 39.157
-86.502 39.143
-86.490 39.143
-84.918 40.839
-85.035 40.875
-84.910 40.880
-85.962 40.475
-85.964 40.482
-85.977 40.466
-84.919 38.939
-84.993 38.929
-85.079 38.931
-84.883 38.989
-85.476 39.355
-85.471 39.327
-85.341 39.307
-85.064 39.613
-85.272 39.672
-85.243 39.752
-85.824 40.429
-85.492 40.469
-85.502 40.415
-86.201 41.710
-86.247 41.645
-86.278 41.533
-86.293 41.733
-86.232 41.714
-85.036 41.378
-85.062 41.370
-86.319 39.958
-86.260 39.969
-86.492 39.157
-86.479 39.158
-86.475 39.137
-86.496 39.114
-86.504 39.091
-86.555 39.102
-86.393 39.029
-85.031 40.612
-84.954 40.653
-84.951 40.663
-85.976 40.527
-86.051 40.488
-86.313 40.452
-84.863 38.949
-84.971 38.978
-84.847 38.956
-84.855 38.945
-84.871 38.926
-85.496 39.330
-85.556 39.237
-85.564 39.166
-85.575 39.177
-85.494 39.354
-85.525 40.459
-85.553 40.480
-85.032 41.361
-85.055 41.386
-86.263 39.951
-86.333 39.941
-86.620 39.221
-84.934 40.614
-85.032 40.700
-86.309 40.487
-86.115 40.497
-86.159 40.495
-85.468 38.720
-85.496 38.695
-84.859 38.957
-85.501 39.349
-85.493 39.336
-85.729 40.429
-85.592 40.491
-85.039 41.370
-85.073 41.372
-86.293 39.980
-86.276 39.977
-86.633 39.237
-86.595 39.182
-86.591 39.205
-86.614 39.242
-86.651 39.204
-84.841 40.703
-86.157 40.483
-86.174 40.482
-86.100 40.443
-85.476 38.709
-85.515 38.793
-85.514 38.865
-85.441 38.779
-85.471 39.344
-85.483 39.342
-85.463 39.420
-85.355 39.404
-85.627 39.427
-86.521 38.227
-86.436 38.364
-86.487 38.367
-86.151 41.451
-86.302 41.221
-86.329 41.341
-86.302 41.330
-87.399 39.466
-87.407 39.460
-87.403 39.438
-87.383 39.452
-87.390 39.471
-87.385 39.467
-87.596 38.359
-87.546 38.380
-87.578 38.182
-87.522 38.231
-87.597 38.317
-87.353 38.334
-87.562 38.350
-87.564 38.353
-87.563 38.362
-84.872 39.756
-84.928 39.819
-84.912 39.820
-85.129 39.824
-86.917 41.712
-86.917 41.701
-85.088 39.971
-85.163 39.976
-85.181 39.910
-84.909 39.833
-86.324 41.358
-86.407 41.355
-86.087 41.307
-86.104 41.223
-87.417 39.455
-87.408 39.450
-87.426 39.440
-87.407 39.455
-87.384 39.457
-87.402 39.473
-87.376 39.467
-87.384 39.461
-87.396 39.455
-87.571 38.342
-87.533 38.322
-87.553 38.356
-87.520 38.206
-86.873 41.042
-86.732 41.649
-86.872 41.390
-86.774 41.666
-86.792 41.624
-86.752 41.630
-86.918 41.690
-86.880 41.681
-84.849 39.954
-84.880 39.866
-84.830 39.828
-86.406 41.452
-86.411 41.402
-87.411 39.458
-87.401 39.456
-87.404 39.445
-87.395 39.473
-87.405 39.494
-87.407 39.509
-87.391 39.456
-87.363 39.476
-87.404 39.486
-87.400 39.482
-87.394 39.490
-87.523 38.267
-87.452 38.366
-86.873 41.129
-86.641 40.954
-86.872 41.476
-86.834 41.634
-86.876 41.303
-86.896 41.626
-86.827 41.670
-86.887 41.661
-86.873 41.704
-86.883 41.697
-86.866 41.710
-86.868 41.693
-86.871 41.565
-86.764 41.551
-84.861 39.840
-84.907 39.824
-84.887 39.819
-84.881 39.818
-84.923 39.831
-84.904 39.839
-84.889 39.843
-84.875 39.826
-86.194 41.431
-86.164 41.446
-86.106 41.426
-86.139 41.448
-87.392 39.512
-87.366 39.505
-87.392 39.481
-87.400 39.496
-87.383 39.476
-87.419 39.491
-87.389 39.440
-87.384 39.445
-87.364 39.432
-87.374 39.452
-87.360 39.456
-86.841 41.686
-86.855 41.691
-86.642 41.727
-86.748 41.407
-86.554 41.727
-86.897 41.744
-86.897 41.709
-86.890 41.703
-86.903 41.674
-84.914 39.829
-86.353 41.361
-86.757 40.955
-87.416 39.480
-87.412 39.469
-87.386 39.499
-87.384 39.486
-87.365 39.441
-87.374 39.459
-87.428 39.422
-87.425 39.568
-87.336 39.431
-87.370 39.361
-87.401 39.414
-86.715 41.617
-86.554 41.476
-86.673 41.654
-86.627 41.650
-86.716 41.624
-86.890 41.691
-86.902 41.687
-86.877 41.714
-86.642 41.019
-86.586 41.071
-87.370 39.484
-87.359 39.469
-87.326 39.477
-87.320 39.449
-87.342 39.466
-87.490 39.565
-87.374 39.386
-87.412 39.391
-87.395 39.363
-87.400 39.539
-87.361 39.540
-86.751 41.602
-86.715 41.596
-86.718 41.608
-86.882 41.706
-86.841 41.737
-86.834 41.717
-86.580 41.046
-86.519 41.038
-86.525 41.128
-86.526 40.954
-86.641 41.128
-87.437 39.405
-87.433 39.366
-87.371 39.415
-87.294 39.468
-87.390 39.404
-87.406 39.303
-87.317 39.505
-87.256 39.463
-87.265 39.505
-87.247 39.586
-87.247 39.542
-87.334 39.586
-87.361 39.555
-87.296 39.303
-87.532 39.295
-87.500 39.360
-87.288 39.414
-87.301 39.373
-87.490 39.493
-87.358 39.527
-87.381 39.571
-86.524 40.867
-86.401 40.752
-86.707 41.598
-86.731 41.581
-86.708 41.615
-86.905 41.537
-86.763 41.474
-86.638 41.576
-86.777 41.336
-86.799 41.731
-86.873 40.955
-86.657 41.062
-87.372 39.526
-87.322 39.543
-87.454 39.463
-87.511 39.462
-87.492 39.422
-87.442 39.501
-87.435 39.459
-86.420 40.792
-86.377 40.741
-86.696 41.620
-86.743 41.622
-86.738 41.611
-86.778 41.591
-86.769 41.704
-86.735 41.724
-86.648 41.465
-86.650 41.521
-86.553 41.646
-86.757 41.128
-86.757 41.041
-87.464 39.411
-87.330 39.483
-87.460 38.313
-87.478 38.444
-87.629 38.418
-87.362 38.335
-87.392 38.227
-86.363 40.728
-86.217 40.773
-86.206 40.855
-86.526 40.779
-86.452 40.719
-86.220 40.706
-86.328 40.696
-86.299 40.866
-86.735 41.604
-86.690 41.592
-86.710 41.588
-85.170 39.812
-85.119 39.759
-85.001 39.794
-84.995 39.814
-84.970 39.849
-84.942 39.826
-87.757 38.311
-87.657 38.262
-87.391 38.271
-87.875 38.267
-87.558 38.471
-87.574 38.248
-86.293 40.800
-86.252 40.663
-86.317 40.605
-86.705 41.613
-86.688 41.602
-84.875 39.818
-84.924 39.853
-84.956 39.900
-84.895 39.825
-87.747 38.227
-87.675 38.312
-87.660 38.366
-87.595 38.351
-87.635 38.208
-87.622 38.244
-87.572 38.366
-86.316 40.753
-86.315 40.760
-86.377 40.761
-86.687 41.620
-86.706 41.606
-86.899 41.698
-84.894 39.815
-84.890 39.836
-84.883 39.826
-84.881 39.832
-84.950 39.853
-87.574 38.357
-87.560 38.344
-87.343 38.335
-87.353 38.338
-87.345 38.345
-86.381 40.767
-86.381 40.751
-86.355 40.750
-86.332 40.751
-86.734 41.597
-86.722 41.599
-84.897 39.885
-85.128 39.931
-85.128 39.898
-86.141 41.332
-86.273 41.428
-86.240 41.356
-86.364 40.743
-86.334 40.761
-86.341 40.791
-84.856 39.814
-84.866 39.818
-84.866 39.826
-85.194 39.835
-84.852 39.827
-86.729 41.593
-86.537 41.565
-84.921 39.960
-85.102 39.852
-85.021 39.842
-86.244 41.302
-86.300 41.346
-86.370 40.782
-86.361 40.766
-86.213 40.606
-86.191 40.577
-86.351 40.757
-84.852 39.837
-84.848 39.798
-84.882 39.807
-86.852 41.743
-86.824 41.756
-85.050 39.895
-85.006 39.963
-84.902 39.852
-86.204 41.225
-86.320 41.307
-86.248 41.239
-86.407 41.223
-86.356 40.757
-86.364 40.756
-86.368 40.759
-86.375 40.756
-86.346 40.758
-86.341 40.752
-84.863 39.853
-84.871 39.837
-86.860 41.700
-86.858 41.710
-86.884 41.728
-84.893 39.860
-84.837 39.877
-86.331 41.427
-86.363 41.304
-86.423 41.304
-86.423 41.217
-86.412 40.866
-86.327 40.779
-86.349 40.769
-86.393 40.733
-84.901 39.807
-84.924 39.800
-86.899 41.716
-86.882 41.717
-86.899 41.703
-84.993 39.749
-84.952 39.814
-84.945 39.824
-84.935 39.830
-84.938 39.844
-86.265 38.446
-85.488 39.592
-85.446 39.602
-85.468 39.669
-85.461 39.496
-85.456 39.615
-85.426 39.587
-85.573 39.496
-85.575 39.575
-85.576 39.655
-85.578 39.743
-85.465 39.743
-85.656 40.054
-85.672 40.070
-85.660 40.073
-85.660 40.089
-86.856 39.521
-86.844 39.492
-86.863 39.650
-86.866 39.640
-86.708 39.726
-86.744 39.753
-85.618 40.110
-85.617 40.163
-85.145 40.611
-85.162 40.880
-85.172 40.877
-85.846 40.267
-85.816 40.144
-85.739 40.157
-85.340 41.470
-85.484 41.395
-86.818 39.434
-86.898 39.437
-86.693 39.369
-86.998 39.299
-86.723 39.286
-85.571 39.737
-85.351 39.568
-85.356 39.659
-85.439 39.622
-85.446 39.645
-86.846 39.635
-86.870 39.631
-85.168 40.728
-85.175 40.738
-85.178 40.752
-85.177 40.725
-85.821 40.214
-85.757 40.239
-85.478 41.325
-85.586 41.458
-85.594 41.324
-85.596 41.482
-86.758 39.288
-86.669 39.438
-86.650 39.378
-85.451 39.623
-85.355 39.744
-85.351 39.489
-86.823 39.619
-86.846 39.843
-85.914 39.567
-85.278 40.698
-85.838 40.271
-85.782 40.275
-85.837 40.285
-85.825 40.270
-85.656 40.104
-85.366 41.308
-85.594 41.473
-85.441 39.615
-85.452 39.612
-86.846 39.799
-86.831 39.671
-86.740 39.821
-86.720 39.571
-86.883 39.643
-86.957 39.648
-86.739 39.661
-85.931 39.632
-85.775 39.508
-85.279 40.786
-85.644 40.092
-85.624 40.017
-85.685 40.072
-85.231 41.446
-85.423 41.396
-85.358 41.514
-86.708 38.053
-86.487 38.091
-86.719 37.981
-86.745 39.618
-85.761 39.505
-85.771 39.518
-85.729 39.529
-85.800 39.467
-85.279 40.874
-85.703 40.074
-85.686 40.080
-85.682 40.097
-85.690 40.093
-85.694 40.102
-85.599 41.459
-87.221 40.432
-87.465 40.346
-86.759 37.937
-86.738 37.915
-86.822 39.752
-86.859 39.725
-85.771 39.537
-85.766 39.524
-85.653 40.149
-85.702 40.090
-85.678 40.079
-85.676 40.094
-85.675 40.087
-85.670 40.087
-85.640 40.102
-87.477 40.196
-87.332 40.346
-86.736 37.906
-86.726 38.147
-86.716 38.211
-86.564 38.052
-86.606 38.103
-86.565 38.185
-86.955 39.823
-86.843 39.651
-85.745 39.520
-85.758 39.531
-85.824 40.335
-85.729 40.343
-85.670 40.251
-85.622 40.263
-85.645 40.128
-85.643 40.139
-85.646 40.117
-87.135 40.432
-86.765 37.947
-86.769 37.952
-86.742 37.952
-87.083 38.953
-87.007 39.041
-87.185 38.951
-86.855 39.652
-86.820 39.644
-86.856 39.641
-86.849 39.566
-86.960 39.578
-86.749 39.706
-86.958 39.513
-85.668 39.576
-85.839 39.574
-85.857 39.595
-85.686 39.394
-85.667 40.110
-85.680 40.108
-85.678 40.126
-85.658 40.147
-85.682 40.161
-85.680 40.142
-87.470 40.154
-87.386 40.254
-87.321 40.433
-86.770 37.967
-86.754 37.957
-87.147 39.033
-87.185 39.105
-86.757 38.949
-86.883 39.056
-86.764 39.062
-86.765 39.104
-85.686 39.482
-85.649 39.482
-85.900 39.394
-85.665 40.124
-85.684 40.011
-85.652 40.199
-85.677 40.249
-85.624 40.126
-87.452 40.433
-87.468 40.253
-87.192 40.357
-87.319 40.268
-87.336 40.291
-86.760 37.961
-86.756 37.950
-86.593 37.950
-86.701 37.934
-86.948 39.012
-86.878 39.014
-87.008 39.142
-86.968 39.127
-86.750 39.141
-87.010 38.925
-87.010 38.980
-86.948 39.056
-85.894 39.481
-85.795 39.393
-85.787 39.544
-85.714 40.000
-85.710 40.101
-85.723 40.098
-85.647 40.111
-85.597 40.129
-85.601 40.113
-85.625 40.343
-86.270 38.701
-86.251 38.603
-86.172 38.446
-86.146 38.634
-86.147 38.577
-86.801 37.996
-87.091 39.038
-85.813 39.527
-85.786 39.514
-85.796 39.507
-85.789 39.525
-85.789 39.518
-85.180 40.689
-85.732 40.109
-85.738 39.999
-85.670 40.270
-85.679 40.273
-85.684 40.264
-85.624 39.967
-85.648 40.041
-87.000 38.408
-86.933 38.356
-86.926 38.417
-86.948 38.416
-86.966 38.396
-86.929 38.298
-86.909 38.373
-86.809 38.316
-86.851 38.243
-86.737 38.395
-86.727 38.299
-87.038 38.246
-87.033 38.245
-87.009 38.472
-87.035 38.379
-87.014 38.305
-86.872 38.310
-86.970 38.290
-86.950 38.289
-86.957 38.230
-86.864 38.219
-85.274 41.372
-86.394 40.953
-86.412 41.128
-86.295 41.084
-86.260 41.024
-86.270 41.141
-86.049 40.291
-86.047 40.279
-86.178 38.514
-86.102 38.599
-86.185 38.713
-86.072 38.724
-85.822 39.999
-85.808 40.054
-85.741 40.031
-87.082 39.125
-87.166 39.030
-85.787 39.505
-85.783 39.525
-85.779 39.518
-85.196 40.789
-85.278 40.611
-85.728 40.061
-85.726 40.039
-85.697 40.059
-85.695 40.106
-85.706 40.106
-85.712 40.094
-85.733 40.086
-86.937 38.380
-86.861 38.233
-86.843 38.384
-86.831 38.429
-86.915 38.386
-86.906 38.470
-86.985 38.391
-86.966 38.310
-86.948 38.303
-86.942 38.400
-86.926 38.395
-86.945 38.430
-86.930 38.415
-86.829 38.483
-86.738 38.482
-86.696 38.315
-86.956 38.376
-85.217 41.374
-85.251 41.308
-85.596 41.395
-85.481 41.482
-86.244 40.953
-86.130 41.130
-86.034 40.290
-86.034 40.278
-86.049 40.307
-86.002 40.250
-86.084 40.246
-86.110 38.614
-86.091 38.612
-85.756 40.012
-85.732 39.967
-85.729 40.199
-87.178 39.038
-87.166 39.040
-87.190 39.017
-87.185 39.064
-85.752 39.591
-85.929 39.669
-85.884 39.678
-85.196 40.873
-85.105 40.702
-85.194 40.730
-85.684 40.058
-85.712 40.286
-85.809 40.089
-85.687 40.114
-85.684 40.090
-85.483 41.281
-85.261 41.432
-85.277 41.441
-86.403 41.041
-86.041 41.020
-86.071 41.064
-86.172 41.061
-86.180 41.055
-86.156 40.263
-86.213 40.263
-86.081 38.597
-86.054 38.637
-86.058 38.577
-85.725 40.127
-85.695 40.131
-87.147 39.040
-87.184 39.148
-87.200 39.166
-85.874 39.633
-85.681 39.647
-85.686 39.678
-85.782 39.559
-85.801 39.496
-85.733 39.469
-85.391 40.611
-85.115 40.788
-85.702 40.239
-85.589 40.112
-85.850 40.283
-85.685 40.040
-85.835 40.265
-85.829 40.280
-85.852 40.275
-85.263 41.443
-85.249 41.464
-85.281 41.451
-86.208 41.070
-86.212 41.056
-86.222 41.058
-86.025 41.039
-86.202 41.059
-86.109 40.370
-86.043 40.369
-86.058 38.445
-85.947 38.603
-85.945 38.528
-85.954 38.702
-86.271 38.517
-85.701 40.123
-85.727 40.117
-85.690 40.123
-85.699 40.112
-87.205 39.159
-86.752 39.022
-86.895 38.949
-86.887 39.118
-87.194 39.159
-85.787 39.662
-85.772 39.496
-85.738 39.673
-85.810 39.586
-85.605 40.062
-85.157 40.772
-85.160 40.756
-85.818 39.953
-85.853 39.970
-85.604 40.199
-85.843 40.292
-85.836 40.293
-85.251 41.504
-85.250 41.415
-86.980 39.211
-86.888 39.290
-86.888 39.363
-86.778 39.369
-85.916 40.310
-85.912 40.252
-86.185 40.357
-85.928 40.370
-86.080 38.513
-86.027 38.522
-85.659 40.099
-85.669 40.095
-85.673 40.101
-85.663 40.080
-85.644 40.075
-85.660 40.066
-86.956 39.735
-86.739 39.501
-85.594 40.091
-85.624 40.093
-85.119 40.874
-85.158 40.732
-85.751 39.990
-85.739 40.102
-85.734 40.106
-85.838 40.250
-85.248 41.441
-85.363 41.395
-85.398 41.473
-85.257 41.443
-86.807 39.316
-86.757 39.319
-86.764 39.211
-86.708 39.208
-86.851 39.211
-86.807 39.277
-86.743 39.435
-85.072 41.127
-85.072 41.138
-85.121 41.100
-85.157 41.110
-85.124 41.124
-85.271 41.067
-85.252 41.068
-85.290 41.067
-85.157 41.064
-85.161 41.050
-85.155 41.075
-85.056 41.217
-85.049 41.190
-85.138 40.956
-84.825 41.228
-87.621 38.001
-87.568 37.972
-87.455 37.973
-87.467 37.973
-87.498 37.976
-87.519 37.974
-87.517 37.968
-87.596 37.991
-87.454 37.964
-87.525 37.967
-87.516 37.959
-87.534 37.950
-85.038 39.335
-85.123 39.354
-85.756 38.367
-85.744 38.401
-85.730 38.346
-85.694 38.390
-85.729 38.278
-85.732 38.286
-85.653 38.396
-85.652 38.413
-85.658 38.393
-85.126 41.104
-85.112 41.094
-85.112 41.101
-85.130 41.129
-85.181 41.107
-85.278 41.066
-85.273 41.053
-85.278 41.048
-85.175 41.048
-85.124 41.041
-85.125 41.050
-85.220 41.235
-85.266 41.214
-84.968 41.210
-84.895 41.233
-84.932 41.204
-85.049 41.147
-85.008 41.135
-85.006 41.133
-87.579 37.981
-87.567 37.984
-87.555 37.985
-87.515 37.982
-87.519 37.991
-87.493 37.994
-87.486 37.983
-87.525 37.952
-87.560 37.988
-87.582 37.989
-87.583 37.996
-87.552 37.966
-85.131 39.433
-85.008 39.423
-85.203 39.346
-84.873 39.501
-85.199 39.414
-85.683 38.324
-85.713 38.397
-85.689 38.343
-85.711 38.369
-85.668 38.371
-85.106 41.101
-85.101 41.097
-85.093 41.112
-85.132 41.154
-85.124 41.153
-85.140 41.134
-85.263 41.048
-85.263 41.042
-85.118 41.050
-85.118 41.057
-85.117 41.041
-85.128 41.009
-85.177 41.210
-85.163 41.232
-85.200 41.195
-85.012 41.149
-85.011 41.107
-85.046 41.172
-87.545 37.983
-87.542 37.975
-87.502 37.931
-87.543 37.972
-87.538 37.967
-87.564 37.996
-87.567 38.005
-87.582 38.009
-87.554 37.961
-85.678 38.325
-85.713 38.449
-85.672 38.461
-85.028 41.094
-85.112 41.086
-85.106 41.126
-85.104 41.131
-85.139 41.157
-85.200 41.119
-85.172 41.160
-85.250 41.052
-85.119 41.031
-85.082 41.065
-85.087 41.076
-84.844 41.053
-84.941 41.050
-85.305 40.983
-85.077 41.170
-85.087 41.176
-85.075 41.162
-87.541 37.951
-87.537 37.942
-87.527 37.942
-87.512 37.943
-87.579 38.016
-87.571 38.015
-87.566 38.021
-87.481 40.520
-87.453 40.607
-87.382 40.693
-87.348 40.594
-87.378 40.520
-87.343 40.636
-87.258 40.628
-87.265 40.541
-87.152 40.519
-87.265 40.497
-87.264 40.584
-87.154 40.693
-85.690 38.507
-85.627 38.465
-85.666 38.459
-85.664 38.467
-85.652 38.352
-85.093 41.094
-85.084 41.094
-85.067 41.097
-85.104 41.115
-85.090 41.130
-85.156 41.165
-85.155 41.152
-85.236 41.052
-85.268 41.057
-85.104 41.058
-85.111 41.053
-85.095 41.051
-85.280 40.939
-85.282 41.156
-85.282 41.111
-85.014 41.229
-85.204 41.157
-85.211 41.104
-87.502 37.944
-87.494 37.951
-87.489 37.952
-87.461 37.951
-87.472 37.959
-87.554 38.018
-87.554 37.971
-87.553 37.975
-87.644 38.013
-85.636 38.553
-85.746 38.272
-85.058 41.094
-85.047 41.095
-85.071 41.092
-85.078 41.084
-85.084 41.153
-85.066 41.154
-85.148 41.172
-85.196 41.143
-85.146 41.095
-85.140 41.100
-85.277 41.037
-85.269 41.035
-85.105 41.039
-85.109 41.044
-85.107 41.028
-85.023 41.213
-84.940 40.963
-85.081 40.947
-85.140 41.008
-85.214 41.022
-87.459 37.958
-87.560 37.940
-87.570 37.964
-87.563 37.959
-87.619 38.023
-87.593 38.014
-85.458 38.555
-85.550 38.567
-85.713 38.301
-85.041 41.104
-85.037 41.097
-85.042 41.089
-85.081 41.146
-85.068 41.146
-85.060 41.147
-85.157 41.182
-85.168 41.098
-85.150 41.091
-85.164 41.090
-85.274 41.023
-85.289 41.027
-85.255 41.037
-85.095 41.037
-85.087 41.029
-85.107 41.021
-85.105 41.013
-85.030 40.953
-85.045 40.991
-85.202 41.083
-84.850 41.129
-85.278 40.920
-84.842 40.965
-87.563 37.953
-87.552 37.953
-87.545 37.952
-87.545 37.966
-87.595 38.002
-87.639 37.877
-87.630 37.957
-87.606 37.973
-85.869 40.905
-85.900 40.799
-85.832 40.843
-85.848 40.816
-85.720 40.952
-85.865 40.695
-85.725 38.308
-85.760 38.403
-85.772 38.395
-85.031 41.085
-85.037 41.111
-85.051 41.107
-85.087 41.139
-85.100 41.149
-85.092 41.136
-85.181 41.093
-85.159 41.094
-85.294 41.034
-85.295 41.020
-85.155 41.056
-85.149 41.060
-85.142 41.057
-85.094 41.020
-85.081 41.021
-85.098 41.057
-85.067 41.043
-84.845 41.141
-84.919 41.119
-84.960 41.147
-84.867 40.973
-85.092 41.060
-85.017 41.041
-85.058 41.048
-85.003 41.121
-85.153 41.159
-87.522 38.094
-87.539 38.101
-87.537 38.067
-87.594 37.979
-87.647 38.126
-87.620 38.045
-87.652 38.044
-85.825 40.781
-85.790 40.768
-85.818 40.819
-85.693 40.784
-85.715 40.849
-85.702 40.706
-85.744 40.674
-85.724 41.017
-85.784 41.009
-85.727 40.894
-85.777 40.996
-85.780 38.306
-85.781 38.318
-85.776 38.321
-85.737 38.310
-86.240 39.008
-85.057 41.108
-85.064 41.107
-85.075 41.109
-85.087 41.123
-85.107 41.182
-85.122 41.183
-85.133 41.186
-85.133 41.089
-85.172 41.185
-85.186 41.185
-85.143 41.047
-85.152 41.052
-85.146 41.080
-85.140 41.067
-85.097 41.010
-85.122 41.012
-85.124 41.022
-85.026 41.077
-85.000 41.078
-85.000 41.081
-85.023 41.102
-85.006 41.070
-85.140 41.165
-85.204 41.132
-87.516 38.065
-87.490 38.064
-87.495 38.131
-87.594 38.031
-87.581 38.032
-87.575 38.026
-85.761 41.007
-85.857 40.796
-85.808 40.812
-85.823 40.805
-85.821 40.797
-85.830 40.788
-85.765 41.013
-85.873 40.996
-85.856 40.980
-85.758 38.302
-85.767 38.300
-85.765 38.295
-85.784 38.329
-86.123 39.009
-86.206 38.911
-86.106 38.809
-85.073 41.102
-85.092 41.101
-85.085 41.109
-85.125 41.195
-85.128 41.171
-85.213 41.069
-85.200 41.060
-85.218 41.071
-85.148 41.068
-85.142 41.042
-85.153 41.043
-85.141 41.036
-85.107 41.066
-85.120 41.066
-85.095 41.067
-85.006 41.055
-84.991 41.069
-84.999 41.064
-85.018 41.065
-85.179 41.183
-85.312 41.039
-87.492 38.039
-87.513 38.004
-87.514 38.022
-87.484 37.965
-87.485 37.959
-87.502 37.966
-85.772 38.327
-85.745 38.297
-85.730 38.292
-85.726 38.299
-86.054 38.883
-86.094 38.910
-85.999 38.982
-86.042 38.879
-86.049 38.876
-86.056 38.875
-86.005 38.868
-85.923 38.936
-85.028 41.131
-85.066 41.117
-85.054 41.117
-85.035 41.118
-85.106 41.166
-85.121 41.094
-85.220 41.050
-85.194 41.041
-85.140 41.025
-85.131 41.028
-85.150 41.035
-85.070 41.056
-85.086 41.039
-85.136 41.052
-85.132 41.046
-85.132 41.037
-85.016 41.050
-85.024 41.058
-85.040 41.064
-85.038 41.057
-85.256 41.084
-85.167 41.246
-87.464 38.004
-87.485 38.015
-87.522 38.037
-87.529 38.027
-87.502 37.959
-87.498 38.003
-87.533 37.981
-87.532 37.959
-87.523 37.959
-85.721 38.327
-85.735 38.336
-85.751 38.395
-85.785 38.570
-85.904 38.870
-85.908 38.926
-85.898 38.937
-85.033 41.125
-85.039 41.128
-85.114 41.131
-85.109 41.144
-85.175 41.034
-85.179 41.024
-85.130 41.055
-85.131 41.059
-85.139 41.074
-85.132 41.067
-85.310 41.056
-85.325 41.066
-85.034 41.062
-85.069 41.072
-85.049 41.062
-84.980 41.060
-85.251 40.980
-85.141 41.193
-87.651 37.965
-87.666 37.936
-87.679 37.958
-87.543 37.999
-87.534 37.995
-87.550 37.999
-87.555 38.004
-87.532 37.973
-87.530 37.965
-87.515 37.952
-87.504 37.951
-87.509 37.999
-85.171 38.864
-85.121 38.856
-85.048 38.774
-85.045 38.816
-85.656 38.334
-85.696 38.300
-85.704 38.298
-85.710 38.291
-85.879 38.973
-85.906 38.964
-85.892 38.960
-85.914 38.953
-85.881 39.006
-85.044 41.130
-85.055 41.124
-85.055 41.131
-85.128 41.085
-85.123 41.090
-85.129 41.095
-85.190 41.010
-85.159 41.009
-85.163 41.017
-85.137 41.082
-85.125 41.076
-85.320 41.017
-85.308 41.082
-85.280 41.041
-85.058 41.055
-85.044 41.036
-85.040 41.051
-85.032 41.163
-87.684 37.972
-87.683 37.994
-87.651 37.977
-87.556 38.041
-87.569 38.044
-87.558 38.032
-87.468 37.966
-87.480 37.973
-87.502 38.088
-85.270 39.482
-85.226 39.310
-85.260 39.408
-84.938 38.812
-84.978 38.872
-84.873 38.867
-84.834 38.827
-85.150 38.775
-85.086 38.746
-85.157 38.723
-85.949 38.470
-85.939 38.461
-85.916 38.419
-85.840 38.444
-85.766 38.368
-85.711 38.319
-85.701 38.321
-85.694 38.315
-85.900 38.958
-85.886 38.966
-85.857 38.957
-85.831 38.938
-85.054 41.140
-85.076 41.116
-85.141 41.184
-85.187 41.137
-85.132 41.113
-85.172 41.009
-85.160 41.022
-85.156 41.029
-85.106 41.077
-85.120 41.081
-85.258 41.019
-85.047 41.079
-85.150 41.215
-85.108 41.248
-85.126 41.207
-85.106 41.192
-87.623 37.975
-87.616 37.962
-87.587 38.058
-87.617 38.075
-87.672 38.066
-85.079 39.498
-84.979 39.502
-84.966 39.335
-85.061 38.874
-85.779 38.294
-85.757 38.284
-85.762 38.279
-85.671 38.432
-85.523 38.494
-85.672 38.446
-85.738 38.274
-85.711 38.287
-85.871 38.965
-85.885 38.953
-85.877 38.945
-85.826 39.019
-85.969 38.792
-86.212 38.819
-85.840 38.795
-85.850 38.783
-85.829 38.863
-85.030 41.143
-85.040 41.142
-85.140 41.125
-85.128 41.137
-85.129 41.144
-85.189 40.988
-85.266 41.071
-85.264 41.078
-85.153 41.085
-85.168 41.079
-85.170 41.086
-85.013 41.089
-85.047 41.051
-85.050 41.011
-85.156 41.190
-85.085 41.190
-85.175 41.195
-87.630 37.966
-87.607 37.992
-87.569 38.066
-87.552 38.050
-87.591 37.999
-87.677 38.027
-84.893 39.330
-84.872 39.436
-84.861 39.361
-84.978 39.390
-85.269 39.333
-85.248 39.302
-85.204 39.339
-85.766 38.313
-85.778 38.313
-85.749 38.383
-85.779 38.399
-85.716 38.296
-85.743 38.322
-85.690 38.303
-85.020 41.145
-85.018 41.129
-85.010 41.126
-85.122 41.140
-85.156 41.140
-85.169 41.125
-85.256 41.079
-85.242 41.077
-85.234 41.070
-85.183 41.064
-85.171 41.062
-85.185 41.086
-85.048 41.028
-85.034 41.042
-85.021 41.252
-84.992 41.205
-85.070 41.188
-85.091 41.218
-85.117 41.215
-85.198 40.953
-85.153 40.996
-87.610 37.986
-87.615 37.980
-87.629 37.983
-87.620 37.989
-87.556 38.067
-87.578 38.094
-87.563 38.138
-87.502 38.020
-87.642 37.997
-87.659 37.995
-87.607 37.957
-87.268 40.693
-87.153 40.606
-87.483 40.693
-85.190 39.486
-85.025 39.455
-84.963 39.447
-85.060 39.412
-85.760 38.336
-85.747 38.285
-85.813 38.523
-85.722 38.562
-85.685 38.306
-85.659 38.447
-85.769 38.476
-85.694 38.434
-85.958 39.359
-85.992 39.393
-85.968 39.352
-85.957 39.352
-86.001 39.572
-86.104 39.628
-86.079 39.543
-86.146 39.617
-86.227 39.623
-85.800 41.627
-86.007 41.440
-86.019 41.447
-86.032 41.481
-85.709 41.682
-85.708 41.668
-85.716 41.651
-86.033 41.569
-86.016 41.534
-85.922 41.707
-84.964 39.191
-84.912 39.080
-84.971 39.072
-84.970 39.129
-85.032 39.007
-85.500 40.885
-85.491 40.874
-85.484 40.875
-85.511 40.869
-85.994 39.622
-86.111 39.465
-86.060 39.486
-86.084 39.628
-86.150 39.607
-86.182 39.581
-86.153 39.616
-85.876 41.603
-85.825 41.581
-85.944 41.566
-85.999 41.535
-85.896 41.716
-85.924 41.740
-85.989 41.733
-85.914 41.719
-85.042 39.257
-85.393 40.786
-85.605 40.959
-86.052 39.490
-86.073 39.486
-86.045 39.480
-86.115 39.598
-86.087 39.538
-86.136 39.633
-86.161 39.622
-86.098 39.374
-86.194 39.405
-86.110 39.352
-86.227 39.604
-85.803 41.477
-85.860 41.481
-85.796 41.670
-85.851 41.677
-85.857 41.635
-84.986 39.250
-84.895 39.067
-85.497 40.873
-86.067 39.498
-86.055 39.475
-86.097 39.516
-86.110 39.603
-86.192 39.609
-84.908 39.032
-84.920 39.049
-86.070 39.472
-86.064 39.448
-86.114 39.590
-86.071 39.518
-84.898 39.051
-84.859 39.188
-84.876 39.205
-84.867 39.085
-85.764 39.075
-85.636 39.004
-86.057 39.489
-86.061 39.496
-86.048 39.469
-86.110 39.582
-86.089 39.599
-86.195 39.497
-86.196 39.454
-86.096 39.553
-84.890 39.078
-84.860 39.108
-84.850 39.159
-84.831 39.156
-84.844 39.245
-85.659 38.996
-85.645 38.994
-85.642 39.010
-85.620 39.010
-86.048 39.498
-86.082 39.494
-86.198 39.369
-86.158 39.515
-85.390 40.523
-85.390 40.427
-85.266 40.522
-85.208 40.381
-85.269 40.429
-84.823 39.258
-84.866 39.113
-84.863 39.118
-84.835 39.168
-85.599 39.025
-85.620 38.948
-85.492 38.957
-86.153 39.414
-85.994 39.460
-86.027 39.495
-85.996 39.514
-86.022 39.476
-86.068 39.405
-86.183 39.599
-86.166 39.624
-86.164 39.613
-85.378 40.463
-85.373 40.456
-85.287 40.550
-85.503 39.037
-85.740 39.003
-85.686 39.062
-86.135 39.420
-86.083 39.557
-86.109 39.623
-86.107 39.617
-86.207 39.598
-86.183 39.588
-86.146 39.632
-86.154 39.601
-85.380 40.446
-85.362 40.445
-85.426 40.412
-85.685 39.038
-85.704 39.108
-85.641 38.908
-85.747 38.944
-85.603 39.092
-86.121 39.620
-86.097 39.561
-86.098 39.592
-86.182 39.626
-86.173 39.613
-86.220 39.545
-86.169 39.522
-86.128 39.603
-86.064 39.578
-85.622 39.033
-85.742 38.857
-85.493 39.122
-86.096 39.617
-86.102 39.631
-86.119 39.609
-86.187 39.616
-86.207 39.581
-86.164 39.585
-86.005 41.677
-86.031 41.630
-86.038 41.661
-86.026 41.672
-86.033 41.747
-86.014 41.703
-86.038 41.719
-86.044 41.700
-86.040 41.688
-85.713 41.566
-85.887 41.605
-85.566 38.968
-85.636 38.856
-85.525 40.873
-85.518 40.894
-86.130 39.631
-86.079 39.596
-86.104 39.588
-86.191 39.628
-86.165 39.540
-86.033 41.680
-86.012 41.667
-85.712 41.480
-85.929 41.655
-85.908 41.636
-85.899 41.644
-85.881 41.614
-85.895 41.683
-85.921 41.622
-85.965 41.686
-85.972 41.692
-85.979 41.688
-85.096 38.968
-85.090 39.112
-85.068 39.064
-85.052 39.098
-85.087 39.016
-85.042 39.161
-85.059 39.018
-85.617 39.001
-85.623 38.996
-85.629 38.994
-85.504 40.902
-85.479 40.905
-85.509 40.960
-85.475 40.884
-85.483 40.889
-86.129 39.622
-86.089 39.610
-86.102 39.558
-86.174 39.627
-85.994 41.632
-85.899 41.619
-85.986 41.686
-85.996 41.682
-85.952 41.691
-85.953 41.663
-85.945 41.652
-85.977 41.671
-84.964 39.293
-84.944 39.248
-84.902 39.118
-84.885 39.107
-84.872 39.110
-84.918 39.085
-84.968 39.023
-85.485 40.883
-85.494 40.893
-85.507 40.881
-85.425 40.688
-85.391 40.698
-85.394 40.939
-85.394 40.874
-86.095 39.568
-86.096 39.544
-86.123 39.564
-86.118 39.628
-86.168 39.631
-86.147 39.625
-86.152 39.576
-86.063 39.617
-86.136 39.620
-85.940 41.692
-85.927 41.692
-85.994 41.692
-85.914 41.684
-85.954 41.680
-85.954 41.673
-85.980 41.663
-85.966 41.674
-85.993 41.663
-85.953 41.646
-85.945 41.624
-84.900 39.179
-84.900 39.273
-84.900 39.234
-85.376 40.964
-85.394 40.984
-85.444 40.897
-85.506 40.698
-85.483 40.850
-86.089 39.624
-86.108 39.596
-86.113 39.631
-86.112 39.613
-86.183 39.570
-86.156 39.629
-85.968 41.664
-85.976 41.648
-85.978 41.677
-85.994 41.676
-85.906 41.616
-85.974 41.630
-85.930 41.671
-85.904 41.666
-85.822 41.571
-85.807 41.571
-85.832 41.558
-85.812 41.562
-84.840 39.129
-84.865 39.126
-85.602 40.784
-85.549 40.898
-85.547 40.854
-85.605 40.871
-85.602 40.860
-85.974 39.356
-86.132 39.610
-86.098 39.611
-86.233 39.579
-85.845 41.580
-85.834 41.579
-85.830 41.572
-85.859 41.580
-85.835 41.600
-85.798 41.548
-85.877 41.588
-85.815 41.589
-85.859 41.543
-85.798 41.539
-85.847 41.593
-85.872 41.591
-85.817 41.589
-85.863 41.597
-84.845 39.099
-84.853 39.291
-84.847 39.181
-84.830 39.195
-85.601 40.697
-85.507 40.785
-85.496 40.865
-85.496 40.886
-87.139 41.501
-87.215 41.406
-87.057 41.481
-87.078 41.465
-87.072 41.475
-87.064 41.484
-87.209 41.337
-87.152 41.298
-87.021 41.623
-87.074 41.600
-86.310 41.668
-86.317 41.669
-86.290 41.647
-86.315 41.661
-86.292 41.665
-86.237 41.582
-86.277 41.586
-86.243 41.701
-86.192 41.636
-86.196 41.642
-86.193 41.653
-86.189 41.650
-86.228 41.677
-86.215 41.667
-86.185 41.663
-86.191 41.659
-86.190 41.666
-86.202 41.669
-85.573 41.728
-85.406 41.673
-85.600 41.654
-85.221 41.568
-87.397 40.139
-87.361 40.151
-87.154 40.084
-87.148 39.996
-87.256 40.132
-87.143 40.218
-87.151 40.155
-85.364 39.940
-85.376 39.935
-85.371 39.925
-86.572 39.475
-86.492 39.519
-86.854 40.090
-86.838 40.003
-86.751 40.087
-86.752 39.996
-87.300 41.182
-87.334 41.043
-87.459 41.043
-87.486 41.128
-87.419 41.127
-87.493 40.953
-87.210 41.408
-87.142 41.423
-87.141 41.367
-87.044 41.472
-87.053 41.465
-87.191 41.333
-87.123 41.609
-87.063 41.609
-86.289 41.656
-86.265 41.664
-86.279 41.729
-86.235 41.647
-86.225 41.657
-86.231 41.666
-86.210 41.657
-86.206 41.703
-86.210 41.698
-86.221 41.691
-86.231 41.688
-86.212 41.691
-86.224 41.726
-86.238 41.727
-85.411 41.644
-85.406 41.627
-85.483 41.655
-87.128 40.303
-87.251 40.112
-85.366 39.924
-85.361 39.925
-85.235 39.917
-85.380 39.938
-85.380 39.916
-86.318 39.564
-86.414 39.413
-86.428 39.435
-86.433 39.428
-86.752 39.909
-87.008 40.171
-87.036 40.083
-86.938 40.097
-87.335 40.955
-87.344 41.125
-87.285 40.782
-87.126 41.402
-87.160 41.582
-87.166 41.546
-87.048 41.566
-87.095 41.536
-87.059 41.633
-87.033 41.604
-86.283 41.736
-86.258 41.731
-86.251 41.718
-86.226 41.716
-86.192 41.687
-86.198 41.721
-86.150 41.698
-86.169 41.718
-86.172 41.693
-86.107 41.757
-85.282 41.730
-85.278 41.571
-85.378 41.539
-87.268 40.114
-87.248 40.294
-86.411 39.436
-86.428 39.417
-86.418 39.428
-86.411 39.425
-86.296 39.404
-86.380 39.621
-86.865 39.909
-86.866 40.171
-86.755 40.174
-87.190 41.544
-87.158 41.566
-87.176 41.581
-87.155 41.530
-87.087 41.559
-87.099 41.577
-87.099 41.708
-87.062 41.601
-87.097 41.611
-87.137 41.596
-86.237 41.661
-86.246 41.660
-86.248 41.671
-86.240 41.676
-86.132 41.757
-86.083 41.682
-86.076 41.757
-86.134 41.562
-86.200 41.706
-86.242 41.753
-86.210 41.720
-86.176 41.728
-86.301 41.687
-86.208 41.663
-86.200 41.663
-86.221 41.653
-86.211 41.642
-85.349 41.656
-85.253 41.656
-87.236 40.286
-87.254 40.282
-87.249 40.288
-86.391 39.612
-86.354 39.616
-86.371 39.618
-86.370 39.626
-86.381 39.626
-86.412 39.461
-86.303 39.625
-87.210 41.567
-87.134 41.539
-87.193 41.563
-87.148 41.525
-87.053 41.504
-87.051 41.515
-86.239 41.736
-86.227 41.702
-86.242 41.691
-86.183 41.657
-86.174 41.660
-86.155 41.657
-86.177 41.666
-86.171 41.665
-86.122 41.649
-86.131 41.647
-86.115 41.666
-86.164 41.677
-86.184 41.688
-86.202 41.684
-86.202 41.691
-86.258 41.693
-85.362 41.580
-87.382 40.138
-87.139 41.586
-87.205 41.584
-87.181 41.571
-87.007 41.560
-87.042 41.506
-86.229 41.642
-86.220 41.640
-86.222 41.633
-86.232 41.633
-86.202 41.653
-86.201 41.675
-86.210 41.676
-86.194 41.672
-86.186 41.670
-86.188 41.676
-86.149 41.678
-86.141 41.651
-86.152 41.646
-87.175 41.563
-87.158 41.618
-87.165 41.595
-87.215 41.558
-87.162 41.590
-87.032 41.511
-87.071 41.496
-87.073 41.455
-86.187 41.701
-86.208 41.711
-86.171 41.706
-86.169 41.671
-86.169 41.742
-86.163 41.651
-86.165 41.632
-86.171 41.649
-86.164 41.666
-86.157 41.666
-86.140 41.656
-86.176 41.676
-86.149 41.663
-86.127 41.664
-86.112 41.649
-85.504 40.054
-87.209 41.545
-87.141 41.556
-87.182 41.554
-87.080 41.445
-87.035 41.500
-87.077 41.488
-86.143 41.746
-86.147 41.731
-86.169 41.734
-86.188 41.731
-86.188 41.746
-86.106 41.748
-86.121 41.697
-86.220 41.754
-86.190 41.756
-86.208 41.745
-86.204 41.733
-85.532 40.014
-85.504 39.827
-85.563 39.797
-85.556 39.839
-85.558 40.050
-85.455 39.812
-85.439 40.025
-86.616 39.557
-87.207 41.556
-87.127 41.543
-87.135 41.530
-87.041 41.479
-87.040 41.490
-87.050 41.497
-86.169 41.750
-86.126 41.677
-86.073 41.733
-86.079 41.703
-86.096 41.726
-86.211 41.728
-86.224 41.737
-86.159 41.757
-86.187 41.715
-86.276 41.679
-86.284 41.683
-86.171 41.684
-86.102 41.683
-85.437 39.850
-85.358 40.055
-85.359 40.016
-85.351 39.980
-86.638 39.484
-86.603 39.398
-86.548 39.357
-86.441 39.574
-87.082 41.634
-87.052 41.621
-87.115 41.638
-87.148 41.576
-87.182 41.593
-87.214 41.584
-87.064 41.499
-87.092 41.446
-86.132 41.722
-86.079 41.665
-86.167 41.695
-86.254 41.683
-86.246 41.614
-86.076 41.690
-86.236 41.516
-85.256 39.989
-85.261 40.048
-85.365 39.830
-86.443 39.610
-86.423 39.520
-86.504 39.423
-86.488 39.474
-86.362 39.533
-86.432 39.421
-86.437 39.372
-87.080 41.612
-87.048 41.605
-87.140 41.546
-87.134 41.546
-87.173 41.571
-87.199 41.609
-87.191 41.583
-87.032 41.475
-87.106 41.476
-86.074 41.672
-86.089 41.618
-86.104 41.668
-86.371 41.656
-86.392 41.638
-86.459 41.644
-86.479 41.466
-85.270 39.831
-85.510 39.954
-86.434 39.409
-86.400 39.592
-87.074 41.609
-87.055 41.598
-87.036 41.656
-86.970 41.489
-87.143 41.516
-87.196 41.622
-87.042 41.311
-87.057 41.301
-86.977 41.289
-86.986 41.662
-86.983 41.385
-87.214 41.572
-87.103 41.500
-87.038 41.460
-86.100 41.658
-86.487 41.480
-86.491 41.464
-86.392 41.592
-86.306 41.527
-86.282 41.624
-86.315 41.594
-86.246 41.600
-85.504 39.890
-85.554 40.068
-86.375 39.584
-86.360 39.573
-86.367 39.603
-86.962 39.988
-86.922 40.043
-86.905 40.062
-87.157 41.465
-87.198 41.410
-87.195 41.571
-87.192 41.531
-86.957 41.640
-87.051 41.446
-87.055 41.489
-86.161 41.645
-86.491 41.702
-86.472 41.723
-86.240 41.626
-86.239 41.616
-86.270 41.617
-86.271 41.644
-86.264 41.620
-86.306 41.675
-86.296 41.677
-86.278 41.671
-86.258 41.654
-86.267 41.674
-86.243 41.653
-85.298 39.916
-85.346 39.916
-85.406 39.886
-85.356 39.906
-85.350 39.921
-86.389 39.486
-86.301 39.496
-86.307 39.454
-86.380 39.414
-86.913 40.028
-86.896 40.024
-86.875 40.045
-87.188 41.624
-87.010 41.497
-87.047 41.409
-87.044 41.531
-87.062 41.507
-87.032 41.487
-87.070 41.482
-86.428 41.532
-86.426 41.543
-86.378 41.506
-86.322 41.734
-86.220 41.626
-86.206 41.621
-86.195 41.606
-86.244 41.649
-86.259 41.672
-86.381 41.744
-86.356 41.729
-86.385 41.709
-86.287 41.753
-86.275 41.716
-86.285 41.691
-86.289 41.688
-86.287 41.702
-85.356 39.914
-85.419 39.914
-85.389 39.896
-85.376 39.905
-86.346 39.602
-86.302 39.560
-86.325 39.613
-86.300 39.603
-86.317 39.366
-86.889 40.053
-86.885 40.029
-86.872 40.035
-86.896 40.038
-86.976 41.448
-87.180 41.494
-86.963 41.581
-86.958 41.541
-87.123 41.333
-87.052 41.471
-86.322 41.748
-86.330 41.656
-86.317 41.712
-86.145 41.614
-86.252 41.715
-86.247 41.638
-86.262 41.689
-86.264 41.700
-86.281 41.697
-86.265 41.687
-86.271 41.704
-86.280 41.705
-86.251 41.692
-86.256 41.703
-86.264 41.749
-87.264 40.222
-87.214 40.287
-87.376 39.990
-87.356 40.060
-85.373 39.912
-85.379 39.925
-85.365 39.902
-85.391 39.916
-86.267 39.608
-86.275 39.539
-86.512 39.581
-86.905 40.039
-87.005 39.911
-87.042 39.999
-86.942 40.030
-87.457 40.867
-87.417 40.801
-87.141 41.458
-87.181 41.450
-87.111 41.450
-87.083 41.511
-87.047 41.482
-87.210 41.289
-87.062 41.473
-87.092 41.597
-86.339 41.703
-86.323 41.689
-86.330 41.671
-86.316 41.678
-86.240 41.636
-86.378 41.679
-86.250 41.746
-86.264 41.731
-86.122 41.507
-86.176 41.655
-86.176 41.649
-86.183 41.649
-86.230 41.619
-86.220 41.616
-86.230 41.608
-85.427 41.730
-85.598 41.568
-85.482 41.569
-87.257 40.006
-87.393 40.140
-87.392 40.145
-85.353 39.936
-85.412 39.946
-86.536 39.536
-86.557 39.411
-86.959 40.060
-86.896 39.978
-87.416 40.755
-87.427 40.959
-87.325 40.844
-87.325 40.889
-87.342 40.778
-87.490 40.776
-87.292 41.139
-85.823 41.227
-85.799 41.218
-85.916 38.312
-85.866 38.261
-85.841 38.273
-85.812 38.324
-85.812 38.329
-85.815 41.221
-85.828 41.195
-85.819 41.210
-85.824 41.249
-85.849 38.297
-85.834 38.290
-85.839 38.306
-85.786 38.367
-85.789 41.246
-85.788 41.282
-85.742 41.148
-85.682 41.289
-85.676 41.228
-85.811 38.348
-85.809 38.347
-85.804 38.329
-85.828 38.337
-85.795 38.376
-85.716 41.188
-85.676 41.337
-85.680 41.327
-85.677 41.369
-85.916 41.388
-85.733 41.428
-85.826 38.319
-85.834 38.317
-87.250 39.730
-87.166 39.741
-85.835 41.139
-86.018 41.385
-85.844 38.314
-85.840 38.324
-85.998 38.389
-85.984 38.372
-85.974 38.309
-85.952 38.294
-87.179 39.825
-87.068 39.649
-87.067 39.737
-87.279 39.653
-86.029 41.297
-85.944 41.286
-85.947 41.145
-86.023 41.096
-85.742 41.066
-85.914 38.226
-87.336 39.738
-87.354 39.651
-87.334 39.821
-85.854 41.274
-85.814 41.232
-85.785 41.198
-85.968 41.408
-85.736 41.377
-85.661 41.312
-85.681 41.420
-85.698 41.399
-85.870 41.407
-85.847 38.284
-87.181 39.651
-87.227 39.776
-87.262 39.848
-85.759 41.421
-85.826 41.377
-85.822 41.422
-86.031 41.151
-85.952 41.196
-85.835 41.244
-85.843 41.252
-85.840 41.240
-85.850 41.243
-85.831 41.224
-85.859 41.243
-85.857 41.246
-85.861 38.315
-85.887 38.332
-85.888 38.315
-85.907 38.369
-85.944 38.339
-87.066 39.824
-87.336 39.917
-85.886 41.255
-85.891 38.344
-85.979 38.298
-85.944 38.381
-85.825 38.371
-85.859 38.346
-85.775 38.354
-87.208 39.923
-87.133 39.904
-87.258 39.779
-85.953 41.240
-86.025 41.211
-85.989 41.433
-85.738 41.417
-85.796 38.322
-85.792 38.349
-85.803 38.310
-85.731 41.329
-85.733 41.233
-85.740 41.102
-85.819 38.290
-85.825 38.300
-85.946 41.079
-85.852 41.058
-85.852 41.087
-85.832 38.297
-85.797 38.292
-85.808 38.288
-85.891 41.139
-85.841 41.281
-85.790 41.323
-85.848 41.323
-85.852 41.257
-85.804 38.380
-85.805 38.351
-86.000 38.351
-85.881 38.381
-85.741 41.288
-85.850 41.217
-85.874 41.190
-85.874 41.230
-85.894 41.222
-85.847 38.385
-85.815 38.297
-85.812 38.292
-85.805 38.296
-85.797 38.301
-85.874 41.243
-85.866 41.243
-85.805 38.304
-85.809 38.301
-85.817 38.307
-85.848 41.233
-85.860 41.234
-85.938 41.328
-85.909 38.281
-85.946 38.277
-85.816 38.313
-85.811 38.317
-85.794 38.310
-87.445 38.160
-87.396 38.172
-87.400 38.045
-87.291 38.214
-87.184 38.204
-87.076 38.169
-87.179 38.663
-87.164 38.652
-87.173 38.651
-87.173 38.666
-87.371 38.025
-87.381 38.002
-87.074 38.772
-87.105 38.878
-86.973 38.672
-86.971 38.773
-87.399 37.949
-87.395 37.945
-87.392 37.958
-87.406 37.947
-86.958 38.831
-86.989 38.843
-86.962 38.875
-87.160 38.666
-87.157 38.660
-87.170 38.662
-87.398 37.959
-87.369 37.996
-87.373 37.962
-87.381 38.037
-87.445 37.961
-87.431 37.981
-87.437 37.961
-87.402 37.988
-87.388 37.964
-87.384 37.958
-87.392 38.015
-87.422 38.005
-87.398 37.998
-87.398 37.977
-87.388 37.972
-87.392 37.987
-87.121 38.085
-87.264 38.045
-87.268 38.051
-87.234 38.061
-87.285 37.994
-87.327 38.057
-87.356 38.044
-87.364 38.043
-87.401 37.965
-87.425 37.959
-87.383 37.943
-87.279 38.037
-87.414 37.949
-87.410 37.974
-87.281 38.047
-87.301 37.930
-87.329 38.020
-87.226 38.003
-87.359 37.946
-87.350 37.974
-87.271 38.040
-87.412 37.956
-87.437 37.946
-87.148 38.658
-87.128 38.694
-87.274 38.058
-87.283 38.053
-87.292 38.093
-87.253 38.037
-87.295 38.159
-87.064 38.852
-87.184 38.780
-86.979 38.559
-87.079 38.565
-87.218 38.696
-87.210 38.630
-87.128 38.633
-87.181 38.572
-87.057 38.668
-87.185 38.148
-87.187 38.075
-87.416 38.093
-87.180 38.650
-87.199 38.658
-87.187 38.665
-86.212 39.795
-86.238 39.813
-86.238 39.785
-86.218 39.784
-86.238 39.807
-86.263 39.813
-86.244 39.794
-86.194 39.865
-86.196 39.874
-86.170 39.875
-86.160 39.885
-86.130 39.890
-86.074 39.822
-86.263 39.820
-86.262 39.828
-86.271 39.827
-86.133 39.675
-86.144 39.679
-86.090 39.687
-86.116 39.698
-86.167 39.673
-86.003 39.830
-85.983 39.653
-86.068 39.685
-86.222 39.650
-86.126 39.735
-86.149 39.799
-86.142 39.821
-86.135 39.808
-86.138 39.815
-86.145 39.814
-86.004 39.855
-86.030 39.909
-86.136 39.844
-86.136 39.852
-86.178 39.902
-86.179 39.892
-86.170 39.892
-86.136 39.902
-86.140 39.919
-86.169 39.919
-86.182 39.923
-86.252 39.820
-86.250 39.813
-86.205 39.769
-86.208 39.784
-86.210 39.779
-86.225 39.757
-86.231 39.768
-86.261 39.804
-86.263 39.808
-86.298 39.799
-86.129 39.848
-86.143 39.839
-86.148 39.849
-86.130 39.895
-86.149 39.889
-86.143 39.903
-86.199 39.890
-86.208 39.860
-86.211 39.872
-86.209 39.895
-86.107 39.638
-86.014 39.829
-86.022 39.830
-86.062 39.829
-86.078 39.830
-86.068 39.836
-86.073 39.769
-86.096 39.770
-86.125 39.809
-86.095 39.749
-86.110 39.743
-86.145 39.806
-86.111 39.778
-86.108 39.786
-86.119 39.786
-86.111 39.792
-86.023 39.859
-86.032 39.851
-86.017 39.903
-86.160 39.905
-86.146 39.866
-86.164 39.848
-86.152 39.858
-86.158 39.861
-86.240 39.759
-86.308 39.755
-86.322 39.771
-86.319 39.783
-86.143 39.848
-86.144 39.856
-86.138 39.862
-86.148 39.842
-86.148 39.836
-86.159 39.831
-86.152 39.843
-86.155 39.837
-86.165 39.834
-86.073 39.799
-86.070 39.791
-86.080 39.790
-86.038 39.823
-86.064 39.765
-86.107 39.645
-86.116 39.647
-86.149 39.643
-86.149 39.647
-86.165 39.639
-86.062 39.844
-86.085 39.850
-86.056 39.850
-85.981 39.849
-86.095 39.759
-86.128 39.757
-86.143 39.727
-86.166 39.715
-86.170 39.728
-86.116 39.806
-86.106 39.805
-86.089 39.814
-86.091 39.819
-86.091 39.824
-86.101 39.822
-86.110 39.815
-86.027 39.901
-86.042 39.898
-86.177 39.868
-86.173 39.859
-86.151 39.878
-86.281 39.888
-86.257 39.909
-86.286 39.912
-86.233 39.875
-86.035 39.829
-86.037 39.820
-85.994 39.764
-86.093 39.829
-86.091 39.844
-86.077 39.815
-86.071 39.777
-86.056 39.837
-86.052 39.831
-86.054 39.813
-86.078 39.688
-86.092 39.644
-86.059 39.659
-86.049 39.647
-86.073 39.659
-86.310 39.773
-86.265 39.789
-86.266 39.794
-86.295 39.787
-86.157 39.852
-86.155 39.849
-86.159 39.843
-86.126 39.845
-86.111 39.860
-86.115 39.873
-86.066 39.761
-85.960 39.757
-85.960 39.776
-85.967 39.779
-86.191 39.638
-86.088 39.661
-86.103 39.657
-86.017 39.844
-85.946 39.876
-85.948 39.888
-86.164 39.745
-86.200 39.769
-86.193 39.781
-86.201 39.777
-86.118 39.774
-86.125 39.774
-86.109 39.822
-86.124 39.829
-86.118 39.821
-86.126 39.814
-86.104 39.728
-86.029 39.891
-86.022 39.884
-86.002 39.870
-86.076 39.898
-86.079 39.887
-86.143 39.874
-86.157 39.869
-86.194 39.918
-86.068 39.644
-86.124 39.822
-86.129 39.821
-86.130 39.784
-86.136 39.794
-86.152 39.808
-86.153 39.730
-86.145 39.770
-86.132 39.751
-86.215 39.736
-86.213 39.771
-86.224 39.777
-86.175 39.641
-86.175 39.656
-86.134 39.687
-86.117 39.660
-86.126 39.705
-86.095 39.699
-86.087 39.699
-86.087 39.710
-86.298 39.809
-86.313 39.806
-86.281 39.756
-86.127 39.875
-86.126 39.867
-86.125 39.881
-86.175 39.829
-86.185 39.847
-85.980 39.789
-85.997 39.793
-86.029 39.793
-86.108 39.658
-86.147 39.654
-86.154 39.658
-86.165 39.648
-85.964 39.865
-86.007 39.892
-85.946 39.917
-86.134 39.770
-86.134 39.778
-86.090 39.778
-86.106 39.768
-86.115 39.778
-85.982 39.904
-85.951 39.896
-85.968 39.896
-86.104 39.878
-86.087 39.878
-86.058 39.876
-86.059 39.905
-86.052 39.923
-86.209 39.915
-86.213 39.908
-86.189 39.906
-86.197 39.901
-86.073 39.709
-86.074 39.700
-86.258 39.773
-86.297 39.768
-86.290 39.776
-86.281 39.745
-86.222 39.846
-86.218 39.835
-85.980 39.815
-85.983 39.871
-86.293 39.819
-86.296 39.844
-86.294 39.842
-85.982 39.822
-85.970 39.807
-85.964 39.801
-85.990 39.808
-86.001 39.810
-86.072 39.923
-86.080 39.875
-86.101 39.865
-86.095 39.808
-86.109 39.712
-86.113 39.706
-86.121 39.906
-86.146 39.776
-86.156 39.919
-86.150 39.904
-86.061 39.778
-86.058 39.772
-86.052 39.785
-86.001 39.821
-86.012 39.808
-86.018 39.821
-86.119 39.673
-86.131 39.654
-86.135 39.665
-86.165 39.659
-86.174 39.667
-85.961 39.918
-85.988 39.924
-86.011 39.920
-86.088 39.785
-86.089 39.793
-86.201 39.785
-86.159 39.806
-86.160 39.814
-86.132 39.834
-86.155 39.829
-85.979 39.890
-85.964 39.883
-86.033 39.920
-86.045 39.909
-86.063 39.893
-86.189 39.891
-86.176 39.882
-86.197 39.881
-86.205 39.881
-85.995 39.800
-85.972 39.679
-85.979 39.710
-86.094 39.796
-86.109 39.802
-86.089 39.858
-86.103 39.777
-86.096 39.920
-86.109 39.847
-86.161 39.759
-86.161 39.778
-86.161 39.771
-86.184 39.877
-86.195 39.643
-86.248 39.862
-86.254 39.856
-86.237 39.846
-86.259 39.798
-86.262 39.777
-86.280 39.796
-86.283 39.786
-86.277 39.782
-86.255 39.766
-86.277 39.765
-86.259 39.695
-86.267 39.836
-86.305 39.871
-86.297 39.701
-86.315 39.666
-86.018 39.920
-86.060 39.918
-86.037 39.645
-86.160 39.819
-86.153 39.815
-86.143 39.829
-86.151 39.823
-86.148 39.828
-86.143 39.794
-86.148 39.793
-86.143 39.800
-85.944 39.909
-85.949 39.904
-85.963 39.907
-85.966 39.834
-86.066 39.880
-86.079 39.862
-86.075 39.872
-86.057 39.887
-86.042 39.887
-86.217 39.878
-86.222 39.858
-86.234 39.862
-86.196 39.912
-86.181 39.642
-86.204 39.756
-86.192 39.756
-86.200 39.691
-86.169 39.686
-86.150 39.712
-86.277 39.773
-86.277 39.730
-86.247 39.701
-86.253 39.712
-86.277 39.875
-86.270 39.846
-86.254 39.847
-86.233 39.836
-85.961 39.793
-85.963 39.786
-85.962 39.819
-85.976 39.768
-86.044 39.878
-86.062 39.867
-86.140 39.924
-86.122 39.857
-86.128 39.855
-86.223 39.903
-86.235 39.903
-86.230 39.890
-86.248 39.834
-86.312 39.788
-86.319 39.798
-86.317 39.640
-86.220 39.889
-86.198 39.923
-86.179 39.916
-86.134 39.881
-86.107 39.887
-86.092 39.891
-86.090 39.902
-86.099 39.906
-86.111 39.892
-86.216 39.919
-86.235 39.919
-86.255 39.886
-86.256 39.873
-85.997 39.779
-86.023 39.778
-86.030 39.767
-86.042 39.778
-86.078 39.779
-86.078 39.773
-86.076 39.760
-86.088 39.771
-86.086 39.761
-86.073 39.808
-86.014 39.646
-86.030 39.661
-86.054 39.688
-86.045 39.659
-86.157 39.799
-86.149 39.779
-86.179 39.803
-86.166 39.801
-86.166 39.807
-86.145 39.748
-86.144 39.761
-86.192 39.801
-86.202 39.797
-86.123 39.920
-86.261 39.861
-86.266 39.865
-86.249 39.876
-85.999 39.845
-86.014 39.838
-86.000 39.836
-85.999 39.786
-85.977 39.734
-85.982 39.748
-86.074 39.850
-86.077 39.840
-86.068 39.749
-86.091 39.743
-86.074 39.732
-86.054 39.674
-86.073 39.673
-86.095 39.656
-86.106 39.699
-86.117 39.748
-86.126 39.741
-86.133 39.731
-86.184 39.790
-86.241 39.820
-86.221 39.802
-86.229 39.806
-86.238 39.799
-86.170 39.779
-86.169 39.819
-86.181 39.816
-86.178 39.808
-86.116 39.640
-86.149 39.637
-86.129 39.643
-86.060 39.699
-86.020 39.674
-86.019 39.689
-86.027 39.703
-86.314 39.765
-86.322 39.741
-86.309 39.737
-85.989 39.883
-85.994 39.830
-86.292 39.830
-86.039 39.837
-86.033 39.843
-86.024 39.786
-86.040 39.789
-86.020 39.792
-86.013 39.793
-86.029 39.819
-86.071 39.828
-86.056 39.791
-86.060 39.800
-86.094 39.837
-86.103 39.733
-86.092 39.727
-86.088 39.720
-86.074 39.785
-86.104 39.673
-86.090 39.673
-86.104 39.687
-86.070 39.690
-86.137 39.729
-86.145 39.736
-86.157 39.784
-86.153 39.771
-86.152 39.747
-86.221 39.791
-86.209 39.804
-86.245 39.780
-86.236 39.769
-86.231 39.717
-86.183 39.742
-86.120 39.690
-86.141 39.701
-86.205 39.659
-86.194 39.659
-86.184 39.659
-86.052 39.704
-86.048 39.717
-86.046 39.751
-86.262 39.648
-86.242 39.752
-86.242 39.726
-86.201 39.846
-86.320 39.827
-86.313 39.817
-86.041 39.850
-86.041 39.865
-86.060 39.859
-86.050 39.846
-86.013 39.720
-86.015 39.742
-86.016 39.802
-86.097 39.785
-86.102 39.858
-86.101 39.851
-86.097 39.714
-86.122 39.801
-86.128 39.791
-86.130 39.720
-86.160 39.790
-86.171 39.790
-86.190 39.818
-86.222 39.830
-86.226 39.817
-86.216 39.817
-86.165 39.699
-86.217 39.710
-86.242 39.683
-86.143 39.696
-86.126 39.659
-86.154 39.686
-86.147 39.666
-86.154 39.676
-86.111 39.759
-86.123 39.763
-86.071 39.717
-86.042 39.732
-86.282 39.830
-86.261 39.834
-86.238 39.739
-86.112 39.833
-86.174 39.846
-86.170 39.839
-86.288 39.809
-86.273 39.805
-86.273 39.813
-86.273 39.820
-86.283 39.813
-86.282 39.820
-86.312 39.840
-85.963 39.849
-85.969 39.919
-85.991 39.916
-86.000 39.913
-85.984 39.834
-86.034 39.808
-86.025 39.805
-86.077 39.914
-86.100 39.703
-86.106 39.720
-86.122 39.716
-86.125 39.728
-86.138 39.710
-86.136 39.761
-86.146 39.789
-86.147 39.783
-86.182 39.772
-86.172 39.907
-86.204 39.817
-86.198 39.830
-86.210 39.838
-86.255 39.675
-86.258 39.666
-86.264 39.783
-86.256 39.790
-86.265 39.769
-86.260 39.747
-86.260 39.754
-86.269 39.754
-86.255 39.758
-86.309 39.906
-86.283 39.849
-86.283 39.842
-86.273 39.836
-86.297 39.648
-86.283 39.670
-86.273 39.683
