-100.729 37.046
-100.904 37.015
-101.176 37.062
-95.628 39.938
-95.597 39.978
-95.508 39.950
-95.535 39.846
-95.704 39.848
-94.629 37.072
-94.777 37.090
-95.008 37.091
-94.777 37.163
-94.784 37.031
-94.886 37.059
-94.844 37.280
-94.726 37.013
-94.841 37.181
-94.760 37.301
-95.533 39.668
-95.522 39.667
-95.568 39.667
-95.573 39.655
-95.777 39.889
-95.730 39.951
-95.531 39.859
-95.547 39.856
-95.550 39.848
-95.528 39.848
-95.526 39.838
-95.539 39.837
-95.537 39.724
-95.525 39.659
-95.396 39.935
-95.396 39.816
-95.705 39.725
-95.775 39.908
-95.771 39.916
-95.780 39.943
-95.396 39.707
-95.786 39.904
-95.787 39.890
-95.008 37.274
-94.670 37.163
-95.007 37.030
-94.687 37.036
-99.698 39.212
-99.883 39.308
-99.952 39.502
-94.741 37.012
-94.635 37.085
-94.789 37.252
-95.007 37.164
-99.807 39.502
-100.021 39.394
-99.809 39.402
-99.667 39.503
-99.668 39.404
-99.688 39.359
-94.844 37.000
-100.071 39.307
-99.696 39.331
-99.863 39.358
-100.071 39.197
-99.885 39.197
-99.823 39.359
-100.092 39.502
-100.074 39.349
-99.692 39.657
-100.057 38.987
-97.693 39.128
-97.710 39.127
-97.762 39.176
-98.516 39.524
-101.947 37.564
-101.771 37.563
-101.608 37.562
-97.649 39.263
-97.427 39.002
-97.762 39.088
-97.873 39.089
-97.426 39.263
-97.426 39.176
-100.816 37.112
-100.680 37.322
-100.764 37.215
-100.909 37.168
-97.537 39.263
-97.701 39.118
-100.815 37.323
-100.678 37.148
-97.873 39.002
-97.427 39.089
-98.673 39.611
-98.767 39.525
-97.538 39.176
-97.874 39.176
-98.656 39.524
-98.572 39.524
-98.675 39.438
-99.900 37.957
-99.680 38.000
-97.874 39.263
-97.761 39.263
-97.723 39.130
-98.657 39.264
-98.546 39.329
-98.657 39.351
-94.735 37.003
-94.912 37.306
-94.860 37.304
-94.926 37.285
-99.900 38.218
-99.680 38.175
-100.136 38.189
-100.880 37.083
-100.980 37.175
-101.030 37.102
-100.956 37.043
-100.987 37.322
-98.545 39.437
-98.546 39.198
-98.768 39.351
-94.888 37.239
-94.671 37.101
-94.645 37.074
-100.118 37.957
-99.899 38.131
-100.943 37.049
-100.934 37.057
-100.933 37.065
-100.912 37.035
-98.769 39.264
-98.769 39.177
-94.644 37.041
-94.775 37.312
-94.779 37.307
-94.768 37.306
-94.826 37.280
-99.900 38.044
-100.063 38.124
-100.909 37.058
-100.909 37.058
-100.930 37.022
-100.934 37.032
-98.881 39.264
-98.657 39.177
-94.817 37.280
-94.824 37.275
-94.671 37.273
-94.633 37.060
-100.171 38.044
-100.063 38.037
-100.930 37.045
-100.936 37.050
-98.962 39.437
-98.989 39.524
-94.744 37.030
-94.889 37.163
-94.834 37.169
-98.814 39.438
-98.878 39.525
-94.859 37.174
-94.850 37.165
-94.843 37.167
-94.663 37.076
-97.648 39.087
-98.879 39.351
-98.991 39.351
-94.633 37.066
-94.629 37.059
-97.640 39.002
-97.538 39.089
-98.881 39.177
-98.992 39.177
-94.731 37.030
-94.724 37.021
-94.638 37.055
-94.632 37.060
-94.818 37.171
-94.642 37.044
-94.640 37.053
-97.529 39.002
-97.761 39.002
-97.650 39.176
-98.992 39.264
-98.704 39.435
-98.701 39.445
-98.691 39.441
-94.749 37.018
-94.840 37.186
-94.939 37.273
-100.011 37.777
-100.118 37.870
-99.754 37.637
-99.931 37.736
-99.755 37.848
-99.966 37.763
-99.944 37.771
-99.955 37.735
-99.959 37.736
-99.956 37.737
-100.005 37.749
-99.935 37.830
-100.025 37.736
-100.037 37.774
-100.063 37.767
-100.021 37.792
-99.914 37.515
-100.107 37.518
-99.944 37.642
-99.749 37.512
-99.612 37.601
-99.635 37.549
-99.619 37.823
-99.789 37.616
-99.769 37.789
-100.160 37.738
-100.106 37.606
-99.977 37.748
-101.063 39.047
-100.946 39.054
-100.868 39.042
-101.308 37.562
-101.066 38.874
-100.899 38.873
-101.369 37.583
-101.398 38.875
-100.929 38.743
-101.345 37.569
-101.354 37.586
-101.382 37.576
-101.373 38.745
-101.151 38.744
-101.396 39.049
-101.232 38.875
-100.023 37.765
-100.054 37.695
-100.060 37.794
-101.230 39.048
-100.003 37.758
-96.675 39.139
-96.679 39.126
-96.703 39.114
-96.696 39.120
-96.711 39.103
-96.699 39.123
-96.813 39.199
-96.706 39.298
-96.832 39.310
-96.752 39.368
-96.893 39.354
-96.886 39.423
-96.760 39.457
-96.709 39.533
-96.885 39.481
-96.884 39.538
-96.592 39.143
-96.680 39.137
-96.712 39.119
-96.647 39.186
-96.628 39.183
-96.643 39.189
-96.623 39.172
-96.567 39.223
-96.600 39.104
-96.535 39.154
-96.449 39.112
-96.619 39.236
-96.575 39.222
-96.703 39.237
-96.814 39.093
-96.557 39.204
-96.567 39.212
-96.564 39.215
-96.631 39.210
-96.582 39.223
-96.613 39.221
-96.645 39.206
-96.644 39.202
-96.647 39.213
-96.649 39.212
-96.644 39.207
-96.646 39.209
-96.625 39.216
-96.637 39.217
-96.610 39.210
-96.605 39.213
-96.581 39.201
-96.629 39.210
-96.642 39.181
-96.632 39.195
-96.612 39.200
-96.603 39.200
-96.605 39.193
-96.619 39.193
-96.611 39.177
-96.598 39.182
-96.592 39.192
-96.573 39.191
-96.564 39.190
-96.581 39.183
-96.566 39.183
-96.569 39.176
-96.589 39.174
-96.605 39.165
-96.615 39.165
-96.613 39.159
-96.627 39.170
-96.639 39.164
-96.598 39.153
-96.652 39.152
-100.797 38.628
-101.016 38.337
-100.760 38.483
-96.462 37.251
-96.462 37.150
-96.318 37.149
-98.993 38.466
-98.978 38.653
-98.767 38.379
-98.762 38.370
-100.795 38.337
-100.907 38.486
-100.893 38.476
-100.910 38.474
-100.919 38.478
-98.753 38.362
-98.764 38.365
-98.779 38.354
-98.774 38.372
-98.779 38.376
-98.790 38.360
-98.786 38.373
-98.798 38.373
-98.804 38.363
-100.270 37.606
-100.429 37.596
-100.598 37.584
-100.546 37.775
-100.664 39.524
-98.794 38.350
-98.742 38.355
-98.734 38.355
-98.780 38.340
-98.768 38.350
-100.336 37.929
-100.555 37.929
-100.388 37.775
-100.306 37.805
-100.414 39.350
-100.469 39.350
-95.234 38.291
-95.236 38.276
-95.215 38.277
-95.250 38.276
-95.251 38.287
-98.729 38.351
-98.699 38.343
-98.800 38.341
-98.783 38.515
-98.775 38.521
-98.783 38.523
-100.525 39.524
-100.386 39.524
-95.111 38.324
-95.127 38.368
-95.198 38.306
-95.306 38.302
-95.264 38.368
-95.434 38.325
-95.149 38.214
-95.450 38.211
-98.772 38.515
-98.773 38.509
-98.536 38.478
-98.867 38.653
-98.747 38.508
-100.246 39.524
-100.274 39.437
-95.491 38.182
-95.292 38.226
-95.326 38.162
-100.665 39.437
-100.609 39.350
-100.497 39.437
-95.463 38.096
-95.363 38.071
-95.353 38.082
-95.243 38.080
-99.515 38.000
-99.520 37.846
-99.338 37.866
-99.406 37.947
-99.414 37.926
-100.274 39.350
-100.638 39.220
-100.470 39.220
-95.238 38.095
-95.132 38.139
-95.155 38.081
-99.409 37.919
-99.419 37.916
-99.265 37.955
-100.331 39.220
-100.219 39.219
-95.132 38.074
-95.250 38.294
-99.105 37.956
-99.073 37.823
-99.182 37.823
-99.373 37.777
-98.867 38.478
-98.867 38.565
-98.956 38.495
-98.978 38.566
-99.405 38.044
-96.119 37.061
-98.646 38.522
-98.646 38.653
-98.757 38.653
-98.731 38.398
-96.026 37.046
-96.454 37.049
-96.169 37.163
-98.868 38.393
-98.816 38.366
-98.867 38.302
-98.863 38.347
-98.978 38.391
-96.309 37.049
-96.196 37.045
-98.566 38.385
-98.756 38.477
-98.756 38.566
-98.535 38.565
-100.541 38.371
-100.907 38.483
-96.028 37.249
-96.167 37.117
-96.318 37.251
-98.977 38.304
-98.535 38.653
-98.600 38.301
-98.755 38.304
-101.018 38.627
-101.054 38.482
-96.026 37.149
-96.161 37.246
-99.193 39.020
-99.328 39.033
-99.351 38.900
-99.513 38.994
-99.106 38.973
-99.264 38.762
-99.262 38.853
-99.428 38.850
-99.321 38.862
-99.291 38.874
-99.304 38.885
-99.552 38.929
-99.559 38.942
-99.565 38.935
-99.125 38.733
-99.123 38.813
-99.343 38.871
-99.337 38.880
-99.330 38.880
-99.313 38.871
-99.303 38.874
-99.326 38.879
-99.323 38.876
-99.321 38.872
-99.343 38.895
-99.321 38.895
-99.332 38.891
-99.328 38.897
-99.314 38.890
-99.437 38.780
-99.486 38.725
-99.286 38.858
-99.279 38.847
-99.353 38.909
-99.358 38.911
-99.315 38.902
-99.317 38.909
-99.317 38.912
-99.318 38.911
-98.202 38.303
-98.313 38.304
-98.208 38.339
-95.664 39.354
-95.678 39.263
-95.738 39.522
-95.737 39.459
-98.197 38.339
-98.196 38.351
-98.202 38.393
-95.731 39.469
-95.750 39.465
-95.629 39.435
-98.091 38.304
-98.316 38.217
-95.626 39.522
-98.417 38.217
-98.425 38.304
-95.970 39.522
-95.690 39.491
-95.752 39.480
-98.313 38.391
-97.980 38.304
-95.733 39.609
-95.620 39.609
-97.977 38.217
-98.087 38.217
-96.052 39.202
-98.313 38.478
-98.425 38.478
-98.201 38.479
-98.425 38.391
-98.091 38.391
-98.090 38.479
-98.211 38.350
-97.980 38.391
-97.980 38.479
-98.202 38.211
-98.212 38.209
-98.195 38.200
-98.199 38.223
-95.935 39.250
-95.988 39.347
-95.970 39.434
-95.840 39.325
-95.738 39.432
-98.202 38.566
-98.204 38.213
-95.849 39.434
-95.849 39.522
-101.785 38.015
-101.911 37.826
-94.921 39.300
-94.921 39.292
-94.919 39.278
-94.960 39.275
-94.954 39.276
-94.910 39.221
-95.130 39.020
-97.957 38.059
-97.939 38.060
-97.949 38.077
-97.863 38.093
-97.852 38.099
-101.657 37.824
-101.428 37.984
-95.079 39.117
-95.087 39.103
-94.895 39.210
-94.910 39.165
-94.969 39.121
-94.963 39.110
-97.860 38.089
-97.916 38.105
-97.855 38.142
-97.749 38.122
-98.082 38.148
-94.952 39.267
-94.953 39.286
-94.955 39.268
-95.087 39.084
-97.938 38.019
-97.950 38.083
-97.948 38.092
-97.941 38.066
-97.944 38.069
-97.927 38.088
-97.927 38.075
-97.915 38.069
-97.927 38.066
-97.890 38.063
-97.913 38.052
-95.013 39.259
-97.898 38.040
-97.913 38.058
-97.881 38.083
-95.124 39.259
-95.130 39.139
-97.960 38.071
-97.948 38.073
-97.936 38.078
-97.936 38.090
-97.934 38.095
-97.904 38.083
-97.878 38.071
-97.913 38.061
-97.911 38.065
-97.917 38.090
-94.933 39.130
-94.942 39.165
-95.022 39.160
-97.882 38.077
-97.858 38.102
-97.908 38.090
-97.900 38.026
-97.887 38.096
-95.124 39.368
-95.008 39.369
-97.942 38.034
-97.956 38.030
-97.869 38.062
-97.918 38.100
-97.936 38.072
-94.946 39.085
-94.994 39.023
-95.028 39.087
-94.941 39.305
-94.943 39.296
-94.943 39.279
-94.890 39.226
-94.935 39.338
-94.948 39.322
-94.868 39.271
-94.869 39.256
-94.893 39.233
-101.793 38.219
-101.986 38.044
-94.909 39.246
-94.931 39.261
-94.898 39.278
-94.902 39.368
-98.082 37.779
-97.973 37.779
-97.949 37.868
-98.086 37.869
-98.196 37.868
-98.191 37.779
-98.301 37.779
-98.307 37.868
-98.197 37.956
-98.410 37.779
-97.977 37.956
-97.784 37.886
-97.861 37.783
-98.092 38.066
-98.087 37.956
-98.307 38.043
-101.702 38.007
-101.872 38.045
-101.716 38.110
-94.913 39.323
-94.915 39.314
-94.909 39.307
-94.921 39.307
-94.930 39.314
-98.197 38.043
-98.200 38.125
-98.018 38.140
-97.964 38.091
-98.092 38.147
-98.082 38.153
-98.417 37.868
-98.417 37.955
-97.869 37.958
-97.752 38.002
-97.754 37.787
-98.418 38.086
-98.308 38.130
-101.743 37.946
-101.589 38.032
-94.906 39.295
-94.947 39.314
-94.920 39.323
-94.926 39.323
-94.917 39.366
-94.934 39.323
-98.307 37.956
-97.851 38.036
-97.923 38.037
-97.993 38.030
-97.942 38.052
-97.927 38.051
-97.927 38.059
-100.322 38.626
-100.469 38.478
-100.459 39.958
-100.347 39.959
-98.404 37.254
-98.550 37.025
-100.577 38.518
-100.430 38.510
-100.234 39.958
-100.572 39.872
-98.416 37.017
-98.804 37.333
-98.930 37.340
-98.968 37.869
-98.858 38.218
-100.615 38.628
-100.469 38.627
-100.684 39.872
-100.523 39.822
-100.459 39.872
-98.930 37.238
-98.403 37.123
-98.747 37.955
-98.747 37.869
-100.471 38.485
-100.347 39.872
-100.235 39.871
-100.684 39.785
-98.541 37.167
-98.520 37.427
-98.812 37.427
-98.527 37.955
-98.527 37.868
-98.748 38.217
-98.638 38.217
-100.574 39.783
-100.537 39.824
-100.461 39.611
-98.695 37.319
-98.614 37.329
-98.404 37.341
-98.638 38.130
-98.784 38.042
-98.858 38.044
-100.460 39.785
-100.509 39.826
-100.348 39.785
-98.750 37.203
-98.570 37.291
-98.585 37.288
-98.582 37.278
-98.967 37.956
-100.236 39.784
-100.685 39.698
-100.572 39.698
-98.541 37.087
-98.577 37.290
-98.528 38.173
-98.858 38.131
-100.685 39.612
-100.573 39.611
-100.460 39.698
-100.348 39.698
-100.348 39.611
-100.236 39.697
-100.236 39.611
-99.816 37.147
-99.916 37.384
-99.999 37.150
-99.647 37.424
-99.635 37.315
-98.748 38.130
-98.635 37.981
-99.749 37.186
-99.633 37.125
-98.858 37.956
-98.729 38.043
-98.761 37.996
-98.939 37.427
-98.666 37.427
-98.637 38.042
-98.527 38.042
-98.858 37.869
-100.683 39.959
-100.571 39.958
-98.717 37.069
-98.911 37.086
-98.535 37.290
-98.638 37.938
-98.637 37.868
-100.461 38.483
-100.319 38.408
-95.450 37.038
-95.117 37.061
-95.322 37.164
-95.206 37.339
-95.323 37.060
-95.213 37.060
-95.213 37.252
-95.447 37.325
-95.117 37.340
-95.116 37.252
-95.328 37.340
-95.255 37.381
-95.510 37.332
-95.448 37.208
-95.101 37.168
-95.321 37.252
-95.116 37.164
-95.283 37.336
-95.264 37.361
-95.278 37.352
-95.277 37.332
-95.290 37.347
-95.259 37.345
-95.245 37.343
-95.277 37.344
-95.277 37.341
-95.244 37.337
-95.275 37.339
-95.257 37.336
-95.258 37.327
-95.260 37.361
-95.120 37.163
-95.098 37.041
-95.450 37.113
-95.119 37.172
-95.213 37.164
-95.097 37.034
-95.083 37.038
-95.278 37.321
-95.263 37.306
-95.287 37.208
-95.104 37.177
-95.801 39.027
-95.785 39.023
-95.781 39.031
-95.775 39.029
-95.768 39.027
-95.769 39.023
-95.544 39.001
-95.604 38.999
-95.620 38.989
-97.538 38.478
-97.538 38.565
-97.647 38.565
-95.835 39.097
-95.882 39.107
-95.891 39.059
-95.765 39.018
-95.769 39.015
-95.777 39.018
-95.796 39.022
-95.804 39.018
-95.792 39.016
-95.789 39.011
-95.780 39.014
-95.604 39.006
-95.638 39.009
-95.634 39.002
-95.664 39.002
-97.427 38.304
-97.538 38.391
-95.727 39.144
-95.708 39.144
-95.679 39.147
-95.657 39.149
-95.778 39.015
-95.773 39.008
-95.768 39.006
-95.760 39.005
-95.751 39.003
-95.760 39.022
-95.663 39.006
-95.664 39.012
-95.681 39.010
-95.674 39.015
-97.869 38.392
-97.869 38.479
-97.870 38.304
-95.644 39.133
-95.615 39.142
-95.627 39.187
-95.758 39.012
-95.748 39.011
-95.754 39.018
-95.747 39.019
-95.650 39.013
-95.666 39.019
-95.656 39.019
-95.691 39.026
-95.677 39.026
-95.692 39.033
-95.685 39.033
-95.666 39.026
-97.648 38.478
-97.538 38.304
-97.645 38.396
-95.697 39.187
-95.772 39.173
-95.859 39.173
-95.747 39.026
-95.740 39.022
-95.729 39.026
-95.733 39.023
-95.735 39.017
-95.734 39.013
-95.657 39.026
-95.694 39.041
-95.689 39.042
-95.682 39.042
-95.671 39.037
-95.656 39.037
-97.757 38.217
-97.759 38.304
-95.930 39.161
-95.993 39.163
-95.767 39.061
-95.763 39.050
-95.778 39.049
-95.779 39.052
-95.775 39.044
-95.738 39.005
-95.734 39.004
-95.751 38.998
-95.795 39.003
-95.790 38.999
-95.644 39.037
-95.627 39.037
-95.617 39.033
-95.632 39.022
-95.631 39.016
-97.867 38.217
-97.759 38.391
-95.769 39.045
-95.773 39.041
-95.771 39.033
-95.762 39.034
-95.753 39.041
-95.743 39.048
-95.809 38.990
-95.775 38.984
-95.768 38.986
-95.758 38.990
-95.647 39.026
-95.612 39.013
-95.605 39.012
-95.608 39.019
-95.593 39.018
-97.648 38.304
-97.759 38.479
-95.740 39.040
-95.751 39.032
-95.748 39.035
-95.741 39.033
-95.736 39.033
-95.729 39.033
-95.721 39.033
-95.744 38.974
-95.804 38.966
-95.851 38.975
-95.877 38.910
-95.601 39.025
-95.618 39.025
-95.615 39.040
-95.548 39.033
-95.686 39.049
-95.694 39.048
-97.759 38.566
-97.647 38.217
-95.713 39.034
-95.709 39.034
-95.702 39.035
-95.701 39.042
-95.708 39.042
-95.715 39.043
-95.720 39.042
-95.720 39.038
-95.789 38.913
-95.817 38.907
-95.703 38.904
-95.568 38.907
-95.699 39.048
-95.704 39.048
-95.711 39.049
-95.720 39.048
-95.720 39.051
-95.720 39.056
-95.713 39.055
-95.708 39.055
-95.703 39.055
-97.669 38.581
-97.671 38.571
-97.681 38.582
-97.681 38.569
-95.728 39.040
-95.733 39.047
-95.740 39.054
-95.757 39.062
-95.751 39.054
-95.668 38.941
-95.670 38.929
-95.713 38.943
-95.699 38.954
-95.694 39.055
-95.683 39.054
-95.690 39.062
-95.683 39.061
-95.694 39.063
-95.702 39.061
-97.537 38.217
-97.869 38.566
-95.730 39.059
-95.743 39.066
-95.769 39.038
-95.664 38.984
-95.755 38.994
-95.765 38.994
-95.721 39.092
-95.717 38.977
-95.723 38.982
-95.724 38.991
-95.722 38.998
-95.732 38.995
-95.724 39.003
-95.723 39.010
-95.707 39.067
-95.711 39.081
-97.675 38.380
-97.681 38.359
-97.648 38.363
-95.717 39.012
-95.715 39.024
-95.702 39.028
-95.708 39.019
-95.692 39.017
-95.701 39.016
-95.678 39.073
-95.669 39.083
-95.648 39.086
-95.659 39.070
-97.652 38.381
-97.427 38.217
-97.617 38.372
-95.637 39.065
-95.637 39.070
-95.714 39.006
-95.710 39.012
-95.707 39.004
-95.703 39.011
-95.693 39.009
-95.669 39.055
-95.660 39.049
-95.648 39.049
-95.629 39.072
-95.628 39.083
-95.571 39.058
-95.701 39.004
-95.692 39.003
-95.702 38.993
-95.689 38.980
-95.680 38.996
-95.647 38.988
-95.632 39.050
-95.651 39.056
-95.650 39.061
-95.635 39.058
-95.647 39.064
-95.607 39.105
-95.636 39.109
-95.668 38.970
-95.655 38.990
-95.664 38.990
-95.653 38.994
-95.658 38.999
-95.664 39.118
-95.680 39.106
-95.666 39.097
-95.695 39.105
-95.681 39.114
-95.695 39.114
-95.803 39.047
-95.906 38.993
-95.816 39.020
-95.795 39.024
-95.792 39.025
-95.647 39.003
-95.603 38.966
-95.540 38.965
-97.427 38.391
-95.713 39.112
-95.726 39.111
-95.776 39.099
-99.198 38.305
-99.187 38.218
-99.296 38.218
-99.108 38.187
-99.110 38.178
-99.092 38.172
-98.967 38.131
-98.968 38.044
-95.123 39.564
-95.119 39.556
-95.071 39.462
-95.120 39.543
-95.145 39.557
-95.114 39.581
-95.115 39.565
-95.141 39.567
-95.160 39.599
-95.140 39.579
-95.179 39.477
-95.300 39.582
-95.403 39.493
-95.515 39.478
-95.487 39.599
-99.529 38.306
-99.515 38.219
-99.515 38.132
-99.406 38.219
-99.418 38.306
-99.295 38.044
-99.296 38.131
-99.186 38.044
-101.913 38.496
-101.697 38.365
-101.660 38.583
-98.967 38.218
-99.186 38.131
-99.077 38.044
-97.427 38.566
-97.427 38.479
-100.074 39.913
-99.876 39.896
-100.124 39.739
-99.809 39.697
-99.683 39.872
-99.794 39.958
-99.885 39.833
-99.895 39.829
-99.895 39.843
-99.963 39.765
-100.012 39.629
-99.405 38.132
-95.291 39.485
-99.087 38.305
-99.076 38.220
-95.321 39.628
-95.153 39.552
-95.164 39.546
-95.159 39.549
-95.138 39.544
-95.126 39.542
-99.308 38.306
-99.077 38.130
-99.095 38.178
-99.095 38.189
-95.150 39.537
-95.180 39.571
-95.246 39.560
-99.011 39.872
-98.898 39.959
-98.814 39.785
-99.010 39.785
-99.010 39.698
-98.893 39.613
-99.010 39.611
-98.588 39.785
-98.786 39.959
-98.673 39.959
-96.485 38.738
-96.484 38.666
-96.496 38.620
-96.492 38.655
-98.561 39.959
-98.898 39.872
-96.503 38.662
-96.829 38.652
-96.929 38.683
-96.928 38.679
-96.760 38.826
-98.532 39.784
-98.786 39.872
-96.758 38.741
-96.657 38.612
-98.673 39.872
-98.560 39.872
-96.872 38.732
-96.863 38.814
-96.430 38.571
-96.657 38.774
-98.898 39.785
-98.758 39.785
-98.673 39.785
-96.566 38.826
-96.819 38.566
-96.515 38.655
-98.903 39.697
-98.786 39.698
-96.802 38.697
-98.786 39.611
-98.673 39.698
-98.561 39.698
-98.561 39.611
-99.011 39.959
-95.306 37.689
-95.455 37.689
-95.411 37.664
-95.456 37.650
-96.504 38.253
-97.118 39.387
-97.984 39.002
-97.984 38.915
-95.481 37.681
-95.466 37.676
-95.445 37.674
-95.161 37.602
-97.090 39.438
-96.993 39.285
-97.148 39.386
-97.145 39.381
-98.095 39.001
-98.207 39.001
-95.452 37.641
-95.450 37.640
-95.464 37.692
-95.489 37.682
-95.487 37.684
-95.467 37.661
-97.127 39.524
-96.998 39.416
-97.012 39.184
-98.135 39.039
-98.095 38.914
-98.207 38.914
-98.319 38.914
-98.430 38.914
-97.015 39.524
-97.151 39.378
-98.318 39.002
-98.317 39.089
-97.009 39.089
-98.430 39.001
-98.153 39.049
-97.315 39.176
-97.204 39.177
-97.203 39.264
-97.101 39.177
-97.092 39.264
-97.184 39.343
-97.313 39.357
-97.292 39.441
-97.308 39.522
-97.315 39.263
-95.306 37.428
-95.307 37.515
-97.115 39.377
-97.205 39.501
-97.140 39.387
-97.130 39.375
-97.115 39.373
-101.017 37.664
-100.871 37.642
-99.099 37.460
-99.283 37.534
-99.123 37.635
-99.454 37.567
-99.298 37.604
-95.161 37.689
-95.452 37.601
-101.018 37.491
-100.725 37.649
-100.873 37.467
-100.725 37.475
-100.963 37.438
-100.819 37.483
-96.498 38.144
-95.452 37.515
-95.450 37.709
-96.690 38.162
-96.790 38.155
-98.322 39.176
-98.210 39.176
-95.452 37.428
-95.309 37.603
-95.242 37.575
-96.747 38.290
-98.098 39.176
-98.206 39.089
-95.481 37.674
-95.487 37.681
-96.589 38.340
-98.142 39.043
-98.095 39.089
-98.152 39.043
-95.161 37.515
-95.448 37.686
-95.452 37.674
-96.502 38.345
-96.410 38.413
-96.509 38.454
-97.986 39.176
-97.984 39.089
-95.460 37.671
-95.161 37.428
-95.500 37.664
-96.574 38.455
-96.709 38.435
-98.434 39.176
-98.429 39.089
-95.243 38.957
-95.244 38.953
-95.256 38.953
-95.321 38.981
-95.225 38.969
-96.651 39.842
-96.408 39.958
-96.638 39.874
-96.681 39.834
-94.704 37.823
-94.997 37.718
-94.829 37.812
-94.992 37.834
-95.248 38.948
-95.243 38.945
-95.243 38.940
-95.242 38.934
-95.210 38.932
-96.617 39.839
-96.750 39.871
-94.696 37.824
-95.006 37.972
-94.708 37.853
-94.763 37.983
-94.703 37.792
-95.121 38.790
-96.295 39.784
-96.523 39.784
-96.638 39.697
-94.687 37.841
-94.698 37.842
-94.710 37.843
-94.703 37.797
-96.225 37.563
-96.213 37.359
-96.417 37.520
-96.295 39.871
-96.750 39.610
-96.295 39.958
-96.643 39.861
-94.713 37.815
-94.715 37.857
-94.713 37.854
-94.705 37.854
-94.700 37.788
-94.688 37.718
-94.717 37.805
-94.700 37.792
-94.703 37.790
-95.157 38.756
-95.213 38.803
-95.298 38.804
-95.427 38.804
-96.225 37.467
-96.099 37.366
-96.296 39.697
-96.440 39.697
-95.215 39.008
-95.295 38.981
-95.204 38.936
-95.180 38.931
-95.213 38.964
-95.193 38.944
-95.187 38.944
-95.250 38.988
-95.206 38.929
-96.338 37.368
-96.457 37.365
-96.384 39.697
-96.408 39.610
-96.638 39.958
-95.223 39.016
-95.328 38.938
-95.416 38.965
-95.319 38.950
-95.321 38.968
-95.285 38.988
-95.111 38.959
-96.009 37.365
-96.052 37.561
-96.053 37.474
-96.638 39.610
-96.295 39.610
-95.244 38.998
-95.275 38.987
-95.267 38.988
-95.106 38.891
-96.750 39.958
-95.261 38.993
-95.303 38.985
-95.253 38.996
-95.244 38.980
-95.256 38.977
-95.156 38.838
-95.266 38.978
-95.276 38.976
-95.288 38.977
-95.301 38.975
-95.392 39.027
-95.472 39.031
-95.299 38.996
-95.279 39.005
-95.296 38.989
-95.232 39.002
-95.231 39.005
-95.312 38.979
-95.295 38.966
-95.301 38.962
-95.298 38.951
-95.277 39.000
-95.303 38.946
-95.312 38.930
-95.257 38.928
-96.750 39.784
-95.266 38.932
-95.272 38.928
-95.284 38.936
-95.274 38.934
-95.190 38.943
-95.209 38.896
-95.201 38.912
-95.281 38.900
-95.321 38.939
-95.408 38.900
-96.750 39.697
-96.407 39.871
-95.286 38.950
-95.290 39.010
-95.271 38.950
-95.268 38.961
-95.087 38.938
-95.105 38.936
-95.142 38.934
-95.162 38.939
-96.602 39.840
-96.523 39.871
-96.407 39.784
-96.641 39.840
-95.282 38.961
-95.282 38.968
-95.267 38.968
-95.256 38.960
-95.219 38.958
-95.216 38.949
-95.232 38.943
-95.231 38.954
-95.231 38.961
-96.638 39.784
-96.523 39.610
-94.681 37.803
-94.836 37.909
-94.710 37.854
-94.688 37.877
-95.255 38.965
-95.244 38.971
-95.251 38.969
-95.240 38.966
-95.245 38.962
-95.189 38.957
-95.220 38.937
-95.255 38.942
-96.523 39.958
-96.645 39.849
-96.628 39.850
-96.523 39.697
-94.832 37.718
-94.664 37.972
-94.878 37.994
-94.718 37.830
-98.449 39.611
-97.986 39.610
-99.549 39.176
-95.116 38.695
-98.109 39.694
-98.330 39.959
-99.289 39.220
-99.438 39.220
-99.509 39.495
-95.388 38.506
-95.447 38.564
-95.445 38.445
-98.448 39.959
-98.212 39.959
-99.436 39.394
-99.548 39.351
-99.101 39.438
-95.462 38.622
-95.322 38.567
-95.270 38.585
-98.448 39.872
-98.330 39.872
-99.294 39.457
-99.328 39.484
-99.325 39.350
-99.212 39.437
-99.289 39.235
-95.260 38.599
-95.260 38.607
-95.278 38.605
-95.259 38.415
-95.262 38.614
-98.574 37.735
-98.629 37.514
-98.212 39.872
-98.448 39.785
-97.987 39.958
-99.122 39.611
-95.256 38.625
-95.257 38.635
-95.281 38.616
-97.988 39.871
-97.989 39.784
-95.246 38.651
-95.249 38.646
-95.250 38.539
-98.903 37.514
-98.904 37.645
-98.099 39.958
-97.988 39.697
-98.100 39.872
-98.330 39.785
-98.213 39.785
-98.101 39.784
-101.723 39.338
-101.716 39.356
-98.904 37.779
-98.757 37.705
-98.708 37.644
-98.719 37.639
-98.716 37.646
-98.449 39.698
-98.331 39.698
-101.782 39.329
-101.719 39.471
-101.668 39.306
-101.700 39.340
-98.331 39.611
-98.218 39.702
-101.701 39.365
-101.999 39.307
-95.344 38.717
-95.458 38.695
-98.213 39.611
-98.099 39.611
-101.943 39.481
-101.893 39.307
-101.503 39.200
-101.727 39.199
-95.385 38.652
-95.226 38.703
-95.275 38.647
-101.559 39.330
-101.447 39.330
-102.037 39.337
-95.120 38.608
-95.133 38.518
-101.943 39.177
-101.558 39.482
-95.127 38.438
-101.446 39.482
-101.728 39.342
-95.283 38.478
-98.712 37.656
-98.729 37.640
-98.749 37.641
-99.549 39.263
-99.140 39.205
-95.219 38.565
-98.643 37.610
-98.735 37.653
-98.725 37.653
-98.746 37.650
-98.737 37.761
-100.732 38.939
-100.707 38.787
-100.485 38.786
-100.263 38.785
-100.214 39.002
-100.344 39.003
-100.481 39.068
-100.684 39.069
-100.529 38.938
-96.194 38.904
-96.224 39.032
-96.040 38.928
-96.288 38.783
-95.998 38.802
-96.157 39.163
-94.875 39.182
-101.240 38.375
-101.458 38.371
-101.348 38.591
-96.436 38.979
-96.439 38.873
-96.312 39.120
-96.316 39.022
-96.159 39.063
-96.313 38.906
-96.111 38.800
-96.024 39.054
-97.239 37.630
-97.480 37.655
-97.222 37.491
-97.222 37.489
-97.344 37.806
-97.483 37.785
-97.407 37.738
-97.366 37.594
-97.206 37.743
-97.388 37.626
-97.483 37.735
-97.503 37.711
-97.436 37.793
-97.488 37.757
-97.254 37.693
-97.236 37.699
-97.205 37.721
-97.427 37.674
-97.422 37.633
-97.444 37.628
-97.434 37.635
-97.457 37.632
-97.494 37.755
-97.498 37.721
-97.502 37.724
-97.494 37.697
-97.498 37.707
-97.507 37.681
-97.523 37.686
-97.501 37.673
-97.537 37.869
-97.644 37.780
-97.237 37.537
-97.237 37.541
-97.395 37.616
-97.388 37.625
-97.337 37.825
-97.210 37.723
-97.489 37.780
-97.486 37.790
-97.403 37.629
-97.368 37.560
-97.238 37.556
-97.217 37.694
-97.252 37.702
-97.244 37.716
-97.249 37.730
-97.235 37.730
-97.471 37.636
-97.473 37.671
-97.526 37.672
-97.531 37.663
-97.518 37.663
-97.514 37.663
-97.523 37.667
-97.562 37.671
-97.647 37.869
-97.429 37.870
-97.413 37.767
-97.322 37.679
-97.313 37.666
-97.308 37.679
-97.217 37.730
-97.249 37.776
-97.237 37.768
-97.219 37.779
-97.220 37.765
-97.213 37.740
-97.237 37.782
-97.510 37.659
-97.474 37.657
-97.480 37.657
-97.467 37.629
-97.344 37.707
-97.383 37.689
-97.373 37.701
-97.383 37.698
-97.384 37.708
-97.754 37.519
-97.725 37.497
-97.753 37.691
-97.287 37.674
-97.306 37.659
-97.335 37.668
-97.332 37.657
-97.344 37.657
-97.203 37.731
-97.212 37.730
-97.177 37.719
-97.199 37.697
-97.204 37.714
-97.171 37.712
-97.508 37.620
-97.490 37.654
-97.488 37.647
-97.430 37.608
-97.390 37.627
-97.396 37.622
-97.355 37.715
-97.372 37.714
-97.351 37.729
-97.349 37.762
-97.253 37.646
-97.194 37.646
-97.255 37.655
-97.343 37.571
-97.364 37.570
-97.343 37.560
-97.335 37.679
-97.336 37.695
-97.358 37.680
-97.313 37.688
-97.190 37.729
-97.194 37.683
-97.188 37.687
-97.194 37.698
-97.164 37.676
-97.174 37.666
-97.203 37.667
-97.212 37.670
-97.181 37.656
-97.363 37.630
-97.446 37.622
-97.365 37.641
-97.362 37.615
-97.350 37.601
-97.377 37.607
-97.339 37.746
-97.334 37.762
-97.330 37.783
-97.371 37.567
-97.335 37.577
-97.329 37.569
-97.318 37.566
-97.314 37.566
-97.332 37.555
-97.322 37.510
-97.341 37.552
-97.371 37.562
-97.375 37.553
-97.392 37.539
-97.391 37.550
-97.389 37.550
-97.290 37.683
-97.312 37.695
-97.317 37.707
-97.294 37.708
-97.224 37.652
-97.188 37.667
-97.166 37.686
-97.182 37.692
-97.157 37.697
-97.376 37.601
-97.368 37.604
-97.369 37.604
-97.366 37.596
-97.374 37.595
-97.426 37.578
-97.406 37.614
-97.390 37.629
-97.376 37.762
-97.385 37.758
-97.380 37.773
-97.363 37.789
-97.361 37.761
-97.533 37.519
-97.315 37.778
-97.311 37.778
-97.313 37.783
-97.311 37.797
-97.290 37.699
-97.277 37.702
-97.290 37.690
-97.271 37.716
-97.266 37.705
-97.269 37.697
-97.208 37.870
-97.181 37.828
-97.197 37.833
-97.327 37.638
-97.391 37.616
-97.381 37.612
-97.373 37.610
-97.350 37.587
-97.356 37.583
-97.361 37.605
-97.374 37.798
-97.377 37.787
-97.368 37.791
-97.369 37.805
-97.379 37.824
-97.345 37.793
-97.348 37.795
-97.319 37.806
-97.309 37.809
-97.321 37.776
-97.297 37.815
-97.312 37.878
-97.321 37.814
-97.307 37.816
-97.313 37.821
-97.267 37.689
-97.290 37.730
-97.276 37.729
-97.267 37.731
-97.318 37.653
-97.291 37.657
-97.279 37.667
-97.289 37.644
-97.401 37.731
-97.396 37.729
-97.407 37.756
-97.753 37.605
-97.643 37.606
-97.309 37.856
-97.350 37.817
-97.362 37.822
-97.307 37.716
-97.330 37.724
-97.324 37.711
-97.309 37.738
-97.294 37.637
-97.280 37.620
-97.309 37.610
-97.366 37.738
-97.372 37.725
-97.392 37.716
-97.415 37.716
-97.644 37.692
-97.643 37.519
-97.346 37.824
-97.334 37.817
-97.347 37.785
-97.374 37.810
-97.192 37.655
-97.237 37.488
-97.304 37.753
-97.324 37.748
-97.305 37.760
-97.307 37.754
-97.306 37.747
-97.290 37.748
-97.271 37.745
-97.258 37.730
-97.315 37.641
-97.297 37.622
-97.343 37.615
-97.331 37.626
-97.418 37.731
-97.435 37.720
-97.435 37.730
-97.399 37.702
-97.417 37.702
-97.548 37.599
-97.562 37.714
-97.272 37.774
-97.276 37.780
-97.248 37.488
-97.204 37.498
-97.231 37.478
-97.237 37.506
-97.396 37.542
-97.402 37.823
-97.378 37.821
-97.444 37.753
-97.330 37.809
-97.254 37.745
-97.273 37.758
-97.236 37.754
-97.289 37.764
-97.302 37.579
-97.319 37.588
-97.417 37.687
-97.435 37.702
-97.435 37.687
-97.453 37.687
-97.449 37.702
-97.435 37.713
-97.250 37.805
-97.222 37.772
-97.228 37.781
-97.268 37.557
-97.315 37.838
-97.313 37.830
-97.332 37.811
-97.340 37.843
-97.335 37.848
-97.319 37.856
-97.305 37.794
-97.323 37.798
-97.350 37.801
-97.307 37.767
-97.281 37.802
-97.297 37.776
-97.298 37.778
-97.324 37.576
-97.304 37.548
-97.294 37.562
-97.454 37.712
-97.454 37.719
-97.440 37.736
-97.453 37.729
-97.460 37.744
-97.271 37.570
-97.281 37.588
-97.299 37.578
-97.291 37.595
-97.298 37.592
-97.349 37.555
-97.370 37.859
-97.376 37.844
-97.463 37.649
-97.299 37.582
-97.298 37.585
-97.349 37.847
-97.326 37.762
-97.310 37.770
-97.305 37.789
-97.276 37.687
-97.267 37.670
-97.360 37.699
-97.356 37.688
-97.371 37.688
-97.388 37.679
-97.429 37.747
-97.436 37.737
-97.415 37.740
-97.434 37.749
-97.472 37.730
-97.472 37.752
-97.460 37.739
-97.463 37.731
-97.266 37.583
-97.253 37.568
-97.238 37.568
-97.354 37.828
-97.304 37.870
-97.310 37.862
-97.323 37.859
-97.310 37.855
-97.188 37.785
-97.245 37.490
-97.244 37.530
-97.221 37.541
-97.259 37.686
-97.258 37.675
-97.238 37.684
-97.245 37.672
-97.393 37.689
-97.403 37.689
-97.386 37.662
-97.357 37.671
-97.360 37.660
-97.458 37.735
-97.469 37.716
-97.458 37.701
-97.472 37.701
-97.468 37.686
-97.454 37.673
-97.253 37.588
-97.251 37.580
-97.279 37.564
-97.254 37.530
-97.266 37.548
-97.277 37.562
-97.243 37.576
-97.209 37.666
-97.463 37.634
-97.482 37.651
-97.499 37.717
-97.158 37.726
-97.444 37.741
-97.444 37.737
-97.409 37.763
-97.412 37.766
-97.423 37.763
-97.467 37.739
-97.472 37.751
-97.308 37.752
-97.299 37.814
-97.244 37.779
-97.329 37.839
-97.207 37.674
-97.234 37.669
-97.270 37.657
-97.208 37.659
-97.350 37.659
-97.348 37.635
-97.363 37.648
-97.366 37.655
-97.388 37.640
-97.455 37.676
-97.473 37.669
-97.477 37.687
-97.493 37.686
-97.488 37.703
-97.189 37.541
-97.246 37.546
-97.222 37.767
-97.300 37.809
-97.317 37.807
-97.336 37.808
-97.326 37.840
-97.320 37.854
-97.316 37.863
-97.313 37.863
-97.354 37.842
-97.335 37.854
-97.334 37.854
-97.333 37.854
-97.349 37.850
-97.354 37.796
-97.361 37.796
-97.383 37.839
-97.350 37.842
-97.425 37.520
-97.238 37.656
-97.234 37.661
-97.236 37.646
-97.203 37.606
-97.227 37.647
-97.235 37.640
-97.425 37.653
-97.448 37.630
-97.455 37.654
-97.479 37.716
-97.485 37.726
-97.486 37.717
-97.514 37.717
-97.538 37.781
-97.265 37.534
-97.251 37.532
-97.271 37.524
-97.372 37.810
-97.386 37.829
-97.398 37.825
-97.352 37.573
-97.382 37.607
-97.372 37.560
-97.377 37.546
-97.382 37.623
-97.486 37.779
-97.377 37.564
-97.169 37.656
-97.222 37.769
-97.224 37.648
-97.238 37.632
-97.413 37.278
-97.372 37.271
-97.389 37.324
-97.258 37.475
-97.311 37.174
-97.521 37.221
-97.331 37.469
-97.269 37.474
-97.312 37.261
-97.426 37.258
-97.316 37.342
-97.216 37.355
-97.293 37.421
-97.414 37.433
-97.187 37.423
-97.748 37.062
-97.748 37.169
-97.638 37.063
-97.607 37.029
-97.610 37.038
-97.638 37.170
-97.638 37.256
-97.529 37.170
-97.639 37.344
-97.642 37.431
-97.749 37.343
-97.752 37.430
-97.533 37.432
-97.747 37.256
-97.531 37.259
-97.528 37.063
-97.419 37.064
-97.246 37.472
-97.202 37.264
-97.311 37.065
-97.420 37.173
-97.422 37.347
-97.530 37.345
-97.203 37.173
-97.202 37.064
-97.383 37.270
-97.390 37.283
-97.399 37.276
-97.403 37.280
-97.399 37.260
-97.387 37.259
-97.411 37.262
-96.829 39.034
-96.651 39.015
-96.548 39.015
-96.183 39.784
-96.183 39.871
-100.540 37.245
-100.353 37.078
-100.504 37.400
-98.120 39.463
-98.097 39.524
-96.851 39.006
-96.842 39.015
-96.833 39.021
-96.837 39.021
-95.796 39.908
-95.803 39.911
-96.074 39.842
-96.068 39.843
-95.814 39.904
-98.209 39.437
-98.104 39.453
-98.097 39.463
-98.844 38.917
-98.853 38.901
-96.850 39.021
-96.865 38.996
-96.846 39.028
-98.096 39.434
-98.091 39.456
-97.934 39.386
-97.986 39.349
-98.098 39.350
-98.322 39.263
-98.844 38.884
-98.858 38.881
-98.812 38.872
-96.864 39.022
-96.847 39.033
-96.869 39.017
-94.690 38.366
-94.686 38.148
-94.682 38.081
-97.985 39.437
-98.848 38.828
-98.875 38.740
-96.844 39.041
-96.856 39.040
-96.879 39.086
-94.842 38.117
-94.684 38.268
-100.182 37.234
-100.349 37.243
-98.209 39.524
-98.121 39.476
-98.433 39.510
-98.763 38.745
-98.816 38.885
-98.927 39.046
-98.650 39.046
-96.870 39.038
-96.813 39.061
-96.863 39.028
-96.856 39.026
-96.870 39.023
-96.873 39.011
-100.186 37.393
-100.326 37.409
-100.534 37.078
-100.181 37.078
-98.984 38.871
-98.540 39.046
-96.873 39.010
-96.868 39.004
-96.828 39.016
-96.808 39.052
-96.854 39.013
-96.866 39.025
-96.860 39.021
-96.845 39.050
-98.209 39.350
-98.432 39.524
-98.098 39.263
-98.986 38.740
-98.761 39.046
-98.671 38.839
-98.868 38.893
-98.541 38.827
-96.888 39.008
-96.131 39.724
-96.070 39.697
-96.125 39.728
-96.125 39.724
-96.183 39.958
-98.849 38.875
-96.603 38.914
-96.761 38.914
-96.868 38.925
-96.789 39.001
-96.732 39.024
-96.070 39.957
-95.958 39.870
-96.070 39.872
-98.112 39.473
-98.115 39.472
-98.433 39.437
-98.210 39.263
-98.321 39.524
-97.987 39.263
-101.774 37.275
-96.835 39.044
-96.845 39.073
-96.917 39.040
-96.831 39.064
-95.845 39.609
-95.952 39.682
-95.958 39.610
-101.773 37.075
-101.635 37.111
-101.881 37.063
-96.788 39.061
-96.808 39.077
-95.969 39.722
-95.958 39.783
-96.183 39.610
-96.070 39.610
-96.065 39.831
-98.306 39.500
-98.321 39.350
-98.434 39.263
-97.952 39.543
-97.985 39.524
-101.602 37.313
-101.894 37.009
-101.890 37.000
-96.821 39.060
-96.819 39.071
-96.818 39.087
-96.806 39.087
-96.070 39.784
-96.075 39.841
-96.059 39.838
-95.809 39.895
-95.795 39.897
-95.792 39.908
-98.321 39.437
-98.471 39.340
-98.433 39.350
-98.396 39.235
-101.905 37.003
-101.962 37.258
-101.989 37.060
-96.822 39.088
-96.809 39.087
-96.770 39.070
-96.783 39.066
-96.780 39.069
-94.992 38.331
-94.697 38.323
-95.845 39.957
-95.795 39.909
-95.807 39.908
-95.848 39.869
-96.780 39.082
-96.816 39.051
-94.986 38.213
-94.845 38.331
-94.684 38.203
-95.958 39.957
-95.792 39.932
-96.872 39.183
-96.906 39.148
-96.906 39.217
-96.932 39.214
-96.953 39.216
-95.005 38.096
-94.825 38.212
-95.845 39.784
-96.771 39.052
-96.825 39.020
-96.823 39.032
-94.842 38.059
-95.845 39.696
-96.184 39.696
-95.001 38.750
-94.820 38.840
-94.787 38.845
-94.712 38.876
-94.693 38.876
-94.682 38.876
-94.672 38.876
-94.657 38.876
-94.639 38.877
-94.794 38.900
-94.752 38.902
-94.768 38.909
-94.776 38.901
-94.794 38.846
-94.777 38.843
-94.785 38.851
-94.772 38.851
-94.766 38.846
-94.754 38.851
-94.619 38.876
-94.733 38.888
-94.733 38.895
-94.719 38.891
-94.710 38.896
-94.756 38.909
-94.747 38.909
-94.752 38.916
-94.747 38.924
-94.733 38.920
-94.719 38.920
-94.746 38.846
-94.741 38.844
-94.741 38.841
-94.712 38.831
-94.708 38.888
-94.693 38.888
-94.696 38.895
-94.680 38.889
-94.689 38.920
-94.677 38.917
-94.674 38.923
-94.685 38.805
-94.642 38.805
-94.656 38.887
-94.660 38.893
-94.647 38.888
-94.644 38.892
-94.635 38.891
-94.714 38.931
-94.696 38.935
-94.711 38.938
-94.719 38.939
-94.676 38.938
-95.744 37.898
-95.568 37.905
-95.585 37.785
-95.742 37.832
-95.800 37.839
-94.613 38.805
-94.618 38.814
-94.618 38.820
-94.610 38.827
-94.614 38.838
-94.631 38.829
-94.620 38.889
-94.618 38.895
-94.639 38.901
-94.658 38.937
-94.653 38.946
-94.662 38.946
-94.653 38.953
-94.663 38.953
-95.574 37.999
-95.730 37.980
-95.739 37.873
-95.912 37.821
-94.641 38.833
-94.657 38.832
-94.672 38.827
-94.665 38.846
-94.635 38.908
-94.644 38.908
-94.654 38.905
-94.627 38.904
-94.679 38.929
-94.657 38.919
-94.644 38.920
-95.886 37.975
-95.732 37.886
-94.656 38.844
-94.657 38.851
-94.820 38.863
-94.615 38.901
-94.617 38.908
-94.617 38.911
-94.675 38.898
-94.634 38.923
-94.619 38.923
-94.731 38.931
-94.732 38.938
-94.800 38.860
-94.793 38.866
-94.784 38.859
-94.781 38.866
-94.680 38.909
-94.697 38.902
-94.698 38.908
-94.709 38.904
-94.709 38.919
-94.691 38.910
-94.698 38.920
-94.695 38.924
-94.776 38.858
-94.767 38.857
-94.773 38.865
-94.765 38.864
-94.756 38.861
-94.717 38.906
-94.728 38.906
-94.747 38.863
-94.731 38.859
-94.711 38.863
-94.695 38.858
-94.734 38.902
-94.735 38.910
-94.752 38.891
-94.696 38.865
-94.682 38.862
-94.673 38.862
-94.664 38.861
-94.776 38.889
-94.771 38.895
-94.803 38.887
-94.802 38.894
-94.655 38.863
-94.652 38.857
-94.622 38.861
-94.623 38.844
-94.640 38.851
-94.640 38.862
-94.811 38.891
-94.807 38.903
-94.820 38.891
-94.831 38.891
-94.830 38.902
-94.895 38.877
-94.835 38.844
-94.863 38.861
-94.861 38.891
-94.839 38.873
-94.825 38.909
-94.851 38.909
-94.841 38.909
-94.849 38.912
-94.852 38.898
-94.849 38.876
-94.840 38.881
-94.829 38.874
-94.806 38.881
-94.802 38.872
-94.889 38.898
-94.871 38.914
-94.875 38.918
-94.878 38.918
-94.893 38.935
-94.844 38.927
-94.892 38.857
-94.786 38.873
-94.787 38.880
-94.770 38.873
-94.771 38.880
-94.822 38.934
-94.820 38.919
-94.802 38.909
-94.891 38.865
-94.933 38.844
-94.950 38.825
-95.011 38.805
-95.056 38.760
-95.020 38.761
-95.013 38.762
-95.020 38.767
-94.757 38.875
-94.748 38.877
-94.730 38.875
-94.738 38.878
-94.803 38.927
-94.792 38.926
-94.788 38.903
-97.071 38.131
-96.987 38.130
-96.886 38.129
-96.878 38.367
-96.294 39.206
-96.318 39.206
-96.890 38.222
-96.928 38.246
-96.930 38.241
-96.299 39.205
-96.551 39.190
-97.206 38.566
-96.926 38.235
-96.106 39.363
-96.533 39.248
-96.405 39.219
-96.311 39.270
-96.187 39.251
-96.101 39.234
-96.985 38.566
-96.333 39.348
-96.452 39.329
-96.601 39.355
-96.644 39.455
-96.526 39.436
-97.316 38.566
-97.017 38.344
-97.198 38.378
-96.408 39.435
-96.295 39.435
-97.206 38.479
-96.231 39.348
-96.106 39.308
-96.184 39.428
-97.317 38.479
-97.008 38.362
-96.082 39.435
-96.082 39.522
-96.184 39.515
-96.295 39.522
-97.098 38.393
-97.210 38.350
-96.407 39.523
-96.526 39.523
-96.317 39.213
-96.294 39.198
-96.524 39.195
-97.206 38.393
-97.317 38.391
-97.095 38.305
-97.096 38.479
-97.206 38.304
-96.988 38.351
-96.990 38.234
-96.941 38.474
-97.200 38.350
-97.316 38.304
-97.208 38.218
-97.317 38.218
-97.181 38.359
-97.097 38.218
-97.096 38.566
-96.992 38.338
-97.126 38.130
-99.347 39.872
-99.235 39.872
-97.312 39.784
-96.975 39.784
-97.087 39.958
-99.123 39.872
-99.123 39.959
-96.974 39.871
-97.087 39.872
-96.862 39.958
-97.313 39.872
-99.235 39.958
-99.347 39.958
-96.975 39.958
-96.862 39.871
-96.975 39.610
-97.087 39.697
-99.459 39.959
-99.571 39.958
-97.200 39.610
-97.313 39.959
-97.200 39.958
-97.200 39.785
-97.088 39.610
-97.035 39.818
-97.046 39.804
-97.054 39.813
-94.750 37.360
-94.796 37.368
-94.814 37.345
-94.826 37.345
-94.884 37.376
-97.200 39.872
-94.852 37.429
-95.019 37.354
-95.013 37.400
-94.620 37.560
-97.200 39.697
-97.088 39.784
-97.053 39.817
-94.625 37.554
-94.654 37.546
-94.732 37.521
-99.235 39.611
-99.347 39.611
-94.732 37.536
-94.733 37.550
-94.809 37.507
-94.838 37.505
-94.839 37.515
-99.459 39.611
-99.572 39.611
-94.855 37.506
-94.893 37.506
-95.015 37.507
-94.624 37.641
-99.572 39.698
-99.460 39.698
-94.664 37.639
-94.714 37.605
-94.860 37.616
-94.970 37.662
-99.347 39.698
-99.235 39.698
-94.998 37.645
-94.979 37.587
-95.075 37.600
-99.123 39.698
-99.123 39.785
-95.057 37.607
-94.686 37.373
-94.820 37.510
-94.698 37.463
-94.713 37.386
-94.712 37.372
-99.235 39.785
-99.348 39.786
-99.319 39.737
-99.327 39.752
-99.315 39.750
-94.850 37.516
-94.704 37.490
-99.325 39.761
-99.459 39.785
-96.975 39.697
-96.863 39.697
-99.572 39.785
-99.571 39.872
-96.863 39.784
-96.863 39.610
-99.459 39.872
-97.312 39.610
-97.312 39.697
-100.897 37.991
-100.824 38.033
-100.714 37.848
-100.855 37.969
-100.827 37.930
-95.437 37.816
-95.448 37.892
-95.448 37.805
-95.490 37.796
-95.431 37.819
-95.410 37.937
-96.990 37.607
-96.880 37.694
-95.313 39.218
-95.380 37.939
-95.388 37.925
-95.401 37.911
-95.412 37.941
-96.771 37.694
-96.881 37.607
-95.432 39.260
-95.485 39.360
-95.543 39.223
-95.310 39.392
-95.413 39.181
-95.414 37.924
-95.404 37.910
-95.152 37.994
-96.771 37.607
-96.881 37.520
-95.415 39.101
-95.262 39.333
-95.220 39.214
-95.540 39.101
-95.313 39.090
-95.229 39.095
-95.153 37.900
-95.158 37.813
-96.771 37.519
-96.621 37.520
-96.621 37.607
-96.621 37.694
-96.859 37.984
-96.825 37.769
-96.817 37.776
-96.715 37.819
-96.621 37.781
-96.664 37.919
-96.655 38.028
-96.989 37.781
-95.477 39.176
-96.860 37.821
-96.889 37.820
-96.872 37.812
-96.856 37.803
-96.864 37.809
-96.851 37.813
-101.021 37.960
-100.911 38.027
-96.844 37.824
-96.885 37.837
-96.874 37.828
-100.880 37.987
-100.867 37.970
-96.864 37.829
-96.855 37.829
-96.881 37.809
-97.099 37.782
-100.836 37.968
-100.886 37.979
-96.841 37.840
-97.095 37.607
-96.991 37.694
-96.967 37.705
-96.987 37.868
-100.875 37.979
-100.883 37.972
-100.874 37.962
-100.870 37.909
-100.993 38.178
-100.805 37.948
-95.473 37.995
-95.381 37.995
-96.978 37.701
-97.097 37.869
-96.987 37.956
-97.097 37.956
-96.978 38.043
-100.864 37.996
-100.843 37.993
-95.280 37.994
-95.345 37.907
-96.970 37.689
-96.978 37.680
-96.982 37.664
-97.115 37.721
-97.098 38.044
-96.906 37.821
-97.118 37.676
-97.142 37.669
-97.142 37.678
-96.879 37.803
-96.907 37.817
-96.902 37.818
-100.719 38.025
-100.857 37.991
-100.865 37.985
-95.398 37.939
-95.467 37.937
-95.347 37.754
-95.415 37.824
-97.136 37.712
-97.149 37.706
-97.056 37.709
-97.087 37.694
-97.140 37.603
-97.123 37.587
-97.148 37.574
-97.143 37.557
-97.150 37.550
-97.120 37.663
-97.148 37.716
-97.131 37.681
-97.125 37.678
-100.857 37.982
-100.851 37.982
-100.845 37.983
-95.303 37.820
-95.161 37.755
-97.151 37.669
-97.136 37.666
-97.110 37.660
-97.047 37.678
-97.079 37.681
-97.078 37.673
-97.084 37.556
-97.126 37.578
-97.136 37.590
-97.148 37.552
-96.834 37.850
-96.849 37.860
-100.866 37.978
-100.859 37.970
-100.851 37.969
-100.562 38.131
-100.774 38.178
-100.912 37.796
-100.343 38.134
-95.271 37.907
-95.438 37.807
-97.133 37.565
-97.098 37.512
-96.990 37.519
-94.645 37.433
-94.685 37.449
-94.708 37.449
-94.735 38.960
-94.745 38.967
-94.734 38.968
-94.729 38.955
-94.661 39.026
-94.653 39.029
-94.645 39.027
-94.644 39.031
-94.640 39.032
-94.645 39.035
-94.645 39.040
-94.825 39.036
-94.832 39.039
-94.847 39.041
-94.721 37.438
-94.703 37.431
-94.695 37.431
-94.714 38.960
-94.700 38.960
-94.691 38.961
-94.682 38.960
-94.711 38.967
-94.654 39.037
-94.662 39.040
-94.665 39.035
-94.836 39.049
-94.858 39.057
-94.879 39.010
-94.898 38.975
-94.989 38.921
-95.001 38.977
-94.685 37.428
-94.672 37.426
-94.679 37.417
-94.701 37.415
-94.715 37.413
-94.693 38.968
-94.682 38.967
-94.672 38.960
-94.663 38.960
-94.654 38.960
-94.640 38.960
-94.678 39.035
-94.694 39.022
-94.700 39.029
-94.880 38.973
-94.882 38.954
-94.909 38.966
-94.954 38.951
-94.933 38.971
-94.690 37.380
-94.649 37.359
-94.710 37.391
-94.674 37.377
-94.672 38.968
-94.663 38.968
-94.654 38.968
-94.625 38.962
-94.613 38.964
-94.695 39.037
-94.696 39.042
-94.722 39.033
-94.710 39.034
-94.715 39.040
-94.985 38.974
-94.976 38.962
-95.004 38.947
-94.685 37.405
-94.714 37.410
-94.712 37.406
-94.715 37.403
-94.712 37.398
-94.694 37.395
-94.622 38.973
-94.635 38.971
-94.644 38.973
-94.654 38.975
-94.743 39.034
-94.739 39.040
-94.768 39.036
-94.913 38.977
-94.919 38.981
-94.925 38.984
-95.022 38.992
-94.916 38.846
-94.960 38.822
-94.939 38.822
-94.959 38.831
-94.654 38.982
-94.663 38.979
-94.672 38.979
-94.681 38.974
-94.682 38.981
-94.762 39.022
-94.753 39.026
-94.715 39.026
-94.737 39.026
-94.737 39.018
-94.936 38.823
-94.903 38.816
-94.865 38.835
-94.836 38.823
-94.839 38.808
-99.872 39.001
-99.695 39.023
-94.690 38.977
-94.693 38.989
-94.675 38.989
-94.664 38.989
-94.657 38.991
-94.725 39.021
-94.712 39.019
-94.733 39.011
-94.715 39.011
-94.715 39.006
-94.734 39.005
-94.803 38.834
-94.790 38.836
-94.781 38.839
-94.775 38.837
-94.766 38.836
-94.753 38.835
-94.729 38.847
-99.651 38.914
-99.888 39.022
-94.649 38.989
-94.643 38.985
-94.635 38.986
-94.626 38.984
-94.722 39.002
-94.710 38.998
-94.719 38.996
-94.734 38.996
-94.738 38.988
-94.726 38.989
-94.713 38.990
-94.766 38.822
-94.772 38.822
-94.784 38.815
-94.791 38.823
-94.752 38.818
-99.875 38.783
-100.060 38.769
-99.690 38.784
-99.882 39.027
-94.620 38.938
-94.635 38.941
-94.613 38.949
-94.622 38.948
-94.626 38.953
-94.622 38.990
-94.615 38.980
-94.612 38.989
-94.643 38.998
-94.634 38.996
-94.696 38.981
-94.703 38.982
-94.703 38.974
-94.718 38.979
-94.723 38.797
-94.751 38.789
-94.858 38.816
-94.810 38.740
-94.803 38.781
-94.806 38.774
-99.874 39.023
-100.118 39.037
-94.644 38.941
-94.644 38.953
-94.635 38.953
-94.691 38.945
-94.691 38.953
-94.701 38.947
-94.624 38.996
-94.658 38.997
-94.659 39.004
-94.672 38.999
-94.680 39.001
-94.733 38.975
-94.743 38.982
-94.755 38.983
-94.795 38.756
-94.818 38.763
-94.716 38.759
-94.614 38.777
-94.617 38.788
-94.639 38.759
-94.816 38.778
-94.700 38.953
-94.672 38.946
-94.682 38.946
-94.677 38.953
-94.714 38.952
-94.691 39.000
-94.700 39.001
-94.691 39.011
-94.668 39.011
-94.654 39.011
-94.751 38.975
-94.764 38.975
-94.775 38.979
-94.766 38.986
-94.919 38.806
-94.918 38.803
-94.928 38.787
-94.900 38.806
-94.934 38.805
-94.917 38.770
-94.710 38.945
-94.718 38.946
-94.728 38.946
-94.740 38.943
-94.765 38.937
-94.645 39.004
-94.635 39.005
-94.640 39.012
-94.614 38.997
-94.618 39.004
-94.752 38.989
-94.751 38.996
-94.747 39.005
-94.753 39.011
-94.781 39.015
-94.914 38.828
-95.034 38.890
-94.672 38.789
-94.649 38.826
-94.869 38.851
-94.946 38.954
-94.937 38.954
-94.798 38.957
-94.837 38.947
-94.625 39.011
-94.614 39.011
-94.644 39.020
-94.635 39.019
-94.626 39.022
-94.767 39.004
-94.788 39.004
-94.837 38.810
-94.822 38.761
-94.869 38.916
-94.863 38.915
-94.839 38.851
-94.869 38.883
-94.784 38.838
-94.798 38.830
-94.762 38.829
-94.829 38.957
-94.838 38.969
-94.841 38.976
-94.615 39.023
-94.631 39.028
-94.620 39.030
-94.637 39.030
-94.781 38.993
-94.826 38.995
-94.799 38.825
-94.743 38.846
-94.995 38.776
-94.987 38.786
-94.832 38.835
-94.835 38.844
-94.797 38.812
-95.006 38.923
-94.942 38.802
-94.963 38.796
-94.630 38.851
-94.817 38.766
-94.711 37.466
-94.657 37.495
-94.804 38.978
-94.752 38.959
-94.762 38.960
-94.630 39.036
-94.626 39.041
-94.637 39.040
-94.611 39.034
-94.616 39.037
-94.801 39.027
-94.830 39.017
-94.832 39.026
-94.745 37.486
-94.749 37.416
-94.681 37.462
-94.773 38.963
-94.765 38.968
-94.756 38.968
-94.749 38.964
-94.610 39.039
-94.615 39.042
-94.653 39.022
-94.660 39.017
-94.682 39.022
-94.671 39.024
-94.847 39.018
-94.863 39.015
-94.863 39.037
-94.847 39.033
-95.089 39.806
-95.177 39.702
-95.078 39.683
-95.284 39.697
-95.225 39.786
-95.002 39.783
-94.968 39.852
-94.938 39.779
-95.001 39.717
-97.569 38.831
-97.569 38.839
-97.594 38.843
-97.593 38.852
-96.285 37.812
-96.365 37.916
-96.456 37.887
-97.600 38.813
-97.600 38.818
-97.609 38.806
-97.602 38.804
-95.315 39.788
-94.882 39.748
-97.762 38.827
-97.617 38.844
-97.612 38.835
-97.609 38.795
-97.611 38.782
-97.651 38.736
-97.696 38.762
-97.640 38.843
-97.626 38.854
-97.593 38.878
-95.250 39.868
-95.283 39.944
-95.876 38.477
-95.876 38.565
-95.749 38.510
-95.778 38.648
-95.835 38.717
-97.618 38.837
-97.630 38.832
-97.633 38.824
-97.618 38.828
-97.593 38.863
-97.581 38.858
-97.567 38.851
-97.612 38.776
-97.573 38.795
-97.600 38.865
-97.626 38.795
-95.872 38.746
-95.761 38.804
-95.670 38.714
-95.894 38.652
-101.564 38.982
-101.945 38.886
-101.567 38.765
-101.781 38.922
-97.617 38.822
-97.617 38.816
-97.608 38.827
-97.630 38.816
-97.624 38.810
-95.554 38.481
-95.556 38.804
-95.672 38.631
-95.667 38.793
-95.549 38.693
-101.693 39.014
-97.601 38.834
-97.608 38.822
-97.599 38.823
-97.609 38.816
-95.557 38.574
-95.833 38.638
-95.834 38.624
-95.667 38.588
-95.872 38.812
-95.669 38.844
-97.617 38.799
-97.670 38.834
-97.645 38.788
-97.590 38.834
-97.581 38.834
-97.760 39.372
-97.760 39.481
-95.646 38.500
-95.594 38.651
-95.821 38.627
-95.812 38.640
-95.812 38.646
-95.839 38.636
-95.839 38.636
-95.842 38.652
-97.873 39.502
-97.768 39.580
-97.648 39.459
-97.536 39.524
-97.536 39.438
-97.424 39.437
-97.536 39.350
-97.675 39.625
-97.685 39.554
-97.875 39.610
-97.675 39.349
-97.623 39.560
-97.619 39.351
-99.482 37.178
-97.531 38.827
-97.538 38.914
-97.651 38.915
-97.428 38.914
-97.428 38.827
-97.761 38.914
-97.613 38.868
-97.428 38.740
-97.427 38.653
-97.425 39.350
-97.427 39.534
-97.666 39.573
-99.313 37.085
-99.202 37.201
-99.110 37.340
-97.538 38.653
-97.539 38.740
-97.648 38.653
-97.814 38.653
-97.873 38.784
-97.662 39.557
-97.670 39.564
-97.679 39.575
-97.677 39.567
-97.762 38.740
-97.873 38.915
-101.420 37.061
-101.448 37.323
-101.198 37.304
-97.650 39.559
-97.646 39.573
-97.655 39.554
-97.531 39.583
-97.540 39.623
-97.598 38.786
-97.591 38.802
-97.592 38.809
-96.431 38.022
-96.200 37.985
-96.197 37.839
-96.198 37.722
-96.041 37.666
-96.284 37.818
-96.307 37.840
-96.050 37.867
-96.013 38.106
-96.230 37.641
-96.044 37.779
-101.341 37.174
-101.457 37.192
-101.217 37.175
-101.348 37.222
-101.353 37.182
-101.346 37.182
-97.420 39.618
-97.873 39.372
-97.589 38.819
-97.570 38.815
-96.411 37.682
-96.013 37.975
-96.210 38.115
-96.299 37.828
-96.287 37.826
-96.444 37.781
-96.291 37.851
-101.353 37.173
-96.983 38.740
-96.969 38.830
-97.201 38.899
-97.236 38.904
-97.241 38.934
-97.206 38.912
-100.887 39.438
-100.888 39.329
-100.776 39.438
-97.202 38.914
-97.214 38.913
-100.777 39.329
-100.833 39.198
-100.831 39.525
-101.049 39.369
-101.034 39.389
-98.190 37.516
-98.410 37.689
-98.137 37.603
-98.410 37.602
-97.239 38.923
-97.211 38.921
-97.212 38.936
-97.214 38.926
-97.316 38.653
-97.972 37.429
-98.301 37.689
-97.206 38.653
-97.205 38.740
-96.184 38.409
-96.186 38.416
-98.081 37.428
-98.300 37.602
-97.096 38.653
-96.191 38.409
-96.194 38.416
-96.203 38.403
-96.136 38.373
-96.162 38.402
-96.152 38.388
-97.019 37.221
-96.871 37.354
-98.079 37.693
-98.105 37.652
-97.316 39.002
-96.166 38.392
-96.191 38.396
-96.176 38.409
-97.011 37.243
-96.962 37.237
-98.191 37.689
-98.122 37.659
-98.128 37.654
-97.204 39.003
-97.204 39.090
-96.167 38.412
-96.158 38.409
-96.152 38.387
-96.198 38.409
-96.217 38.371
-96.220 38.409
-96.232 38.403
-96.966 37.247
-96.975 37.257
-98.125 37.637
-98.300 37.515
-97.102 39.003
-97.093 38.915
-97.005 39.000
-96.191 38.327
-96.209 38.393
-96.177 38.417
-96.191 38.424
-96.167 38.416
-96.163 38.415
-96.988 37.252
-96.980 37.242
-96.984 37.235
-97.972 37.690
-98.106 37.639
-97.972 37.604
-96.982 38.914
-97.093 38.827
-96.203 38.420
-96.221 38.416
-96.203 38.430
-96.220 38.423
-96.991 37.242
-96.994 37.235
-96.989 37.235
-97.044 37.098
-97.030 37.065
-97.024 37.063
-97.862 37.430
-98.190 37.428
-97.315 39.089
-97.102 39.090
-96.217 38.431
-96.152 38.521
-96.242 38.674
-96.082 38.641
-96.280 38.529
-96.018 38.688
-97.037 37.135
-97.017 37.039
-97.032 37.104
-97.022 37.218
-98.410 37.515
-98.081 37.516
-101.054 39.503
-101.278 39.504
-97.316 38.740
-97.316 38.827
-96.022 38.540
-96.300 38.384
-96.024 38.398
-96.246 38.246
-96.046 38.245
-96.217 38.437
-96.207 38.434
-96.241 38.420
-96.239 38.418
-97.972 37.517
-97.863 37.518
-98.410 37.428
-101.223 39.374
-101.335 39.374
-97.317 38.915
-97.205 38.828
-96.988 38.651
-96.940 38.678
-96.942 38.667
-96.956 38.673
-96.233 38.417
-96.231 38.419
-96.236 38.422
-96.152 38.384
-96.147 38.392
-96.162 38.415
-96.229 38.404
-96.208 38.434
-96.196 38.432
-96.190 38.428
-97.863 37.690
-97.863 37.604
-98.108 37.658
-101.057 39.398
-101.040 39.401
-101.111 39.373
-100.997 39.372
-101.047 39.393
-97.094 38.740
-98.300 37.428
-98.130 37.661
-101.065 39.404
-101.048 39.376
-101.009 39.358
-101.050 39.375
-101.280 39.222
-101.056 39.220
-94.624 39.120
-94.619 39.121
-94.607 39.141
-94.613 39.106
-94.816 39.165
-94.778 39.164
-96.682 37.188
-94.732 39.092
-94.699 39.050
-94.708 39.058
-94.691 39.049
-96.778 37.064
-96.843 37.172
-94.691 39.060
-94.677 39.050
-94.662 39.051
-96.769 37.432
-94.673 39.066
-94.697 39.074
-94.682 39.071
-94.667 39.075
-94.656 39.069
-97.011 37.234
-96.992 37.222
-97.010 37.219
-96.991 37.207
-94.662 39.062
-94.646 39.055
-94.614 39.047
-94.614 39.052
-96.870 37.259
-97.097 37.433
-94.627 39.048
-94.636 39.049
-94.611 39.062
-94.627 39.058
-96.770 37.345
-96.878 37.426
-94.622 39.072
-94.646 39.070
-94.624 39.086
-96.770 37.259
-96.621 37.324
-96.986 37.019
-96.877 37.063
-97.014 37.069
-96.988 37.433
-96.988 37.346
-96.881 37.336
-96.963 37.256
-97.097 37.347
-96.619 37.432
-97.065 37.110
-94.816 39.189
-94.871 39.146
-94.687 39.088
-94.651 39.088
-94.639 39.096
-94.660 39.142
-97.028 37.070
-97.020 37.060
-94.845 39.119
-94.878 39.095
-94.895 39.075
-94.624 39.100
-94.632 39.103
-94.638 39.099
-94.645 39.102
-94.643 39.108
-94.634 39.113
-94.626 39.112
-97.044 37.066
-97.036 37.072
-94.881 39.064
-94.897 39.054
-94.900 39.022
-94.642 39.113
-94.656 39.113
-94.667 39.110
-94.696 39.109
-97.030 37.080
-96.973 37.068
-97.002 37.076
-97.044 37.072
-94.848 39.079
-94.819 39.085
-94.716 39.100
-94.658 39.102
-94.661 39.120
-94.634 39.121
-97.045 37.091
-97.032 37.092
-97.041 37.059
-94.811 39.055
-94.770 39.046
-94.739 39.061
-94.777 39.071
-94.754 39.086
-94.643 39.125
-94.656 39.124
-94.664 39.128
-94.679 39.121
-94.674 39.130
-97.014 37.052
-97.031 37.053
-97.029 37.046
-94.773 39.095
-94.786 39.110
-94.770 39.106
-94.765 39.113
-94.788 39.122
-94.647 39.132
-94.655 39.132
-94.649 39.139
-94.688 39.132
-94.677 39.140
-97.048 37.048
-97.036 37.045
-97.049 37.059
-94.773 39.122
-94.764 39.124
-94.772 39.134
-94.762 39.136
-94.753 39.134
-94.830 39.134
-94.834 39.148
-97.103 37.048
-97.056 37.080
-97.053 37.054
-97.090 37.259
-94.749 39.138
-94.740 39.139
-94.727 39.132
-94.741 39.131
-94.728 39.140
-94.805 39.142
-94.729 39.150
-94.751 39.155
-97.095 37.172
-96.982 37.159
-96.567 37.176
-94.711 39.151
-94.703 39.136
-94.712 39.133
-94.701 39.123
-94.721 39.123
-94.721 39.158
-94.698 39.152
-94.682 39.163
-96.588 37.054
-96.687 37.063
-94.733 39.123
-94.757 39.122
-94.746 39.123
-94.751 39.110
-94.730 39.112
-94.630 39.146
-94.640 39.141
-94.630 39.133
-94.624 39.126
-101.269 38.007
-101.159 38.019
-101.213 38.170
-101.432 38.169
-101.356 37.802
-101.200 37.878
-101.258 37.944
-101.281 37.924
-100.135 38.335
-100.142 38.627
-100.151 38.477
-99.912 38.631
-99.697 38.625
-99.697 38.480
-99.991 38.508
-99.862 38.502
-99.864 38.444
-99.916 38.349
-99.695 38.335
-97.763 39.871
-97.640 39.829
-97.651 39.958
-97.425 39.871
-97.425 39.958
-97.763 39.958
-97.538 39.958
-97.658 39.819
-97.876 39.871
-97.876 39.958
-97.538 39.871
-100.815 39.611
-100.930 39.635
-100.822 39.697
-100.786 39.909
-100.911 39.774
-101.244 39.655
-100.944 39.872
-101.041 39.803
-101.045 39.809
-97.634 39.828
-101.038 39.809
-101.043 39.817
-101.120 39.742
-101.370 39.785
-101.313 39.818
-97.424 39.698
-97.538 39.697
-101.075 39.959
-100.827 39.892
-101.044 39.818
-101.010 39.718
-97.763 39.697
-97.876 39.697
-97.425 39.785
-97.538 39.784
-97.763 39.784
-97.876 39.784
-97.627 39.830
-97.637 39.818
-97.652 39.871
-97.627 39.819
-97.652 39.782
-97.651 39.697
-99.088 38.414
-99.198 38.415
-99.419 38.415
-99.198 38.530
-99.282 38.531
-99.392 38.531
-99.530 38.451
-99.088 38.639
-99.199 38.639
-99.309 38.640
-99.308 38.415
-99.088 38.530
-99.482 38.631
-98.222 38.728
-98.219 38.738
-98.234 38.738
-97.989 38.662
-98.080 38.644
-97.980 38.566
-98.091 38.566
-98.202 38.653
-98.313 38.565
-98.313 38.653
-98.425 38.565
-98.425 38.653
-98.430 38.740
-98.319 38.740
-98.224 38.741
-98.169 38.741
-98.095 38.740
-97.984 38.740
-97.984 38.828
-98.095 38.828
-98.207 38.827
-98.319 38.827
-98.430 38.827
-98.239 38.716
-94.884 38.568
-94.867 38.567
-94.872 38.585
-94.850 38.566
-94.869 38.595
-94.908 38.562
-94.871 38.550
-94.934 38.498
-94.945 38.488
-94.903 38.532
-94.927 38.501
-94.924 38.498
-94.958 38.478
-94.872 38.598
-94.671 38.632
-94.671 38.621
-94.668 38.622
-94.891 38.505
-94.827 38.738
-94.845 38.737
-94.846 38.581
-94.824 38.583
-94.856 38.565
-94.841 38.548
-94.669 38.644
-94.659 38.563
-94.654 38.454
-94.747 38.451
-94.753 38.567
-94.690 38.597
-94.663 38.596
-94.811 38.514
-94.860 38.436
-94.922 38.536
-94.898 38.594
-94.677 38.627
-94.676 38.613
-94.701 38.646
-94.998 38.481
-94.992 38.419
-94.862 38.652
-94.864 38.715
-94.990 38.672
-94.849 38.734
-94.830 38.730
-94.814 38.715
-94.648 38.708
-94.754 38.679
-95.005 38.565
-94.935 38.512
-94.964 38.500
-94.966 38.494
-94.943 38.493
-94.954 38.467
-94.955 38.481
-94.939 38.537
-94.831 38.719
-94.996 38.530
-94.852 38.586
-97.318 38.130
-97.347 38.077
-97.208 38.131
-97.369 38.051
-97.368 38.036
-97.671 38.024
-97.328 38.052
-97.330 38.045
-97.356 38.046
-97.355 38.051
-97.334 38.053
-97.335 38.059
-97.352 38.055
-97.258 38.119
-97.323 38.038
-97.333 38.032
-97.208 38.043
-97.208 37.956
-97.361 38.028
-97.339 38.060
-97.317 38.039
-97.317 38.035
-97.357 38.019
-97.356 38.006
-97.659 38.026
-97.647 38.130
-97.646 38.044
-97.647 37.956
-97.427 37.957
-97.318 37.956
-97.365 38.074
-97.296 38.045
-97.429 38.043
-97.428 38.129
-97.537 38.130
-97.349 38.017
-97.417 38.143
-97.434 38.134
-97.538 38.044
-97.511 38.004
-97.508 37.995
-97.538 37.955
-97.421 37.918
-97.355 38.064
-95.596 37.040
-95.560 37.272
-95.561 37.320
-95.545 37.266
-95.600 37.226
-95.643 37.318
-95.617 37.039
-95.615 37.046
-95.624 37.045
-95.612 37.049
-95.636 37.041
-95.621 37.035
-95.631 37.039
-95.630 37.033
-95.642 37.053
-95.621 37.023
-95.652 37.046
-95.645 37.044
-95.666 37.040
-95.710 37.061
-95.600 37.160
-95.744 37.170
-95.697 37.228
-95.703 37.239
-95.699 37.251
-95.751 37.321
-95.711 37.225
-95.696 37.218
-95.703 37.218
-95.717 37.229
-95.715 37.234
-95.714 37.244
-95.718 37.255
-95.711 37.219
-95.736 37.225
-95.723 37.220
-95.776 37.235
-95.722 37.206
-95.713 37.253
-95.892 37.321
-95.930 37.009
-95.930 37.017
-95.939 37.017
-95.581 37.095
-95.581 37.051
-95.945 37.011
-95.672 37.044
-95.734 37.222
-95.781 37.155
-95.929 37.065
-95.915 37.022
-95.896 37.025
-95.937 37.009
-95.892 37.190
-95.857 37.061
-95.783 37.062
-95.641 37.085
-95.564 37.063
-95.642 37.015
-95.606 37.033
-95.580 37.428
-95.815 37.528
-95.708 37.407
-95.703 37.430
-95.699 37.431
-95.688 37.441
-95.828 37.520
-95.834 37.530
-95.821 37.541
-95.831 37.539
-95.598 37.602
-95.598 37.689
-95.724 37.690
-95.724 37.603
-95.824 37.603
-95.915 37.676
-95.670 37.410
-95.824 37.690
-95.681 37.415
-95.682 37.419
-95.684 37.425
-95.579 37.515
-95.688 37.428
-95.688 37.515
-95.797 37.429
-95.681 37.433
-95.805 37.514
-95.916 37.545
-95.907 37.429
-95.591 38.303
-95.591 38.390
-95.769 38.199
-95.729 38.199
-95.735 38.191
-95.589 38.168
-95.564 38.089
-95.638 38.090
-95.697 38.201
-95.593 38.228
-95.885 38.105
-95.764 38.170
-95.881 38.229
-95.748 38.298
-95.742 38.203
-95.746 38.196
-95.746 38.187
-95.739 38.083
-95.742 38.169
-95.764 38.198
-95.740 38.178
-95.748 38.390
-95.883 38.360
-101.938 39.864
-102.013 39.655
-101.675 39.925
-101.919 39.655
-101.692 39.786
-101.805 39.916
-101.519 39.776
-101.754 39.663
-98.041 37.276
-98.019 37.296
-97.991 37.150
-98.054 37.121
-98.044 37.131
-98.080 37.159
-98.051 37.181
-98.035 37.149
-98.078 37.099
-98.085 37.253
-98.085 37.341
-97.875 37.096
-97.922 37.342
-98.239 37.082
-98.239 37.276
-98.035 37.284
-98.020 37.286
-97.919 37.254
-98.038 37.160
-98.025 37.149
-98.025 37.159
-97.980 37.126
