-91.332 32.694
-91.189 32.808
-91.169 32.837
-91.200 32.839
-91.365 32.585
-91.174 32.802
-91.183 32.801
-91.182 32.586
-91.179 32.807
-91.177 32.795
-91.305 32.776
-91.182 32.822
-91.206 32.816
-91.202 32.741
-91.239 32.820
-91.204 32.797
-91.182 32.924
-91.170 32.810
-91.192 32.698
-91.183 32.796
-91.304 32.838
-91.223 32.835
-91.177 32.799
-91.269 32.881
-93.310 32.274
-93.210 32.391
-93.206 32.344
-92.865 32.324
-92.859 32.405
-93.296 32.348
-93.194 32.433
-93.004 32.554
-93.346 32.365
-92.880 32.222
-93.077 32.515
-92.955 32.552
-92.921 32.549
-93.135 32.272
-93.033 32.241
-91.657 31.981
-91.583 32.255
-91.726 32.160
-91.720 32.129
-91.778 32.090
-91.688 32.150
-92.930 32.561
-93.146 32.339
-93.019 32.357
-93.001 32.476
-93.111 32.410
-93.164 32.204
-93.136 32.544
-93.127 32.170
-93.009 32.171
-93.282 32.303
-92.918 32.494
-91.711 32.132
-91.714 32.168
-91.544 32.350
-91.839 31.991
-91.668 31.977
-91.725 32.166
-91.722 32.264
-91.744 32.184
-91.850 32.123
-91.656 32.353
-91.624 32.196
-91.717 32.153
-91.690 32.014
-93.821 32.485
-93.760 32.428
-93.821 32.534
-93.706 32.431
-93.810 32.550
-93.807 32.540
-93.762 32.438
-93.922 32.263
-93.698 32.470
-93.822 32.397
-93.750 32.493
-93.857 32.445
-93.864 32.531
-93.820 32.565
-93.873 32.393
-93.823 32.410
-93.741 32.468
-93.710 32.488
-93.729 32.489
-93.995 32.287
-93.801 32.465
-93.826 32.590
-93.723 32.431
-93.843 32.829
-93.876 32.960
-93.785 32.500
-93.762 32.369
-93.837 32.752
-93.792 32.529
-93.843 32.547
-93.762 32.408
-93.978 32.489
-93.735 32.504
-93.721 32.450
-93.834 32.492
-93.799 32.499
-93.787 32.408
-93.782 32.450
-93.734 32.392
-93.798 32.457
-93.721 32.499
-93.769 32.496
-93.726 32.340
-93.795 32.386
-93.695 32.409
-93.909 32.464
-93.716 32.467
-93.589 32.300
-93.887 32.434
-93.762 32.481
-93.775 32.490
-93.685 32.339
-93.807 32.479
-93.709 32.421
-93.797 32.488
-93.976 32.745
-93.793 32.438
-93.729 32.460
-93.740 32.453
-93.735 32.435
-93.761 32.537
-93.964 32.563
-93.836 32.834
-93.789 32.477
-93.850 32.352
-93.937 32.856
-93.740 32.537
-93.847 32.422
-93.805 32.426
-93.725 32.471
-93.753 32.416
-93.742 32.477
-93.738 32.488
-93.822 32.460
-93.826 32.384
-93.978 32.656
-93.858 32.466
-93.882 32.885
-93.766 32.460
-93.769 32.502
-93.778 32.480
-93.712 32.416
-93.970 32.748
-93.964 32.436
-93.787 32.508
-93.742 32.494
-91.723 32.069
-91.724 31.948
-91.585 32.130
-91.683 32.045
-91.731 32.167
-91.577 32.011
-91.773 32.005
-91.686 32.199
-93.704 32.461
-93.727 32.498
-93.834 32.610
-93.767 32.467
-93.800 32.396
-93.768 32.449
-93.752 32.444
-94.017 32.841
-93.838 32.393
-93.878 32.601
-93.752 32.458
-91.782 32.170
-93.788 32.494
-93.714 32.405
-93.780 32.423
-93.706 32.450
-93.895 33.000
-93.794 32.448
-93.992 32.978
-93.768 32.515
-93.809 32.464
-93.764 32.508
-93.676 32.415
-93.838 32.692
-93.785 32.396
-93.740 32.369
-93.733 32.417
-93.750 32.505
-93.750 32.469
-93.860 32.496
-93.961 32.683
-93.742 32.436
-93.821 32.521
-93.775 32.435
-93.772 32.393
-93.790 32.374
-93.806 32.410
-93.714 32.461
-93.827 32.331
-93.976 32.395
-93.712 32.476
-93.782 32.566
-93.883 32.360
-93.728 32.516
-93.751 32.479
-93.888 32.496
-93.884 32.609
-93.785 32.465
-93.823 32.445
-93.732 32.477
-93.714 32.343
-93.820 32.468
-93.745 32.425
-93.697 32.384
-93.267 30.837
-93.584 30.497
-93.285 30.650
-93.270 30.530
-93.202 30.872
-93.140 30.843
-93.210 30.778
-93.358 30.829
-93.264 30.846
-93.259 30.824
-93.284 30.570
-93.529 30.816
-93.189 30.618
-93.040 30.850
-93.217 30.479
-93.201 30.455
-93.319 30.775
-93.176 30.843
-93.293 30.879
-93.280 30.809
-93.215 30.702
-93.324 30.837
-93.330 30.474
-93.405 30.677
-93.022 30.800
-93.182 30.544
-93.069 30.634
-93.087 30.775
-93.293 30.829
-93.525 30.757
-93.257 30.869
-93.116 30.728
-93.262 30.760
-93.555 30.689
-93.150 30.723
-93.036 30.700
-93.307 30.839
-93.305 30.853
-93.297 30.862
-93.276 30.861
-93.424 30.548
-93.263 30.794
-93.215 30.839
-93.432 30.819
-93.651 30.573
-90.514 29.592
-90.771 29.802
-90.287 29.632
-90.721 29.779
-90.316 29.400
-90.819 29.789
-90.317 29.512
-90.316 29.463
-90.883 30.227
-90.983 30.104
-90.912 30.240
-90.495 29.794
-90.808 29.819
-90.533 29.638
-90.429 29.415
-90.837 29.793
-90.365 29.508
-90.825 29.784
-90.967 30.333
-90.980 30.204
-90.832 30.229
-90.939 30.264
-90.895 30.334
-90.610 29.721
-90.735 29.702
-90.830 29.792
-90.794 29.778
-90.140 29.382
-90.623 29.614
-90.554 29.731
-90.429 29.699
-90.946 30.104
-90.913 30.299
-91.018 30.267
-90.377 29.562
-90.557 29.682
-90.864 29.777
-90.878 30.255
-90.996 30.093
-90.912 30.226
-90.850 30.245
-90.848 29.791
-90.549 29.657
-93.367 31.997
-93.256 32.096
-93.329 32.011
-93.478 32.121
-93.345 32.055
-93.228 31.977
-93.202 32.036
-91.014 30.111
-90.936 30.216
-90.942 30.307
-90.824 29.808
-90.598 29.715
-90.819 29.781
-90.240 29.188
-90.694 29.731
-90.988 30.107
-90.930 30.239
-90.988 30.141
-90.836 29.773
-90.382 29.457
-90.497 29.634
-90.834 29.812
-90.810 29.792
-90.626 29.866
-90.880 29.843
-90.867 30.292
-90.936 30.334
-90.840 29.783
-90.815 29.875
-90.254 29.513
-90.825 29.792
-90.626 29.676
-90.284 29.391
-90.890 30.294
-90.972 30.284
-90.925 30.225
-90.753 30.190
-90.835 29.793
-90.539 29.644
-90.459 29.532
-90.931 30.315
-90.895 30.247
-90.905 30.268
-91.015 30.086
-90.262 29.380
-90.585 29.810
-90.750 29.749
-90.366 29.548
-90.988 30.099
-91.005 30.100
-90.960 30.294
-90.854 30.262
-90.964 30.311
-90.832 29.823
-90.712 29.885
-90.817 29.795
-90.995 30.329
-90.866 30.185
-90.937 30.288
-90.706 29.831
-90.804 29.778
-90.827 29.797
-90.767 29.738
-90.228 29.594
-90.191 29.463
-90.405 29.604
-90.889 30.195
-90.953 30.277
-90.827 30.283
-90.969 30.252
-90.782 29.768
-90.829 29.800
-90.936 30.250
-90.904 30.278
-90.981 30.079
-90.345 29.526
-90.921 29.763
-90.913 30.203
-90.913 30.255
-90.884 30.320
-90.991 30.098
-90.581 29.700
-90.990 30.306
-91.044 30.161
-91.024 30.219
-90.881 30.149
-91.067 30.098
-90.904 30.217
-90.952 30.140
-93.616 31.591
-93.524 31.286
-93.528 31.571
-93.461 31.486
-93.384 31.606
-93.458 31.448
-93.696 31.644
-93.516 31.815
-93.488 31.577
-93.424 31.541
-93.448 31.329
-93.481 31.540
-93.470 31.579
-93.483 31.709
-93.700 31.780
-93.585 31.687
-93.817 31.815
-93.423 31.401
-93.556 31.466
-93.381 31.685
-93.518 31.800
-93.646 31.780
-93.640 31.510
-93.525 31.412
-93.586 31.492
-93.663 31.452
-93.461 31.614
-93.649 31.530
-93.759 31.593
-93.314 31.459
-93.747 31.771
-93.736 31.678
-93.643 31.636
-93.665 31.647
-93.613 31.346
-93.581 31.251
-93.486 31.649
-93.671 31.564
-93.219 32.098
-93.324 31.978
-93.291 32.024
-93.247 32.191
-93.350 32.169
-93.306 32.177
-93.354 32.025
-93.336 32.050
-93.304 31.990
-93.331 31.940
-93.420 32.144
-92.666 32.529
-92.657 32.702
-92.579 32.561
-92.465 32.621
-92.606 32.539
-92.595 32.520
-92.818 32.609
-93.275 32.629
-93.278 32.600
-93.451 32.896
-93.284 32.612
-93.393 32.603
-93.289 32.600
-93.396 32.475
-93.462 32.997
-93.254 32.648
-93.292 32.625
-93.284 32.599
-93.277 32.618
-93.394 32.794
-92.656 32.536
-92.643 32.559
-92.622 32.524
-92.765 32.713
-93.488 32.963
-93.412 32.525
-93.290 32.815
-93.295 32.542
-93.244 32.596
-93.328 32.497
-93.475 33.011
-93.202 32.618
-93.299 32.645
-92.648 32.525
-92.635 32.519
-92.784 32.532
-92.715 32.622
-92.819 32.497
-92.625 32.584
-92.621 32.558
-92.613 32.505
-92.562 32.650
-93.268 32.457
-93.287 32.464
-93.261 32.615
-93.467 32.993
-93.394 32.718
-92.643 32.526
-92.640 32.535
-92.661 32.558
-92.638 32.474
-92.637 32.511
-92.546 32.582
-92.733 32.557
-92.653 32.527
-92.715 32.518
-92.648 32.609
-92.512 32.551
-92.470 32.533
-92.624 32.722
-92.653 32.507
-92.648 32.529
-92.640 32.659
-92.653 30.806
-92.658 30.817
-92.932 30.691
-92.626 30.603
-92.794 30.500
-92.869 30.770
-93.078 30.515
-92.977 30.531
-92.635 30.826
-92.617 30.782
-92.848 30.477
-92.760 30.622
-92.774 30.667
-92.667 30.799
-92.699 30.627
-92.833 30.496
-92.633 30.858
-92.855 30.613
-92.762 30.600
-92.689 30.520
-92.736 30.814
-92.890 30.473
-92.647 30.814
-92.668 30.817
-92.874 30.547
-92.641 30.812
-92.959 30.454
-92.665 30.740
-93.291 32.568
-93.316 32.945
-93.428 32.978
-92.858 30.849
-92.651 30.823
-93.423 32.813
-93.445 32.969
-93.296 32.942
-93.411 32.884
-93.197 32.503
-92.682 32.560
-92.694 32.473
-92.703 32.534
-92.724 32.504
-92.676 32.518
-92.558 32.511
-93.443 32.932
-93.237 32.541
-93.317 32.615
-93.282 32.704
-93.429 33.005
-93.288 32.619
-91.005 30.777
-91.099 30.751
-91.139 30.722
-91.157 30.751
-91.239 30.743
-91.123 30.972
-91.008 30.867
-91.216 30.848
-91.094 30.926
-90.894 30.975
-91.000 30.941
-91.214 30.826
-91.167 30.790
-90.905 30.795
-91.161 30.911
-91.015 30.861
-91.141 30.881
-90.903 30.913
-91.086 30.819
-91.148 30.834
-91.056 30.780
-91.197 30.829
-92.182 31.638
-92.125 31.795
-92.068 31.721
-92.197 31.759
-92.072 31.437
-92.149 31.553
-92.306 31.817
-92.111 31.595
-92.132 31.671
-92.156 31.665
-92.308 31.725
-92.237 31.561
-92.117 31.672
-92.285 31.636
-92.041 31.843
-92.044 31.557
-92.202 31.708
-92.236 31.856
-92.044 31.678
-92.123 31.697
-92.056 31.773
-92.065 31.627
-92.152 31.689
-92.131 31.875
-92.294 31.878
-92.195 31.498
-90.297 29.944
-90.396 29.910
-90.468 30.044
-90.381 29.980
-90.459 30.046
-90.362 29.935
-90.527 30.035
-90.384 29.963
-90.432 29.979
-90.352 29.904
-90.376 29.952
-90.402 29.999
-90.372 29.964
-90.601 29.949
-90.336 29.925
-90.374 29.919
-90.406 29.945
-90.410 30.039
-90.362 29.924
-90.387 29.973
-90.321 30.117
-90.378 30.013
-90.323 29.947
-90.446 30.034
-90.481 30.051
-90.309 29.956
-90.437 30.004
-90.305 29.785
-90.377 29.904
-90.304 29.888
-90.361 29.902
-90.391 29.964
-90.345 29.950
-90.488 29.989
-90.379 29.972
-90.408 30.196
-90.348 30.013
-90.385 29.956
-90.306 30.006
-90.318 29.954
-90.425 29.867
-90.394 29.884
-90.376 29.975
-90.483 29.906
-92.412 31.500
-92.531 31.581
-92.752 31.556
-92.415 31.466
-92.450 31.450
-92.489 31.573
-92.408 31.525
-92.876 31.657
-92.888 31.668
-92.490 31.517
-92.754 31.673
-92.467 31.720
-92.370 31.559
-92.717 31.601
-92.539 31.473
-92.667 31.463
-92.382 31.760
-92.704 31.550
-92.547 31.435
-92.606 31.534
-92.298 31.479
-92.621 31.427
-92.583 31.648
-92.071 32.065
-92.154 32.086
-92.116 31.952
-92.141 32.029
-91.968 32.043
-92.209 32.218
-92.252 31.997
-92.120 31.995
-92.101 32.058
-92.132 32.124
-92.178 32.037
-92.067 32.090
-91.962 32.160
-92.077 32.210
-92.114 32.045
-92.260 32.132
-92.067 32.128
-92.022 31.991
-92.076 32.102
-91.914 31.630
-91.885 31.816
-91.892 31.593
-91.824 31.627
-91.735 31.814
-91.817 31.687
-91.886 31.474
-91.644 31.907
-91.850 31.681
-91.874 31.579
-91.665 31.752
-91.821 31.614
-91.974 31.525
-91.815 31.625
-91.942 31.328
-91.954 31.737
-91.900 31.889
-91.841 31.622
-91.784 31.703
-91.832 31.615
-91.812 31.738
-91.844 31.796
-91.882 31.690
-91.660 31.849
-91.823 31.630
-91.859 31.704
-91.771 31.455
-91.880 31.711
-91.825 31.768
-93.712 32.534
-93.676 32.539
-93.713 32.508
-93.677 32.638
-93.736 32.583
-93.544 32.573
-91.931 32.779
-91.896 32.797
-91.704 32.650
-91.907 32.759
-91.912 32.834
-91.853 32.844
-91.841 32.751
-93.717 32.552
-93.712 32.492
-93.661 32.481
-91.934 32.785
-91.742 32.803
-91.874 32.749
-91.930 32.810
-91.950 32.783
-91.923 32.785
-91.773 32.624
-91.756 32.926
-93.656 32.460
-93.472 32.532
-93.644 32.445
-93.693 32.679
-91.933 32.789
-91.900 32.789
-91.892 32.769
-91.904 32.775
-92.001 32.799
-93.709 32.515
-93.622 32.455
-93.720 32.563
-93.737 32.741
-93.647 32.476
-91.909 32.785
-91.890 32.798
-91.897 32.609
-91.943 32.738
-91.886 32.790
-91.773 32.730
-93.740 32.692
-93.663 32.593
-93.606 32.593
-93.694 32.511
-93.562 32.647
-93.555 32.916
-93.487 32.342
-93.589 32.570
-91.882 32.884
-91.919 32.792
-91.917 32.761
-91.813 32.607
-91.917 32.794
-93.690 32.534
-93.713 32.520
-93.687 32.516
-93.712 32.528
-91.675 32.921
-91.919 32.769
-91.933 32.763
-93.558 32.546
-93.621 32.568
-93.721 32.573
-91.880 32.709
-91.672 32.880
-91.920 32.777
-91.990 32.936
-93.699 32.907
-93.738 32.636
-93.506 32.526
-93.648 32.539
-93.701 32.511
-93.549 32.750
-93.716 32.545
-93.672 32.486
-93.637 32.416
-93.700 32.500
-93.726 32.525
-93.716 32.846
-93.699 32.522
-93.617 32.672
-93.672 32.478
-93.663 32.470
-93.719 32.542
-93.614 32.548
-93.684 32.476
-93.634 32.588
-91.877 32.782
-91.837 32.789
-91.560 32.944
-91.927 32.697
-91.852 32.958
-91.878 32.813
-91.812 32.770
-93.681 32.489
-93.680 32.546
-91.875 32.725
-91.901 32.736
-91.848 32.683
-93.735 32.661
-93.728 32.960
-93.693 32.578
-93.519 32.452
-93.697 32.517
-93.508 32.610
-93.600 32.500
-91.985 32.726
-91.795 32.777
-91.655 32.772
-89.733 29.507
-90.041 29.796
-89.937 29.554
-91.281 32.361
-91.187 32.420
-91.184 32.397
-91.171 32.416
-91.195 32.414
-91.170 32.399
-91.184 32.416
-89.385 29.119
-89.902 29.737
-89.753 29.305
-89.888 29.850
-91.180 32.388
-91.193 32.405
-91.189 32.396
-91.184 32.446
-90.018 29.833
-89.985 29.877
-89.573 29.285
-89.219 29.322
-89.684 29.605
-89.638 29.324
-90.019 29.716
-89.493 29.244
-91.197 32.278
-91.413 32.254
-91.177 32.414
-91.280 32.480
-90.937 32.322
-91.208 32.405
-91.170 32.355
-91.174 32.422
-91.145 32.496
-91.187 32.411
-91.047 32.327
-91.150 32.424
-92.441 32.397
-92.578 32.187
-92.671 32.206
-92.717 32.285
-92.724 32.351
-92.714 32.278
-92.677 32.232
-92.659 32.290
-92.706 32.261
-92.731 32.272
-91.223 32.423
-91.193 32.419
-91.189 32.401
-91.198 32.396
-92.694 32.183
-92.719 32.253
-92.726 32.246
-92.393 32.237
-92.752 32.194
-92.708 32.395
-92.519 32.483
-92.707 32.248
-92.720 32.272
-92.424 32.393
-92.728 32.318
-92.758 32.285
-92.546 32.382
-92.452 32.309
-92.716 32.245
-92.477 32.301
-92.694 32.284
-92.603 32.439
-92.568 32.266
-91.400 32.423
-91.196 32.411
-89.710 29.484
-89.951 29.817
-89.847 29.408
-89.998 29.855
-93.282 31.306
-93.303 30.938
-93.260 31.130
-93.226 31.054
-93.284 31.089
-93.061 31.091
-93.242 31.062
-93.316 31.070
-92.866 31.091
-93.017 30.974
-93.257 31.059
-93.333 31.098
-93.219 31.095
-93.300 31.180
-93.286 30.921
-93.252 31.041
-93.329 31.147
-93.287 31.003
-93.264 31.143
-92.917 31.258
-93.276 31.110
-93.029 31.337
-93.220 30.911
-93.408 31.112
-93.494 31.102
-93.481 31.181
-93.124 31.199
-93.269 31.054
-93.208 31.058
-93.258 31.123
-93.276 31.140
-93.284 31.118
-93.071 31.276
-93.347 31.332
-93.304 31.143
-92.914 30.985
-93.244 31.114
-93.388 30.973
-93.271 31.129
-93.187 31.138
-93.489 30.992
-93.176 31.310
-93.264 31.151
-93.269 31.140
-93.272 31.140
-93.110 30.907
-93.246 31.090
-93.267 31.121
-93.157 31.045
-93.254 31.068
-93.353 30.913
-93.257 30.947
-93.478 30.907
-93.279 31.113
-93.019 31.258
-93.260 31.157
-93.232 31.245
-93.235 31.194
-93.332 31.050
-93.254 31.124
-93.263 31.077
-93.376 31.241
-93.128 30.975
-92.884 31.157
-93.285 31.156
-93.320 31.203
-93.272 31.134
-93.487 31.239
-93.002 31.188
-93.210 30.959
-93.391 31.310
-93.180 30.983
-93.227 31.037
-91.370 32.874
-91.438 32.738
-91.346 32.915
-91.401 32.775
-91.314 32.997
-91.185 29.689
-91.262 29.701
-91.506 29.793
-91.512 29.791
-91.216 29.712
-91.520 29.586
-91.294 29.729
-91.265 29.691
-91.202 29.712
-91.548 29.835
-91.264 29.669
-91.506 29.785
-91.522 29.874
-91.418 29.750
-91.250 29.715
-91.223 29.696
-91.619 29.846
-91.305 29.709
-91.203 29.698
-91.543 29.841
-91.609 29.912
-91.553 29.873
-91.500 29.800
-91.456 29.863
-91.163 29.695
-91.509 29.800
-91.180 29.638
-91.212 29.707
-91.554 29.781
-91.506 29.768
-91.301 29.687
-91.239 29.705
-91.520 29.787
-91.508 29.805
-91.185 29.700
-91.349 29.473
-91.758 29.709
-91.582 29.860
-91.440 29.769
-91.224 29.683
-91.556 29.826
-91.132 29.691
-91.393 32.868
-91.481 32.604
-91.363 32.971
-91.426 32.871
-91.470 32.916
-91.510 32.727
-91.413 32.792
-91.536 32.799
-91.508 32.643
-91.345 32.879
-91.495 32.858
-91.395 32.917
-91.200 29.707
-91.312 29.695
-91.175 29.702
-91.199 29.720
-91.671 29.806
-89.777 30.273
-89.709 30.284
-90.116 30.471
-89.704 30.365
-89.794 30.222
-89.826 30.345
-89.781 30.248
-89.762 30.336
-90.117 30.496
-90.098 30.411
-90.072 30.457
-89.779 30.356
-89.680 30.325
-90.095 30.390
-90.006 30.501
-90.172 30.403
-89.761 30.268
-89.821 30.444
-90.029 30.498
-90.100 30.482
-90.224 30.454
-89.747 30.317
-89.763 30.288
-90.136 30.382
-90.016 30.467
-89.790 30.234
-90.086 30.362
-89.784 30.271
-90.099 30.402
-90.136 30.634
-90.064 30.577
-89.775 30.284
-90.062 30.354
-89.779 30.301
-90.053 30.384
-89.972 30.619
-89.808 30.221
-89.965 30.122
-90.063 30.379
-90.058 30.455
-89.777 30.264
-89.729 30.279
-89.988 30.429
-90.104 30.371
-90.002 30.379
-89.745 30.277
-89.814 30.283
-89.804 30.301
-90.044 30.372
-89.624 30.192
-89.798 30.266
-91.235 32.072
-91.317 32.047
-91.249 32.075
-91.144 32.054
-91.221 31.950
-91.434 32.062
-91.239 32.077
-90.072 30.358
-89.798 30.283
-90.068 30.448
-90.068 30.393
-89.885 30.271
-89.830 30.241
-89.904 30.339
-90.067 30.259
-90.195 30.631
-90.126 30.400
-90.110 30.457
-90.069 30.474
-90.107 30.393
-90.060 30.528
-89.828 30.513
-91.401 31.807
-91.262 31.902
-91.221 32.161
-91.307 31.917
-91.392 32.143
-91.254 32.065
-91.394 31.978
-91.322 31.810
-90.047 30.454
-90.032 30.393
-89.745 30.342
-90.063 30.464
-90.102 30.508
-89.755 30.289
-90.156 30.499
-90.197 30.570
-90.102 30.625
-89.894 30.316
-89.811 30.269
-90.078 30.394
-90.216 30.406
-91.461 31.846
-89.768 30.298
-90.018 30.572
-89.757 30.280
-89.971 30.544
-89.764 30.279
-90.138 30.413
-89.750 30.373
-89.739 30.295
-90.024 30.347
-89.809 30.394
-90.105 30.547
-90.059 30.408
-89.961 30.371
-90.033 30.419
-89.858 30.333
-89.735 30.436
-89.919 30.470
-90.048 30.353
-89.780 30.257
-89.830 30.278
-90.067 30.438
-90.101 30.430
-89.747 30.252
-90.067 30.383
-89.835 30.343
-90.082 30.370
-90.137 30.485
-89.726 30.199
-90.049 30.362
-90.026 30.380
-89.796 30.328
-89.762 30.307
-90.184 30.447
-90.162 30.532
-89.895 30.646
-89.845 30.259
-90.048 30.635
-89.849 30.288
-89.731 30.270
-89.664 30.263
-89.774 30.245
-89.761 30.302
-90.062 30.491
-90.094 30.419
-89.842 30.295
-90.141 30.459
-90.117 30.409
-90.045 30.473
-90.084 30.382
-89.759 30.295
-89.723 30.284
-90.086 30.398
-90.204 30.669
-89.925 30.283
-89.728 30.295
-89.702 30.268
-90.193 30.596
-89.789 30.282
-90.134 30.427
-90.102 30.462
-89.971 30.296
-90.095 30.449
-90.066 30.388
-90.159 30.442
-89.882 30.380
-89.792 30.256
-90.112 30.478
-89.749 30.300
-90.086 30.394
-89.884 30.581
-89.736 30.257
-90.078 30.413
-89.712 30.296
-90.206 30.507
-90.065 30.370
-89.905 30.411
-89.815 30.294
-89.942 30.338
-89.760 30.319
-90.106 30.479
-90.088 30.489
-92.509 31.828
-92.856 31.876
-92.849 31.778
-92.689 31.876
-92.632 31.914
-92.859 32.088
-92.654 31.914
-92.745 31.791
-92.635 31.930
-90.467 30.078
-90.410 30.201
-90.488 30.081
-90.194 30.122
-90.485 30.078
-90.542 30.056
-90.552 30.069
-90.499 30.071
-90.493 30.136
-90.488 30.067
-90.624 30.121
-90.510 30.070
-90.573 30.330
-90.532 30.059
-90.332 30.347
-90.564 30.129
-90.477 30.062
-90.495 30.077
-90.612 30.050
-90.583 30.075
-90.478 30.081
-90.631 30.023
-90.473 30.082
-90.472 30.090
-90.553 30.055
-92.416 31.872
-92.711 31.748
-92.391 32.054
-92.761 32.060
-92.639 31.927
-92.493 32.095
-92.557 31.942
-92.769 32.005
-92.603 31.920
-92.663 31.917
-92.666 31.938
-92.926 31.763
-92.631 31.954
-90.520 30.097
-90.472 30.092
-90.504 30.081
-90.497 30.067
-90.490 30.087
-92.402 31.944
-92.582 31.884
-92.667 31.992
-92.721 32.098
-92.640 31.922
-92.777 31.828
-92.632 31.926
-92.787 31.968
-92.638 31.848
-92.468 31.926
-92.652 31.926
-92.647 32.096
-92.737 31.899
-92.649 32.016
-92.529 31.982
-92.567 32.061
-90.498 30.088
-90.503 30.063
-90.067 29.978
-90.070 29.925
-90.114 29.932
-90.073 29.943
-90.016 29.959
-90.121 29.930
-90.104 29.952
-90.011 29.927
-89.957 30.025
-90.036 29.965
-90.108 30.007
-90.003 29.930
-90.116 29.964
-90.099 29.971
-90.105 29.922
-90.119 29.961
-90.067 30.010
-90.031 29.927
-90.049 29.990
-89.913 30.057
-90.028 29.948
-89.946 30.028
-90.012 29.963
-90.114 29.974
-90.024 29.959
-90.061 29.982
-90.112 29.961
-89.987 30.031
-90.065 29.998
-90.072 29.970
-90.020 29.931
-90.074 29.950
-90.114 29.938
-90.066 30.019
-90.124 29.942
-90.132 29.956
-90.067 29.959
-90.093 30.001
-90.085 29.966
-90.094 29.915
-90.075 29.927
-90.077 29.944
-90.093 29.960
-90.048 30.008
-90.054 30.004
-90.010 29.933
-90.105 29.925
-89.989 30.043
-90.106 29.975
-90.120 30.000
-90.020 29.916
-90.008 30.019
-89.991 30.019
-90.047 29.968
-90.071 29.980
-90.072 30.002
-90.106 29.946
-90.087 29.949
-90.001 30.025
-90.081 29.976
-89.981 30.020
-90.008 29.975
-90.042 30.007
-90.034 29.936
-89.932 30.052
-90.082 30.016
-90.047 29.980
-90.097 29.948
-90.127 29.946
-90.101 29.944
-90.091 29.980
-90.133 29.950
-90.105 30.000
-90.034 29.943
-90.006 29.964
-90.075 30.026
-89.995 29.925
-90.010 29.930
-90.127 29.958
-90.124 29.970
-90.037 29.991
-90.070 29.993
-90.042 30.012
-90.043 30.016
-90.123 29.925
-90.084 29.921
-89.949 30.068
-90.117 29.951
-90.122 29.973
-90.122 29.951
-90.027 29.939
-90.094 30.022
-90.062 29.992
-90.125 29.965
-90.058 29.965
-90.099 29.933
-90.112 29.954
-90.065 29.961
-90.038 29.960
-90.051 29.999
-89.989 29.924
-90.016 29.969
-90.102 30.024
-90.004 30.016
-90.113 29.950
-89.949 30.045
-90.054 29.970
-90.101 29.959
-90.108 29.959
-90.129 29.943
-89.999 29.906
-89.993 30.034
-90.080 30.000
-90.107 29.935
-89.983 30.027
-89.967 30.023
-90.079 30.025
-90.136 29.937
-89.996 29.916
-90.127 29.916
-89.963 30.058
-90.097 29.967
-90.049 29.962
-89.993 30.042
-90.098 29.922
-90.104 30.010
-90.119 29.981
-90.054 30.019
-90.113 29.942
-90.035 30.015
-90.080 29.925
-90.131 29.941
-89.970 30.045
-90.100 29.939
-90.001 29.925
-90.051 30.002
-90.067 30.028
-90.106 29.981
-90.097 29.981
-90.037 29.987
-90.039 29.981
-90.120 29.953
-89.997 30.040
-90.117 29.956
-90.120 29.992
-90.000 29.916
-90.087 29.974
-90.059 30.025
-90.021 29.974
-90.120 29.967
-90.080 29.941
-90.100 29.936
-90.012 30.019
-89.983 29.923
-90.039 29.972
-90.002 29.921
-90.044 29.971
-90.068 29.983
-90.110 29.947
-90.073 30.010
-89.990 29.913
-90.089 29.975
-90.110 29.921
-90.106 29.989
-90.025 29.932
-90.061 29.957
-89.970 30.053
-89.980 30.000
-90.009 29.972
-90.092 29.920
-90.110 29.932
-90.050 30.029
-90.018 29.964
-90.067 29.966
-90.122 29.939
-89.972 30.022
-90.096 29.919
-90.059 29.970
-90.009 30.035
-89.986 30.046
-90.061 29.977
-90.081 29.983
-90.086 29.973
-90.117 29.945
-89.944 30.071
-90.053 29.972
-89.976 30.050
-90.114 29.969
-90.016 29.930
-90.079 29.933
-90.055 29.953
-90.124 29.922
-90.064 29.964
-90.087 29.942
-90.075 29.937
-90.093 29.977
-90.054 30.012
-90.099 29.928
-90.078 29.930
-90.075 29.966
-90.088 29.933
-90.117 29.924
-90.129 29.935
-90.067 29.971
-90.025 30.025
-90.040 29.933
-89.999 29.934
-90.135 29.932
-90.079 29.920
-90.082 29.993
-90.113 29.989
-89.957 30.032
-89.987 30.036
-89.978 30.021
-90.086 29.962
-90.033 29.980
-90.058 30.007
-90.111 29.925
-90.112 30.001
-90.081 30.006
-89.986 30.020
-90.014 29.975
-90.100 29.946
-90.003 29.972
-90.016 29.954
-90.103 29.967
-90.031 29.994
-90.118 30.021
-90.064 29.985
-90.129 29.952
-90.079 29.969
-90.078 29.973
-90.095 29.935
-90.032 29.959
-90.029 29.974
-90.036 30.004
-90.000 30.038
-90.012 29.941
-90.106 29.970
-89.925 30.036
-90.083 29.957
-90.066 29.953
-90.090 29.949
-90.048 29.950
-90.132 29.952
-90.090 29.969
-90.111 30.017
-89.935 29.901
-90.095 29.925
-90.112 29.917
-90.131 29.925
-90.111 30.012
-89.957 30.053
-90.092 29.924
-90.077 29.997
-90.124 29.948
-90.092 29.944
-90.071 29.963
-90.014 30.032
-90.099 29.976
-90.083 29.987
-90.089 29.935
-90.033 29.969
-90.059 29.960
-89.981 30.047
-90.105 29.920
-90.025 30.039
-89.869 30.063
-89.979 29.922
-90.066 29.941
-90.076 29.994
-90.081 29.936
-90.119 30.008
-90.116 29.928
-90.047 29.945
-90.072 29.977
-90.053 29.977
-90.054 29.963
-90.040 29.976
-90.122 29.915
-89.926 30.040
-90.032 30.010
-90.110 29.929
-90.084 29.939
-90.136 29.946
-90.024 29.966
-89.998 30.018
-90.054 29.967
-90.055 29.982
-90.042 29.966
-90.110 30.024
-90.054 29.945
-90.070 29.974
-90.005 30.037
-90.095 29.952
-90.090 29.937
-90.053 29.975
-89.946 30.060
-90.118 29.934
-90.121 29.959
-90.075 30.016
-90.088 29.928
-90.055 29.995
-90.086 29.980
-89.999 30.029
-90.088 29.921
-90.076 29.980
-90.079 29.962
-90.083 29.929
-90.094 29.929
-90.118 29.918
-90.067 30.004
-89.976 29.917
-90.072 29.935
-90.091 29.965
-90.089 30.026
-90.053 30.008
-90.096 29.926
-90.118 29.922
-90.055 29.989
-90.047 29.955
-89.993 29.900
-89.725 30.106
-90.008 29.907
-90.094 29.972
-90.074 29.985
-90.092 29.939
-90.085 29.924
-89.906 30.041
-90.062 29.967
-90.043 29.961
-90.107 29.938
-90.077 29.977
-90.127 29.963
-90.110 29.978
-90.011 29.922
-90.071 29.988
-90.110 29.913
-89.954 30.063
-90.127 29.954
-90.062 29.973
-90.105 29.932
-90.006 29.921
-90.011 29.968
-90.040 29.942
-90.076 30.004
-90.105 29.928
-89.969 30.035
-90.040 29.952
-90.107 29.954
-90.087 29.932
-90.083 29.971
-90.047 29.938
-90.062 30.005
-90.054 30.015
-90.075 29.932
-90.065 30.013
-90.021 30.014
-90.097 29.931
-90.039 30.024
-89.964 30.024
-89.978 30.040
-90.065 29.933
-90.103 30.016
-90.114 29.921
-90.106 29.942
-92.382 30.221
-92.389 30.100
-92.264 30.222
-92.561 30.444
-92.261 30.232
-92.270 30.231
-92.219 30.256
-92.391 30.168
-92.279 30.203
-92.280 30.232
-92.387 30.231
-92.251 30.438
-92.379 30.210
-92.397 30.266
-92.337 30.159
-92.582 30.349
-92.282 30.246
-92.480 30.344
-92.352 30.224
-92.376 30.198
-92.297 30.459
-92.192 30.327
-92.497 30.175
-92.369 30.202
-92.205 30.285
-92.355 30.207
-92.274 30.244
-92.408 30.215
-92.498 30.122
-92.509 30.245
-92.324 30.409
-92.441 30.257
-92.357 30.330
-92.267 30.257
-92.392 30.215
-92.265 30.239
-92.261 30.334
-92.375 30.212
-92.219 30.395
-92.388 30.206
-92.345 30.245
-92.583 30.261
-92.254 30.239
-92.484 30.116
-92.201 30.413
-92.221 30.385
-92.471 30.441
-92.584 30.187
-92.372 30.218
-92.318 30.282
-92.280 30.222
-92.409 30.415
-92.496 30.326
-92.463 30.182
-92.586 30.146
-92.441 30.170
-92.229 30.410
-92.238 30.412
-92.371 30.230
-90.949 29.833
-91.067 29.703
-91.043 29.831
-91.026 29.938
-91.122 30.032
-91.038 29.974
-90.975 29.971
-90.931 29.883
-90.983 29.931
-91.065 30.043
-91.022 29.924
-90.992 29.838
-91.100 29.982
-90.992 29.774
-91.105 29.950
-91.091 29.905
-91.179 29.903
-91.003 30.040
-91.185 29.989
-93.257 30.125
-93.267 30.319
-93.213 30.219
-93.567 30.192
-93.241 30.168
-93.225 30.187
-93.197 30.218
-93.152 30.244
-93.185 30.202
-93.197 30.202
-93.225 30.180
-93.456 30.454
-93.348 30.128
-93.207 30.206
-93.544 30.263
-93.287 30.175
-93.155 30.279
-93.334 30.220
-93.227 30.209
-93.393 30.195
-93.230 30.266
-93.155 30.100
-93.377 30.254
-93.241 30.180
-93.186 30.232
-93.255 30.202
-93.176 30.253
-93.189 30.157
-93.006 30.235
-93.148 30.213
-93.258 30.176
-93.180 30.385
-93.323 30.313
-93.274 30.154
-93.645 30.356
-93.060 30.212
-93.423 30.226
-93.376 30.286
-93.220 30.331
-93.291 30.255
-93.171 30.233
-93.446 30.276
-93.212 30.195
-93.105 30.232
-93.199 30.233
-93.438 30.098
-92.917 30.115
-93.184 30.187
-93.359 30.383
-93.175 30.212
-93.566 30.137
-93.082 30.117
-93.258 30.190
-93.210 30.227
-93.140 30.343
-93.267 30.257
-93.472 30.375
-93.386 30.232
-93.333 30.264
-93.375 30.219
-93.226 30.173
-93.430 30.456
-93.585 30.182
-92.995 30.113
-93.197 30.209
-93.194 30.261
-93.215 30.087
-93.224 30.166
-93.216 30.360
-93.153 30.171
-93.198 30.192
-93.479 30.191
-93.226 30.202
-93.021 30.232
-93.289 30.222
-93.196 30.182
-93.583 30.205
-93.177 30.313
-93.367 30.231
-93.423 30.189
-93.182 30.220
-93.347 30.234
-93.276 30.278
-93.187 30.244
-93.241 30.136
-93.580 30.196
-93.427 30.447
-93.231 30.242
-93.366 30.244
-93.191 30.222
-93.217 30.141
-93.214 30.206
-93.208 30.235
-93.209 30.188
-93.229 30.193
-93.243 30.190
-93.215 30.288
-93.241 30.323
-93.660 30.119
-93.648 30.261
-93.254 30.247
-93.213 30.182
-93.210 30.315
-93.292 30.107
-93.068 30.270
-93.204 30.218
-93.185 30.209
-93.446 30.446
-93.236 30.221
-93.258 30.154
-93.169 30.202
-93.330 30.196
-93.204 30.243
-93.441 30.469
-93.209 30.171
-93.263 30.372
-93.073 30.330
-93.198 30.250
-93.411 30.332
-93.349 30.223
-92.049 31.068
-92.098 30.900
-92.046 31.146
-92.077 31.173
-92.071 31.135
-92.202 31.099
-92.072 31.128
-92.054 31.130
-92.122 31.000
-92.061 31.013
-92.011 31.008
-92.190 30.949
-92.103 31.133
-92.052 31.048
-92.235 30.958
-92.201 30.899
-92.166 30.943
-91.944 31.192
-91.942 31.028
-92.096 30.932
-92.105 30.953
-92.122 31.053
-92.056 30.955
-92.192 31.199
-92.055 31.118
-92.070 31.109
-92.020 31.060
-91.935 31.081
-91.832 30.977
-92.103 31.275
-92.125 31.193
-92.160 31.129
-92.029 30.972
-91.879 31.175
-92.124 31.173
-92.151 31.054
-91.819 30.989
-92.002 30.901
-91.794 31.080
-92.092 31.088
-91.880 31.106
-92.071 31.041
-91.984 30.965
-91.858 30.889
-91.982 30.955
-91.872 30.976
-92.195 31.014
-92.136 30.956
-91.938 30.900
-91.982 31.034
-92.729 33.007
-93.106 32.774
-93.081 32.741
-93.150 32.952
-93.182 32.761
-93.079 32.771
-92.859 32.835
-93.007 32.846
-93.040 32.746
-93.119 32.959
-93.039 32.788
-93.081 32.789
-92.867 32.789
-92.974 32.964
-93.136 32.978
-93.180 32.905
-93.150 32.982
-93.054 32.649
-93.144 32.664
-93.062 32.789
-92.819 32.932
-92.928 32.670
-93.132 32.948
-93.025 32.651
-92.833 32.766
-93.062 32.940
-92.978 32.777
-91.176 30.425
-90.998 30.553
-91.071 30.439
-91.107 30.369
-90.980 30.372
-91.143 30.460
-91.177 30.429
-91.163 30.400
-91.173 30.416
-91.163 30.489
-91.184 30.483
-91.106 30.507
-91.157 30.440
-91.012 30.464
-91.059 30.410
-91.201 30.691
-91.047 30.436
-91.031 30.650
-91.084 30.362
-90.993 30.440
-90.951 30.676
-91.248 30.591
-91.018 30.484
-91.074 30.406
-91.189 30.413
-91.106 30.546
-91.111 30.354
-91.141 30.434
-91.119 30.440
-91.071 30.550
-91.164 30.482
-91.087 30.570
-91.055 30.575
-91.162 30.419
-91.186 30.594
-91.102 30.695
-91.001 30.394
-90.994 30.415
-91.130 30.489
-91.161 30.457
-91.065 30.465
-91.040 30.499
-91.046 30.427
-91.148 30.601
-91.153 30.432
-91.088 30.464
-91.139 30.634
-91.077 30.483
-91.160 30.449
-91.131 30.448
-91.068 30.433
-91.136 30.468
-91.147 30.442
-91.105 30.437
-91.142 30.478
-91.138 30.405
-91.099 30.394
-91.012 30.507
-91.016 30.448
-91.147 30.449
-91.096 30.477
-91.176 30.433
-91.095 30.366
-91.166 30.441
-91.124 30.386
-91.140 30.498
-91.170 30.465
-91.047 30.467
-91.023 30.400
-91.091 30.436
-91.133 30.428
-91.106 30.448
-91.135 30.441
-91.163 30.503
-91.116 30.427
-91.174 30.442
-91.194 30.567
-91.136 30.390
-91.052 30.451
-91.064 30.450
-91.165 30.475
-91.097 30.426
-91.121 30.460
-91.082 30.381
-91.178 30.632
-91.061 30.421
-91.166 30.552
-91.162 30.494
-91.126 30.664
-91.043 30.416
-91.085 30.446
-91.076 30.450
-91.018 30.383
-91.123 30.476
-91.161 30.567
-91.174 30.581
-91.125 30.412
-91.052 30.362
-90.946 30.362
-91.146 30.488
-91.079 30.419
-91.031 30.442
-91.161 30.465
-91.056 30.533
-91.138 30.580
-91.070 30.395
-91.102 30.519
-91.194 30.521
-91.023 30.360
-91.118 30.367
-91.136 30.518
-91.013 30.577
-91.149 30.468
-91.157 30.474
-91.129 30.533
-90.997 30.406
-91.165 30.513
-91.107 30.412
-91.040 30.456
-91.045 30.403
-91.110 30.482
-91.020 30.413
-91.133 30.458
-91.147 30.494
-91.065 30.356
-91.109 30.589
-91.172 30.661
-91.151 30.459
-90.991 30.397
-91.204 30.367
-91.162 30.595
-91.183 30.530
-91.117 30.615
-91.118 30.392
-91.145 30.424
-91.042 30.339
-91.045 30.482
-91.135 30.509
-91.239 30.665
-91.157 30.536
-91.032 30.503
-91.173 30.454
-91.019 30.434
-91.019 30.471
-91.156 30.585
-91.107 30.383
-91.173 30.437
-91.130 30.478
-91.051 30.384
-91.088 30.407
-91.124 30.547
-91.003 30.359
-91.115 30.504
-91.092 30.332
-91.173 30.446
-91.190 30.430
-91.143 30.504
-91.132 30.564
-91.185 30.546
-91.110 30.463
-91.188 30.449
-91.041 30.447
-91.150 30.476
-91.106 30.494
-91.136 30.380
-91.159 30.580
-91.068 30.497
-91.033 30.401
-91.012 30.529
-91.025 30.424
-90.975 30.403
-91.153 30.412
-91.187 30.397
-91.162 30.520
-91.151 30.484
-90.985 30.505
-91.166 30.431
-91.204 30.547
-91.120 30.514
-90.998 30.374
-91.010 30.398
-91.067 30.481
-91.076 30.358
-91.052 30.611
-91.151 30.360
-91.182 30.439
-91.148 30.395
-91.175 30.526
-93.939 32.037
-93.812 32.171
-93.722 32.150
-93.693 31.964
-93.693 32.295
-93.709 32.027
-93.752 31.865
-93.804 31.900
-93.704 32.036
-93.910 32.079
-93.720 32.055
-93.957 32.116
-93.946 32.174
-93.842 32.129
-93.951 31.957
-94.002 31.983
-93.816 32.270
-93.463 31.996
-93.598 32.005
-93.662 32.039
-93.775 32.106
-93.985 32.048
-93.685 32.037
-93.556 32.125
-93.656 32.222
-93.860 32.185
-93.715 32.024
-93.874 32.032
-93.850 31.981
-93.823 32.073
-93.594 32.106
-93.743 31.974
-93.489 31.923
-93.656 32.057
-93.765 32.054
-93.771 32.325
-93.742 31.916
-93.787 32.310
-93.663 32.103
-93.716 32.033
-93.724 32.018
-93.814 32.241
-93.755 32.314
-93.641 31.957
-93.758 32.011
-93.579 31.887
-93.856 31.901
-93.694 32.036
-94.022 32.031
-93.688 31.889
-93.759 32.203
-92.283 29.997
-92.082 29.987
-92.278 30.013
-92.185 29.670
-92.056 29.972
-92.051 30.047
-92.343 30.072
-92.242 30.108
-92.137 29.971
-92.115 29.937
-92.197 30.075
-92.192 30.017
-92.131 29.951
-91.992 29.945
-92.118 29.987
-92.065 29.750
-92.023 29.896
-92.380 29.825
-92.300 30.008
-92.288 30.006
-91.993 29.950
-92.113 29.975
-92.080 29.937
-92.131 29.985
-92.010 30.007
-92.007 29.936
-92.279 30.033
-92.356 29.993
-92.006 29.961
-92.116 29.983
-92.119 29.971
-92.386 30.043
-92.127 29.973
-92.287 29.988
-92.151 29.957
-92.121 30.105
-92.141 29.998
-92.316 29.916
-92.039 29.955
-92.029 29.970
-92.145 29.978
-92.537 29.972
-92.127 29.967
-91.992 29.955
-92.112 30.042
-92.440 29.650
-92.210 29.996
-92.215 29.981
-92.509 30.026
-92.179 29.949
-92.115 30.094
-92.301 30.089
-92.505 30.034
-92.030 29.960
-92.128 29.980
-92.267 29.972
-92.128 29.960
-92.135 30.026
-92.089 32.476
-92.119 32.480
-92.070 32.338
-92.140 32.514
-92.069 32.493
-92.091 32.508
-92.154 32.545
-92.217 32.580
-92.235 32.433
-92.051 32.565
-92.125 32.431
-92.021 32.588
-92.119 32.523
-92.127 32.529
-92.113 32.540
-92.095 32.457
-92.207 32.490
-92.054 32.524
-92.128 32.500
-92.086 32.551
-92.077 32.508
-92.139 32.493
-92.089 32.494
-92.097 32.436
-92.048 32.543
-91.982 32.544
-92.211 32.507
-92.073 32.514
-92.099 32.477
-92.038 32.533
-92.144 32.458
-92.150 32.505
-92.126 32.518
-92.211 32.387
-92.115 32.511
-92.092 32.532
-92.099 32.486
-92.095 32.517
-92.167 32.510
-92.190 32.469
-92.363 32.416
-92.076 32.533
-92.062 32.434
-92.182 32.524
-92.105 32.468
-92.109 32.528
-92.068 32.557
-92.194 32.561
-92.140 32.528
-92.107 32.500
-92.182 32.543
-92.091 32.638
-92.225 32.528
-92.329 32.504
-92.268 32.570
-91.962 32.617
-92.138 32.604
-92.060 32.689
-92.166 32.532
-92.373 32.553
-91.952 32.527
-92.104 32.547
-92.172 32.462
-92.296 32.547
-92.069 32.522
-92.153 32.527
-92.070 32.406
-92.076 32.450
-92.016 32.657
-92.171 32.585
-92.198 32.527
-92.106 32.491
-92.004 32.458
-92.296 32.459
-92.123 32.490
-92.033 32.512
-92.107 32.560
-92.135 32.505
-92.004 32.544
-92.210 32.319
-92.121 32.546
-92.270 30.753
-92.409 30.635
-92.318 30.680
-90.050 29.849
-90.215 29.915
-90.089 29.901
-90.126 29.898
-90.114 29.844
-90.077 29.876
-90.259 30.028
-92.326 30.745
-92.411 30.647
-92.232 30.632
-92.267 30.680
-92.317 30.570
-90.072 29.911
-90.242 30.015
-90.258 29.956
-90.161 29.990
-90.210 29.990
-90.084 29.902
-90.235 29.971
-92.295 30.659
-92.237 30.669
-92.290 30.688
-92.294 30.680
-90.190 30.002
-90.231 30.011
-90.240 29.992
-90.278 30.014
-90.272 30.018
-90.026 29.905
-90.191 30.014
-92.577 30.496
-92.289 30.692
-92.391 30.969
-92.278 30.697
-90.254 30.043
-90.218 29.989
-90.243 29.973
-90.108 29.906
-90.050 29.925
-90.227 29.968
-92.399 30.604
-92.421 30.772
-92.539 30.537
-92.356 30.810
-90.053 29.916
-90.114 29.897
-90.048 29.869
-90.257 30.037
-90.177 29.960
-90.208 30.015
-90.140 29.999
-90.034 29.896
-90.111 29.886
-90.091 29.881
-90.183 30.018
-90.257 29.976
-90.266 30.016
-90.218 30.024
-90.191 29.980
-90.171 30.013
-90.054 29.881
-90.057 29.865
-90.159 29.967
-90.214 29.991
-90.095 29.893
-90.132 29.983
-90.030 29.437
-90.165 29.993
-90.201 30.021
-90.204 29.956
-90.126 30.017
-90.150 29.907
-90.228 30.025
-90.105 29.858
-90.222 30.023
-90.181 30.008
-92.383 30.712
-92.445 30.561
-92.328 30.932
-90.051 29.894
-90.138 29.992
-90.126 29.984
-90.182 29.874
-90.222 29.992
-90.141 29.961
-90.200 29.981
-90.176 29.991
-90.168 29.969
-90.032 29.860
-90.197 29.940
-90.115 29.854
-90.147 30.008
-92.417 30.613
-92.273 30.671
-92.266 30.690
-90.050 29.902
-90.134 30.017
-90.214 30.002
-90.176 30.014
-90.040 29.912
-90.057 29.919
-90.125 29.992
-90.203 30.010
-90.117 29.883
-90.205 30.000
-90.201 29.930
-90.135 30.008
-92.501 30.701
-92.452 30.840
-92.422 30.783
-92.609 30.503
-92.417 30.873
-92.543 30.835
-92.199 30.732
-92.234 30.765
-92.275 30.692
-90.186 30.009
-90.190 30.019
-90.220 29.949
-90.209 29.940
-90.215 30.015
-90.241 29.987
-90.062 29.913
-90.163 30.001
-90.165 29.985
-90.148 29.990
-90.195 29.987
-90.120 29.769
-90.176 29.979
-90.059 29.906
-90.244 29.982
-92.322 30.692
-92.302 30.729
-92.393 30.634
-90.233 29.968
-90.146 29.982
-90.231 29.918
-90.107 29.817
-90.261 30.018
-90.031 29.914
-90.232 29.984
-90.194 29.914
-90.095 29.897
-90.214 29.971
-90.078 29.865
-90.135 29.993
-90.200 29.939
-90.157 29.991
-92.450 30.735
-92.279 30.684
-90.267 30.033
-90.117 29.890
-90.230 29.977
-90.209 29.981
-90.195 29.900
-90.146 29.977
-90.183 29.979
-90.128 29.890
-90.194 30.020
-90.224 30.002
-90.141 30.008
-90.220 30.016
-90.034 29.905
-90.152 29.983
-92.421 30.644
-92.370 30.609
-92.207 30.687
-92.392 30.888
-90.062 29.884
-90.204 29.987
-90.121 29.887
-90.141 29.912
-90.152 29.978
-90.194 30.009
-90.084 29.858
-90.135 29.961
-90.150 29.895
-90.168 29.964
-90.017 29.892
-92.423 30.632
-92.332 30.774
-92.358 30.654
-92.305 30.586
-92.402 30.766
-92.282 30.695
-92.456 30.931
-92.465 30.768
-92.526 30.628
-90.213 30.010
-90.209 30.020
-90.252 30.004
-90.145 29.991
-90.040 29.873
-90.154 29.791
-90.070 29.862
-92.274 30.705
-92.257 30.690
-92.270 30.691
-92.281 30.857
-90.226 30.033
-90.186 29.987
-90.093 29.829
-90.241 30.032
-90.055 29.934
-92.582 30.766
-92.293 30.707
-90.105 29.838
-90.179 29.991
-90.168 29.973
-90.207 29.946
-90.178 30.002
-90.173 29.991
-91.156 30.156
-91.267 30.223
-91.253 30.278
-91.154 30.260
-91.239 30.304
-91.145 30.163
-91.253 30.257
-93.092 31.733
-92.971 31.843
-93.303 31.692
-91.239 30.275
-91.252 30.274
-91.415 30.323
-91.229 30.252
-91.105 30.224
-91.242 30.285
-91.305 30.241
-91.323 30.250
-91.491 30.417
-91.251 30.273
-91.233 30.281
-91.405 30.189
-91.220 30.271
-91.519 30.491
-90.724 30.343
-90.878 30.477
-90.820 30.599
-93.096 31.754
-93.117 32.116
-93.061 31.911
-93.134 31.413
-93.095 31.818
-93.378 31.751
-90.946 30.507
-90.928 30.440
-93.089 31.773
-93.033 31.811
-93.072 31.848
-93.025 31.748
-92.926 31.537
-92.979 32.092
-90.877 30.492
-90.809 30.425
-90.868 30.459
-90.916 30.390
-90.870 30.604
-90.906 30.551
-90.909 30.620
-90.602 30.554
-90.619 30.416
-90.946 30.548
-90.951 30.598
-90.886 30.425
-90.948 30.467
-90.922 30.495
-93.104 31.767
-93.099 31.769
-93.105 31.758
-93.203 31.874
-92.993 31.686
-93.209 31.793
-92.939 31.605
-90.967 30.482
-90.766 30.317
-90.869 30.548
-90.865 30.516
-90.970 30.578
-90.906 30.475
-90.585 30.503
-90.923 30.523
-90.877 30.442
-90.580 30.353
-90.714 30.234
-90.604 30.608
-90.815 30.303
-90.970 30.429
-90.640 30.457
-93.089 31.759
-93.173 31.931
-92.954 31.438
-93.186 31.623
-91.557 31.641
-91.610 31.274
-91.537 31.723
-91.569 31.571
-91.530 31.602
-91.550 31.629
-91.678 31.528
-91.760 31.577
-91.443 31.583
-91.686 31.437
-90.581 30.461
-90.953 30.565
-90.544 30.426
-90.842 30.338
-90.706 30.489
-90.896 30.513
-90.803 30.316
-90.698 30.599
-93.064 31.737
-93.200 31.655
-93.075 31.749
-91.332 30.149
-91.438 30.416
-91.460 30.443
-91.210 30.279
-91.243 30.287
-91.346 30.104
-91.440 31.566
-91.565 31.624
-91.445 31.562
-91.796 31.419
-91.494 31.551
-91.466 31.686
-91.431 31.572
-91.631 31.677
-90.747 30.495
-90.845 30.381
-90.827 30.514
-90.913 30.575
-90.554 30.390
-90.855 30.498
-90.890 30.406
-90.972 30.461
-90.938 30.585
-90.599 30.489
-93.124 31.795
-93.102 31.630
-93.046 31.674
-93.283 31.696
-93.393 31.847
-91.182 30.098
-91.561 30.377
-91.230 30.275
-91.167 30.225
-91.205 30.261
-91.229 30.285
-91.572 31.635
-91.758 31.293
-91.604 31.603
-90.964 30.454
-90.921 30.452
-90.784 30.498
-90.833 30.485
-90.955 30.435
-93.070 31.799
-93.052 31.649
-93.138 31.517
-92.793 31.524
-93.255 31.846
-93.151 31.719
-93.116 31.898
-91.247 30.269
-91.179 30.162
-91.128 30.200
-91.235 30.289
-91.239 30.282
-91.116 30.292
-91.271 30.296
-90.764 30.556
-90.598 30.522
-90.933 30.502
-90.928 30.475
-90.656 30.518
-90.934 30.596
-93.103 31.747
-93.292 31.575
-93.073 31.772
-93.099 31.777
-92.916 32.019
-93.026 31.994
-91.229 30.178
-90.938 30.493
-90.967 30.522
-90.950 30.493
-90.912 30.518
-90.608 30.261
-90.737 30.430
-90.944 30.524
-93.071 31.760
-93.160 31.775
-93.132 31.741
-93.081 31.759
-91.305 30.173
-91.219 30.275
-91.099 30.180
-90.169 29.990
-90.021 29.895
-90.133 30.008
-90.190 29.955
-90.162 29.903
-90.169 29.954
-90.158 30.012
-90.062 29.899
-90.161 29.979
-90.047 29.908
-90.239 29.996
-90.045 29.924
-90.132 29.879
-90.090 29.871
-90.154 29.966
-90.162 30.013
-90.236 30.032
-90.151 30.000
-90.042 29.888
-90.251 30.026
-90.245 30.029
-90.076 29.856
-90.138 30.008
-90.129 29.999
-90.260 30.010
-90.276 30.034
-90.150 29.938
-90.180 29.927
-90.030 29.872
-90.238 29.905
-90.211 29.958
-90.122 29.877
-90.130 29.992
-90.069 29.878
-90.104 29.887
-90.070 29.895
-90.232 30.017
-90.065 29.894
-90.212 30.024
-90.134 29.987
-90.024 29.876
-90.058 29.846
-90.027 29.893
-90.264 29.987
-90.144 29.864
-90.158 29.703
-90.234 30.021
-90.228 29.993
-90.144 29.972
-90.170 29.979
-90.157 29.980
-90.104 29.897
-90.125 30.004
-90.192 29.933
-90.209 29.951
-90.219 29.965
-90.200 30.003
-90.206 29.994
-90.251 30.011
-90.109 29.748
-90.212 30.028
-90.171 29.958
-90.250 30.034
-90.036 29.873
-90.131 29.977
-90.070 29.847
-90.150 30.017
-90.033 29.885
-90.144 30.008
-90.079 29.907
-90.271 30.009
-90.140 29.984
-90.146 29.905
-90.202 29.941
-90.152 29.993
-90.214 29.963
-90.141 30.017
-90.012 29.894
-90.165 29.979
-90.192 29.975
-90.237 30.003
-90.152 29.962
-90.192 30.024
-90.252 30.017
-90.226 29.983
-90.096 29.902
-90.164 29.955
-90.211 29.932
-90.130 30.007
-90.041 29.854
-90.137 29.901
-90.167 30.013
-90.152 30.009
-90.062 29.922
-90.141 29.991
-90.078 29.808
-90.108 29.800
-90.105 29.874
-90.125 30.010
-90.139 29.978
-90.140 29.892
-90.187 29.994
-90.104 29.865
-90.271 30.046
-90.093 29.862
-90.030 29.213
-90.142 29.903
-90.223 29.966
-90.205 29.991
-90.197 29.994
-90.217 29.980
-90.082 29.890
-90.271 30.001
-90.218 29.976
-91.404 30.730
-91.427 30.696
-92.995 30.396
-92.749 30.217
-92.624 30.214
-92.970 30.314
-92.695 30.330
-92.672 30.091
-92.676 30.248
-92.701 30.192
-93.085 30.410
-92.807 30.272
-92.653 30.232
-92.659 30.101
-92.754 30.092
-92.651 30.146
-92.862 30.372
-92.791 30.191
-91.639 32.570
-91.745 32.474
-91.537 30.699
-91.660 32.399
-91.571 32.532
-91.752 32.372
-91.785 32.471
-91.855 32.256
-91.742 32.434
-91.701 32.382
-91.950 32.259
-91.940 32.383
-91.443 30.709
-91.668 30.820
-91.438 30.696
-91.410 30.690
-91.465 30.687
-92.679 30.076
-92.633 30.193
-92.698 30.481
-92.660 30.218
-92.699 30.424
-92.674 30.276
-92.902 30.158
-91.508 32.462
-91.487 32.438
-91.885 32.350
-91.381 30.698
-91.614 30.795
-91.465 30.579
-91.753 30.831
-91.470 30.695
-91.551 30.563
-91.520 30.606
-91.618 30.594
-91.426 30.653
-91.720 30.962
-91.657 30.567
-91.372 30.641
-91.376 30.598
-91.417 30.694
-91.729 30.899
-91.506 30.649
-90.747 30.767
-90.783 30.680
-90.753 30.929
-90.593 30.788
-90.625 30.791
-91.740 32.464
-91.602 32.425
-90.762 30.833
-90.643 30.764
-90.828 30.872
-90.653 30.675
-90.662 30.836
-90.601 30.700
-90.709 30.714
-90.617 30.919
-91.752 32.477
-91.525 32.487
-91.780 32.309
-91.658 32.491
-91.830 32.374
-91.544 32.433
-91.761 32.469
-91.788 32.535
-91.752 32.481
-91.779 32.494
-91.877 32.463
-91.605 32.461
-91.759 32.475
-91.720 32.492
-91.728 32.471
-91.498 32.545
-91.656 32.439
-91.781 32.330
-91.765 32.462
-91.486 30.528
-91.592 30.738
-91.434 30.703
-91.633 30.662
-91.422 30.704
-89.890 30.825
-89.859 30.752
-90.216 30.791
-89.865 30.788
-90.142 30.855
-89.967 30.956
-89.907 30.732
-90.046 30.954
-90.155 30.895
-90.079 30.812
-89.852 30.815
-90.171 30.957
-89.876 30.757
-89.832 30.895
-89.845 30.770
-89.859 30.775
-89.843 30.869
-90.054 30.873
-90.070 30.747
-89.864 30.724
-89.894 30.689
-90.110 30.958
-89.985 30.886
-89.978 30.762
-89.888 30.935
-89.840 30.741
-90.270 30.958
-90.187 30.883
-89.991 30.695
-89.791 30.963
-89.904 30.758
-90.155 30.842
-89.818 30.963
-89.876 30.778
-89.875 30.769
-90.125 30.852
-90.264 30.874
-89.946 30.812
-89.832 30.799
-90.148 30.721
-89.890 30.795
-92.486 31.294
-92.478 31.275
-92.462 31.297
-92.456 31.300
-92.441 31.325
-92.479 31.265
-92.483 31.279
-92.527 31.209
-92.418 31.381
-92.347 31.065
-92.413 31.307
-92.447 31.291
-92.278 31.212
-92.356 31.364
-92.150 31.366
-92.579 30.989
-92.429 31.277
-92.208 31.348
-92.582 30.973
-92.867 31.313
-92.458 31.292
-92.214 31.437
-92.787 31.108
-92.434 31.317
-92.486 31.312
-92.400 31.088
-92.472 31.293
-92.341 31.247
-92.395 31.362
-92.494 31.254
-92.501 31.155
-92.457 31.285
-92.387 31.187
-92.410 31.323
-92.448 31.270
-92.530 31.374
-92.419 31.348
-92.412 31.339
-92.764 31.025
-92.427 31.293
-92.474 31.245
-92.408 31.418
-92.384 31.351
-92.500 31.401
-92.905 31.362
-92.490 31.282
-92.295 31.138
-92.388 31.339
-92.490 31.327
-92.464 31.265
-92.761 31.307
-92.536 31.337
-92.438 31.291
-92.470 31.084
-92.468 31.309
-92.453 31.125
-92.748 30.941
-92.418 31.266
-92.663 31.354
-92.319 31.422
-92.393 31.328
-92.666 31.183
-92.502 31.250
-92.671 31.250
-92.506 31.269
-92.514 31.040
-92.601 30.966
-92.393 31.388
-92.447 31.284
-92.281 31.350
-92.282 31.009
-92.451 31.315
-92.447 31.408
-92.473 31.302
-92.284 31.295
-92.670 31.391
-92.771 31.416
-92.726 31.137
-92.450 31.302
-92.365 31.296
-92.524 31.048
-92.436 31.302
-92.588 31.264
-92.588 31.347
-92.468 31.282
-92.411 31.289
-92.508 31.309
-92.450 31.249
-92.428 31.334
-92.290 31.011
-92.448 31.190
-92.444 31.366
-92.498 31.275
-92.467 31.328
-92.297 31.380
-92.020 30.116
-92.058 30.204
-92.030 30.218
-92.095 30.134
-92.042 30.325
-92.068 30.194
-92.140 30.144
-92.382 32.766
-92.306 32.705
-92.410 32.708
-92.402 32.776
-92.455 32.967
-91.990 30.220
-92.010 30.255
-92.010 30.203
-92.053 30.257
-92.003 30.223
-92.067 30.316
-92.071 30.160
-92.022 30.235
-92.401 32.757
-92.505 32.982
-92.264 32.637
-92.124 32.736
-92.292 32.905
-92.666 32.795
-92.196 32.677
-92.331 32.775
-92.335 32.621
-92.718 33.007
-92.128 30.222
-92.070 30.217
-91.974 30.221
-92.057 30.172
-92.039 30.305
-91.997 30.343
-92.005 30.268
-92.240 32.900
-92.414 32.777
-92.369 32.655
-92.384 32.824
-92.149 32.822
-92.482 32.714
-92.680 32.915
-92.662 32.845
-92.370 32.933
-92.532 32.782
-92.579 32.933
-92.259 32.755
-92.083 30.155
-92.031 30.251
-92.023 30.187
-91.970 30.151
-92.053 30.188
-92.008 30.228
-92.084 30.203
-91.973 30.276
-92.011 30.170
-91.999 30.112
-92.206 30.168
-92.092 30.188
-92.098 30.160
-92.008 30.220
-91.993 30.261
-92.027 30.212
-92.029 30.233
-91.979 30.292
-92.193 30.226
-91.969 30.239
-92.066 30.352
-92.065 30.209
-92.020 30.210
-92.057 30.184
-92.019 30.200
-92.061 30.225
-92.103 30.222
-91.994 30.163
-92.048 30.227
-92.045 30.193
-91.958 30.124
-91.994 30.257
-92.072 30.278
-92.052 30.198
-91.993 30.229
-92.022 30.254
-92.082 30.224
-92.036 30.189
-91.998 30.068
-91.984 30.142
-92.045 30.122
-92.010 30.312
-91.974 30.087
-91.997 30.249
-92.124 30.181
-91.997 30.191
-92.106 30.244
-92.033 30.159
-92.020 30.151
-92.114 30.278
-91.962 30.107
-92.016 30.101
-92.051 30.088
-92.030 30.241
-92.148 30.256
-92.050 30.242
-92.015 30.285
-91.935 30.157
-92.010 30.134
-92.118 30.203
-92.035 30.204
-92.005 30.242
-92.041 30.182
-92.073 30.121
-92.023 30.227
-92.000 30.216
-92.038 30.228
-92.065 30.179
-92.034 30.198
-92.184 30.212
-91.998 30.234
-92.079 30.245
-92.056 30.210
-92.072 30.204
-91.988 30.154
-92.104 30.309
-92.012 30.214
-92.063 30.199
-92.033 30.223
-92.042 30.212
-92.049 30.143
-92.034 30.278
-92.002 30.237
-92.029 30.179
-92.014 30.236
-92.018 30.222
-91.955 30.142
-92.071 30.187
-92.018 30.248
-92.032 30.237
-92.051 30.162
-92.199 32.936
-92.464 32.863
-90.734 29.586
-90.703 29.583
-90.692 29.574
-90.744 29.634
-90.692 29.603
-90.845 29.567
-90.686 29.622
-90.788 29.699
-90.752 29.638
-90.719 29.535
-90.572 29.353
-90.631 29.580
-90.762 29.557
-90.791 29.662
-90.639 29.559
-90.924 29.686
-90.599 29.552
-90.733 29.658
-91.050 29.535
-90.656 29.587
-90.696 29.587
-90.921 29.641
-90.767 29.575
-90.633 29.443
-90.934 29.708
-91.047 29.314
-90.736 29.612
-90.608 29.465
-90.756 29.618
-90.758 29.490
-90.688 29.431
-90.666 29.574
-90.668 29.594
-90.818 29.745
-90.685 29.516
-90.735 29.581
-90.729 29.587
-90.849 29.728
-90.749 29.580
-90.763 29.592
-90.705 29.588
-90.837 29.607
-90.740 29.545
-90.731 29.571
-90.728 29.593
-90.473 29.334
-90.715 29.596
-90.681 29.576
-90.715 29.637
-90.667 29.130
-90.705 29.594
-90.726 29.603
-90.694 29.577
-90.581 29.537
-90.715 29.581
-90.761 29.656
-90.735 29.596
-90.690 29.584
-90.741 29.621
-90.805 29.216
-90.773 29.626
-90.738 29.604
-90.807 29.752
-91.002 29.657
-90.590 29.433
-90.841 29.675
-90.764 29.643
-90.804 29.608
-90.743 29.628
-90.748 29.630
-90.690 29.592
-90.720 29.603
-90.619 29.512
-90.723 29.590
-90.766 29.688
-90.729 29.602
-90.714 29.609
-91.215 30.458
-91.201 30.465
-91.265 30.399
-91.393 30.494
-91.208 30.454
-91.327 30.595
-89.991 29.951
-89.761 29.870
-89.970 29.952
-89.953 29.948
-89.962 29.933
-89.967 29.969
-89.918 29.922
-89.763 29.788
-89.980 29.952
-89.261 29.907
-89.910 29.934
-89.937 29.931
-89.948 29.931
-89.948 29.968
-89.842 29.853
-89.901 29.925
-89.896 29.919
-89.872 29.943
-91.253 30.407
-91.225 30.406
-91.249 30.481
-89.937 29.945
-89.926 29.973
-90.004 29.949
-89.896 29.897
-89.906 29.970
-91.324 30.431
-91.254 30.386
-91.254 30.423
-91.226 30.445
-89.881 29.872
-90.000 29.962
-89.971 29.960
-89.973 29.935
-91.220 30.456
-91.303 30.520
-91.204 30.456
-91.217 30.406
-89.981 29.941
-89.902 29.908
-89.981 29.978
-89.964 29.952
-91.203 30.441
-91.319 30.376
-91.238 30.342
-91.214 30.495
-89.889 29.887
-89.948 29.946
-93.469 29.981
-93.284 29.797
-93.264 29.784
-93.252 29.991
-93.340 29.934
-93.033 29.989
-92.778 29.745
-93.337 29.833
-92.813 30.011
-92.950 29.873
-93.150 29.819
-93.643 29.826
-92.688 29.989
-92.069 30.544
-92.143 30.415
-91.927 30.481
-92.113 30.346
-92.086 30.559
-92.401 30.525
-91.956 30.557
-91.988 30.447
-92.056 30.509
-92.142 30.686
-92.084 30.819
-92.447 30.513
-92.172 30.558
-92.087 30.635
-92.422 30.496
-92.100 30.568
-92.059 30.615
-92.407 30.485
-92.167 30.386
-91.795 30.758
-92.087 30.513
-92.197 30.462
-92.038 30.382
-92.077 30.409
-91.908 30.718
-91.898 30.535
-92.433 30.500
-92.370 30.514
-92.098 30.532
-91.881 30.424
-91.976 30.821
-91.981 30.466
-92.087 30.548
-92.413 30.501
-91.804 30.598
-92.307 30.506
-91.900 30.731
-92.102 30.608
-92.036 30.532
-92.398 30.497
-92.077 30.515
-92.013 30.396
-91.932 30.403
-92.098 30.516
-92.121 30.542
-92.112 30.343
-92.079 30.557
-92.052 30.472
-92.128 30.594
-92.098 30.543
-92.011 30.520
-92.176 30.630
-92.079 30.528
-92.051 30.697
-92.399 30.491
-92.070 30.528
-92.073 30.522
-92.154 30.795
-91.892 30.662
-92.204 30.523
-92.096 30.525
-92.048 30.558
-92.085 30.523
-92.198 30.505
-92.129 30.445
-92.064 30.408
-92.088 30.534
-92.137 30.371
-92.422 30.484
-91.752 30.532
-92.086 30.470
-92.118 30.475
-92.177 30.593
-91.945 30.607
-92.455 30.486
-92.015 30.755
-92.416 30.489
-91.776 30.469
-92.044 30.420
-92.072 30.536
-92.022 30.591
-92.223 30.542
-92.124 30.504
-92.085 30.543
-91.993 30.556
-92.079 30.537
-91.811 29.976
-91.672 29.905
-91.879 30.042
-91.833 29.999
-91.793 30.039
-91.810 29.991
-91.837 30.020
-91.829 29.574
-91.761 30.087
-91.841 30.012
-91.774 29.899
-91.806 30.019
-91.680 30.069
-91.870 29.976
-91.854 30.000
-91.833 30.013
-91.886 29.952
-91.693 29.926
-91.760 30.005
-91.698 30.012
-91.820 29.992
-91.792 29.999
-91.749 29.867
-91.821 30.002
-91.836 30.039
-91.956 30.022
-91.826 29.994
-91.766 29.983
-91.770 29.993
-91.981 29.966
-91.807 30.011
-91.828 30.004
-91.804 30.005
-91.839 29.981
-91.836 30.007
-91.921 29.940
-91.772 29.973
-91.733 29.949
-91.805 29.960
-91.667 29.915
-91.783 30.004
-91.840 30.002
-91.813 29.892
-91.921 30.025
-91.738 30.060
-91.955 29.926
-91.754 30.039
-91.471 29.999
-91.736 29.982
-91.682 29.912
-91.812 30.013
-91.669 29.900
-91.794 30.008
-91.818 30.025
-91.927 30.060
-91.828 29.996
-91.795 29.985
-91.888 30.002
-91.906 29.897
-91.380 30.985
-91.251 30.958
-91.254 30.883
-91.341 30.740
-91.381 30.857
-91.369 30.783
-91.366 30.934
-91.378 30.777
-91.406 30.789
-91.571 30.943
-91.350 30.850
-91.303 30.837
-91.317 30.939
-91.476 30.811
-91.388 30.803
-91.291 30.770
-91.424 30.941
-91.901 30.263
-91.847 30.072
-91.819 30.127
-91.896 30.285
-91.787 30.101
-91.824 30.137
-91.866 30.382
-91.944 30.271
-91.834 30.122
-91.798 30.316
-91.893 30.265
-91.843 30.304
-91.819 30.204
-91.786 30.237
-91.803 30.161
-91.811 30.111
-91.924 30.287
-91.835 30.121
-91.826 30.142
-91.835 30.115
-91.829 30.221
-91.863 30.339
-91.832 30.111
-91.828 30.128
-91.939 30.369
-91.719 30.398
-91.859 30.347
-91.623 30.262
-91.890 30.182
-91.886 30.217
-91.866 30.206
-91.830 30.118
-91.890 30.154
-91.912 30.280
-91.846 30.240
-91.844 30.114
-91.838 30.132
-91.839 30.332
-91.564 30.113
-91.896 30.101
-91.916 30.249
-91.820 30.167
-91.914 30.224
-91.840 30.203
-91.899 30.274
-91.206 29.787
-91.876 30.266
-91.675 30.211
-91.880 30.326
-91.323 29.895
-91.769 30.167
-91.937 30.324
-91.818 30.279
-91.916 30.301
-90.470 30.512
-90.422 30.437
-90.504 30.582
-90.472 30.605
-90.530 30.559
-90.290 30.557
-90.491 30.493
-90.512 30.650
-90.463 30.490
-90.298 30.693
-90.467 30.469
-90.429 30.468
-90.479 30.555
-90.532 30.893
-90.283 30.404
-90.391 30.703
-90.464 30.532
-90.318 30.483
-90.389 30.526
-90.549 30.492
-90.447 30.767
-90.447 30.422
-90.423 30.452
-90.456 30.512
-90.454 30.504
-90.497 30.741
-90.457 30.833
-90.444 30.356
-90.415 30.535
-90.477 30.503
-90.533 30.850
-90.493 30.532
-90.410 30.964
-90.540 30.532
-90.438 30.501
-90.511 30.445
-90.457 30.446
-90.506 30.430
-90.357 30.839
-90.386 30.632
-90.392 30.494
-90.442 30.487
-90.444 30.569
-90.270 30.467
-90.547 30.704
-90.453 30.498
-90.498 30.707
-90.522 30.742
-90.504 30.626
-90.343 30.781
-90.519 30.463
-90.538 30.513
-90.479 30.512
-90.515 30.491
-90.510 30.532
-90.447 30.533
-90.487 30.450
-90.549 30.750
-90.476 30.531
-90.540 30.456
-90.523 30.963
-90.532 30.800
-90.511 30.765
-90.498 30.470
-90.364 30.901
-90.541 30.666
-90.487 30.577
-90.451 30.457
-90.454 30.685
-90.498 30.644
-90.481 30.735
-90.425 30.422
-90.513 30.944
-90.492 30.629
-90.446 30.897
-90.507 30.921
-90.521 30.704
-90.537 30.609
-90.514 30.876
-90.493 30.512
-90.546 30.775
-90.476 30.490
-90.370 30.459
-90.370 30.571
-90.495 30.662
-90.516 30.633
-90.711 30.055
-90.702 30.039
-90.706 30.068
-90.704 30.055
-90.697 30.041
-90.721 30.035
-90.685 30.043
-90.683 30.110
-90.692 29.918
-90.688 29.946
-90.721 29.941
-90.728 30.002
-90.715 29.980
-90.888 30.092
-90.823 29.966
-90.740 30.070
-90.800 30.083
-90.759 30.002
-90.769 30.030
-90.733 30.020
-90.910 30.009
