-70.711 41.387
-70.806 41.339
-70.726 41.354
-70.541 41.379
-70.798 41.464
-70.582 41.437
-70.619 41.453
-70.655 41.400
-71.023 42.078
-71.032 42.075
-71.020 42.060
-71.024 42.068
-70.821 42.064
-70.830 42.040
-70.793 42.038
-70.805 42.093
-70.666 41.984
-71.032 42.062
-71.055 42.060
-71.016 42.072
-70.688 41.921
-70.724 41.919
-70.640 41.836
-70.716 41.946
-70.560 41.862
-70.684 41.950
-70.667 41.950
-70.636 41.939
-70.641 41.897
-70.562 41.920
-70.548 41.893
-70.571 41.815
-71.003 42.069
-70.996 42.059
-70.601 41.792
-70.810 41.963
-70.838 41.760
-70.902 42.151
-71.010 42.050
-71.013 42.085
-70.928 42.145
-70.918 42.131
-70.923 42.122
-70.999 42.091
-70.996 42.077
-70.983 42.083
-70.900 42.118
-70.905 42.102
-70.792 42.204
-71.010 42.100
-70.988 42.104
-70.759 42.184
-70.770 42.229
-70.722 42.174
-70.748 42.210
-70.730 42.205
-70.608 42.049
-70.726 41.745
-70.647 41.749
-70.680 41.738
-70.717 41.786
-71.016 42.112
-71.005 42.115
-71.026 42.101
-70.760 41.764
-70.651 41.782
-71.016 42.012
-71.031 42.095
-71.048 42.098
-71.033 42.108
-71.039 42.033
-70.954 42.072
-70.956 42.086
-70.789 41.921
-70.774 41.879
-70.732 41.850
-70.696 42.014
-70.670 42.045
-70.709 42.038
-70.728 42.072
-70.747 42.054
-70.754 42.034
-70.923 42.075
-70.925 42.091
-70.859 41.917
-70.849 41.875
-70.971 42.050
-70.915 42.019
-70.931 42.049
-70.956 42.020
-70.866 41.981
-70.857 42.010
-70.847 42.136
-70.831 42.109
-70.871 42.109
-70.881 42.138
-70.886 42.075
-70.952 42.100
-70.939 42.116
-70.852 42.068
-70.873 42.039
-70.907 42.252
-70.908 42.235
-70.871 42.248
-70.862 42.210
-70.894 42.217
-70.957 42.135
-70.975 42.120
-71.000 41.952
-70.985 41.973
-70.926 41.992
-70.904 42.186
-70.906 42.305
-70.879 42.285
-70.854 42.267
-70.709 41.989
-70.945 41.958
-70.952 41.983
-70.969 42.000
-71.017 41.982
-71.035 42.084
-70.737 41.968
-70.768 41.989
-71.046 42.082
-71.068 42.095
-70.762 42.011
-70.994 41.808
-70.939 41.824
-70.951 41.873
-70.765 41.709
-70.659 42.087
-70.684 42.074
-70.675 42.099
-70.753 42.115
-70.708 42.110
-70.708 42.135
-70.745 42.134
-70.798 41.661
-70.823 41.672
-70.934 41.926
-70.924 41.888
-71.062 42.078
-71.023 42.090
-71.027 42.086
-70.846 41.831
-70.904 41.896
-70.858 42.168
-70.807 42.141
-70.803 42.177
-70.777 42.079
-70.075 41.278
-70.138 41.306
-70.302 41.692
-70.402 41.668
-70.370 41.709
-70.435 41.665
-70.299 41.639
-70.336 41.670
-70.315 41.650
-70.345 41.646
-70.392 41.631
-70.369 41.665
-70.440 41.626
-70.303 41.663
-70.282 41.658
-70.581 41.771
-70.533 41.789
-70.611 41.740
-70.562 41.736
-70.603 41.699
-70.589 41.677
-70.113 41.736
-70.066 41.757
-70.029 41.749
-69.965 41.697
-69.993 41.649
-70.198 41.733
-70.156 41.740
-70.135 41.665
-70.157 41.675
-70.157 41.709
-69.979 41.841
-70.644 41.547
-70.606 41.553
-70.582 41.564
-70.553 41.575
-70.626 41.636
-70.618 41.588
-70.525 41.583
-70.577 41.624
-70.576 41.595
-70.098 41.674
-70.050 41.686
-70.033 41.715
-70.097 41.702
-70.507 41.648
-70.493 41.609
-70.465 41.654
-70.475 41.634
-70.486 41.575
-69.990 41.764
-69.957 41.781
-70.198 42.061
-70.504 41.760
-70.440 41.744
-70.442 41.719
-70.458 41.678
-70.478 41.693
-70.478 41.720
-70.525 41.695
-70.065 42.011
-70.211 41.795
-70.014 41.927
-70.240 41.699
-70.188 41.684
-70.213 41.651
-70.204 41.672
-70.236 41.668
-70.255 41.644
-70.201 41.707
-73.213 42.447
-73.248 42.423
-73.216 42.421
-73.265 42.437
-73.293 42.425
-73.307 42.446
-73.299 42.467
-73.118 42.644
-73.253 42.473
-73.280 42.484
-73.359 42.387
-73.123 42.108
-73.020 42.596
-73.087 42.638
-73.093 42.609
-73.126 42.606
-73.149 42.629
-73.360 42.102
-73.325 42.303
-73.083 42.285
-73.151 42.564
-73.109 42.727
-73.198 42.247
-73.155 42.366
-73.388 42.310
-73.233 42.670
-73.141 42.499
-73.201 42.718
-73.215 42.729
-73.043 42.514
-73.175 42.446
-73.439 42.170
-73.014 42.680
-73.315 42.213
-73.426 42.249
-73.386 42.182
-73.379 42.241
-73.378 42.212
-73.320 42.531
-73.113 42.435
-73.239 42.532
-73.214 42.324
-73.239 42.305
-73.210 42.290
-73.268 42.278
-73.257 42.308
-73.268 42.315
-73.276 42.372
-73.227 42.191
-73.466 42.094
-73.224 42.609
-73.240 42.101
-73.090 42.703
-73.080 42.680
-73.116 42.675
-73.152 42.685
-73.136 42.706
-73.086 42.204
-73.040 42.429
-73.239 42.465
-73.216 42.481
-73.247 42.454
-73.213 42.463
-73.236 42.445
-71.170 42.469
-71.162 42.481
-71.092 42.391
-71.103 42.393
-71.109 42.396
-71.113 42.391
-71.120 42.394
-71.125 42.402
-71.470 42.642
-71.049 42.513
-71.158 42.471
-71.141 42.473
-71.145 42.478
-71.117 42.398
-71.428 42.357
-71.688 42.634
-71.129 42.411
-71.107 42.484
-71.189 42.368
-71.367 42.374
-71.372 42.332
-71.353 42.326
-71.345 42.360
-71.408 42.563
-71.058 42.503
-71.167 42.486
-71.155 42.497
-71.107 42.464
-71.109 42.496
-71.095 42.495
-71.059 42.491
-71.067 42.481
-71.145 42.485
-71.134 42.506
-71.124 42.481
-71.162 42.504
-71.087 42.487
-71.091 42.460
-71.080 42.497
-71.240 42.407
-71.152 42.513
-71.184 42.459
-71.096 42.440
-71.087 42.478
-71.511 42.430
-71.260 42.411
-71.213 42.402
-71.422 42.418
-71.456 42.371
-71.396 42.391
-71.448 42.392
-71.224 42.592
-71.264 42.617
-71.207 42.382
-71.213 42.391
-71.220 42.373
-71.247 42.603
-71.207 42.579
-71.185 42.590
-71.241 42.375
-71.245 42.380
-71.227 42.381
-71.248 42.638
-71.204 42.619
-71.206 42.602
-71.741 42.662
-71.698 42.686
-71.264 42.369
-71.192 42.468
-71.254 42.362
-71.244 42.363
-71.084 42.511
-71.070 42.520
-71.234 42.364
-71.242 42.372
-71.228 42.368
-71.192 42.294
-71.090 42.387
-71.059 42.588
-71.262 42.391
-71.205 42.369
-71.199 42.376
-71.194 42.381
-71.114 42.588
-71.109 42.568
-71.087 42.583
-71.566 42.682
-71.617 42.652
-71.618 42.686
-71.230 42.395
-71.247 42.400
-71.164 42.368
-71.160 42.374
-71.172 42.373
-71.175 42.364
-71.091 42.529
-71.103 42.511
-71.182 42.378
-71.187 42.373
-71.417 42.598
-71.441 42.554
-71.453 42.610
-71.427 42.628
-71.306 42.386
-71.279 42.368
-71.313 42.357
-71.298 42.331
-71.203 42.560
-71.159 42.535
-71.134 42.440
-71.140 42.464
-71.184 42.363
-71.117 42.512
-71.120 42.403
-71.111 42.533
-71.149 42.586
-71.123 42.467
-71.188 42.548
-71.160 42.557
-71.113 42.550
-71.647 42.573
-71.081 42.391
-71.375 42.234
-71.108 42.383
-71.092 42.377
-71.135 42.450
-71.160 42.441
-71.176 42.575
-71.151 42.454
-71.102 42.377
-71.095 42.382
-71.100 42.387
-71.097 42.394
-71.109 42.387
-71.090 42.397
-71.391 42.691
-71.394 42.669
-71.430 42.675
-71.153 42.367
-71.477 42.593
-71.125 42.458
-71.172 42.451
-71.190 42.396
-71.170 42.382
-71.164 42.400
-71.374 42.461
-71.410 42.451
-71.384 42.435
-71.393 42.320
-71.465 42.319
-71.417 42.327
-71.550 42.633
-71.289 42.620
-71.320 42.652
-71.310 42.645
-71.049 42.463
-71.076 42.446
-71.067 42.447
-71.060 42.446
-71.226 42.343
-71.231 42.353
-71.275 42.591
-71.220 42.538
-71.260 42.550
-71.239 42.553
-71.518 42.488
-71.087 42.368
-71.136 42.388
-71.333 42.457
-71.362 42.485
-71.360 42.669
-71.313 42.680
-71.423 42.314
-71.461 42.303
-71.317 42.656
-71.340 42.651
-71.371 42.651
-71.329 42.262
-71.359 42.291
-71.224 42.362
-71.251 42.348
-71.240 42.340
-71.241 42.355
-71.145 42.396
-71.131 42.394
-71.114 42.382
-71.186 42.406
-71.363 42.690
-71.338 42.690
-71.060 42.415
-71.458 42.339
-71.445 42.215
-71.414 42.214
-71.434 42.181
-71.495 42.227
-71.544 42.215
-71.577 42.227
-71.325 42.639
-71.299 42.659
-71.295 42.650
-71.056 42.432
-71.336 42.313
-71.255 42.333
-71.555 42.349
-71.082 42.379
-71.131 42.404
-71.181 42.337
-71.281 42.477
-71.166 42.391
-71.484 42.251
-71.188 42.385
-71.178 42.385
-71.160 42.381
-71.125 42.375
-71.118 42.371
-71.148 42.387
-71.208 42.449
-71.246 42.457
-71.060 42.425
-71.052 42.425
-71.567 42.341
-71.089 42.406
-71.572 42.359
-71.187 42.313
-71.177 42.304
-71.203 42.306
-71.436 42.453
-71.421 42.479
-71.280 42.560
-71.135 42.399
-71.116 42.367
-71.398 42.631
-71.319 42.596
-71.326 42.671
-71.459 42.531
-71.500 42.555
-71.279 42.646
-71.598 42.350
-71.318 42.661
-71.045 42.430
-71.541 42.354
-71.548 42.366
-71.220 42.312
-71.215 42.320
-71.226 42.331
-71.238 42.326
-71.188 42.324
-71.463 42.466
-71.164 42.426
-71.223 42.564
-71.297 42.580
-71.308 42.555
-71.378 42.569
-71.349 42.611
-71.289 42.630
-71.330 42.655
-71.587 42.381
-71.354 42.646
-71.332 42.645
-71.321 42.643
-71.534 42.347
-71.095 42.421
-71.094 42.429
-71.198 42.324
-71.209 42.325
-71.409 42.512
-71.173 42.420
-71.282 42.534
-71.252 42.576
-71.343 42.574
-71.260 42.695
-71.342 42.671
-71.570 42.382
-71.583 42.400
-71.352 42.630
-71.324 42.618
-71.339 42.624
-71.133 42.430
-71.123 42.411
-71.118 42.413
-71.101 42.401
-71.203 42.334
-71.174 42.328
-71.443 42.498
-71.479 42.479
-71.239 42.526
-71.188 42.518
-71.283 42.660
-71.285 42.680
-71.501 42.676
-71.563 42.406
-71.515 42.389
-71.550 42.382
-71.334 42.638
-71.307 42.659
-71.032 42.430
-71.070 42.422
-71.067 42.417
-71.141 42.424
-71.082 42.410
-71.107 42.411
-71.182 42.345
-71.174 42.339
-71.136 42.412
-71.168 42.412
-71.153 42.426
-71.177 42.415
-71.176 42.498
-71.208 42.487
-71.220 42.504
-71.211 42.512
-71.206 42.528
-71.051 42.407
-71.045 42.403
-71.058 42.396
-71.043 42.409
-71.048 42.411
-71.560 42.396
-71.315 42.648
-71.080 42.425
-71.081 42.419
-71.082 42.429
-71.080 42.437
-71.048 42.447
-71.390 42.277
-71.074 42.468
-71.066 42.468
-71.075 42.459
-71.089 42.547
-71.109 42.520
-71.126 42.536
-71.162 42.432
-71.184 42.419
-71.168 42.422
-71.076 42.368
-71.084 42.373
-71.123 42.390
-71.040 42.407
-71.037 42.420
-71.043 42.414
-71.038 42.413
-71.194 42.437
-71.210 42.424
-71.069 42.435
-71.068 42.428
-71.575 42.329
-71.075 42.454
-71.062 42.455
-71.041 42.453
-71.193 42.416
-71.176 42.432
-71.153 42.404
-71.125 42.385
-71.093 42.365
-71.101 42.356
-71.088 42.358
-71.093 42.370
-71.048 42.421
-71.049 42.417
-71.053 42.417
-71.057 42.413
-71.055 42.410
-71.068 42.400
-71.231 42.421
-71.229 42.440
-71.058 42.438
-71.042 42.439
-71.498 42.367
-71.030 42.439
-71.512 42.354
-71.528 42.337
-71.385 42.296
-71.375 42.280
-71.360 42.308
-71.188 42.424
-71.183 42.428
-71.138 42.406
-71.142 42.402
-71.097 42.371
-71.098 42.364
-71.112 42.365
-71.106 42.367
-71.104 42.362
-71.065 42.413
-71.067 42.408
-71.416 42.301
-71.297 42.644
-71.223 42.462
-71.499 42.340
-71.548 42.342
-71.178 42.357
-71.202 42.360
-71.339 42.294
-71.142 42.415
-71.149 42.409
-71.145 42.411
-71.160 42.412
-71.112 42.361
-71.110 42.357
-71.102 42.372
-71.111 42.370
-71.108 42.375
-71.473 42.188
-71.526 42.234
-71.463 42.297
-71.244 42.476
-71.312 42.623
-71.527 42.365
-71.463 42.441
-71.360 42.279
-71.333 42.281
-71.150 42.418
-71.823 42.677
-71.477 42.273
-71.117 42.378
-71.115 42.374
-71.123 42.381
-71.137 42.375
-71.452 42.285
-71.431 42.293
-71.415 42.287
-71.410 42.281
-71.258 42.444
-71.330 42.417
-71.293 42.433
-71.281 42.454
-71.496 42.523
-71.466 42.430
-71.455 42.417
-71.443 42.436
-71.195 42.361
-71.190 42.352
-71.448 42.250
-71.430 42.249
-71.590 42.565
-71.551 42.560
-71.301 42.498
-71.149 42.377
-71.351 42.530
-71.355 42.594
-71.397 42.305
-71.596 42.604
-71.519 42.601
-71.431 42.271
-71.405 42.268
-71.351 42.636
-71.334 42.634
-71.328 42.630
-71.322 42.633
-71.284 42.636
-71.094 42.417
-71.113 42.437
-71.110 42.404
-71.124 42.420
-71.209 42.357
-71.199 42.347
-71.255 42.506
-71.281 42.509
-71.384 42.642
-71.387 42.598
-71.374 42.619
-71.402 42.277
-71.420 42.266
-71.409 42.336
-71.316 42.634
-71.303 42.631
-71.306 42.638
-71.301 42.621
-71.111 42.421
-71.056 42.471
-71.058 42.465
-71.064 42.460
-71.209 42.343
-71.220 42.354
-71.114 42.011
-70.901 41.633
-70.945 41.647
-70.945 41.638
-70.928 41.623
-70.931 41.629
-70.959 41.647
-70.902 41.650
-70.899 41.662
-70.888 41.638
-70.866 41.654
-70.957 41.657
-70.920 41.625
-71.145 41.680
-71.164 41.691
-71.158 41.686
-71.158 41.700
-70.923 41.637
-70.928 41.644
-70.933 41.641
-71.178 41.680
-71.188 41.680
-71.177 41.690
-71.168 41.700
-70.938 41.641
-70.938 41.621
-70.938 41.629
-70.946 41.625
-70.943 41.633
-71.160 41.695
-71.149 41.691
-71.134 41.687
-71.141 41.695
-71.146 41.700
-70.953 41.636
-70.906 41.602
-70.929 41.615
-71.063 41.719
-71.128 41.693
-71.139 41.715
-71.155 41.708
-71.149 41.709
-71.147 41.717
-71.150 41.722
-71.144 41.706
-71.132 41.739
-71.130 41.709
-71.129 41.701
-71.118 41.728
-71.098 41.751
-71.072 41.798
-71.025 41.763
-70.958 41.688
-70.886 41.683
-70.895 41.720
-70.920 41.726
-71.375 41.905
-71.361 41.909
-70.949 41.767
-71.262 42.004
-71.297 41.956
-71.074 41.836
-71.225 42.001
-71.182 42.017
-71.312 41.942
-71.335 41.921
-71.176 42.043
-71.235 42.026
-71.272 41.964
-71.257 41.946
-71.202 42.035
-70.926 41.681
-70.930 41.690
-71.241 41.923
-71.278 41.939
-71.275 41.920
-71.302 41.924
-71.306 41.910
-71.016 41.692
-70.989 41.552
-71.004 41.661
-70.937 41.699
-70.939 41.716
-70.947 41.713
-70.938 41.602
-71.004 41.627
-71.025 41.616
-70.984 41.620
-70.952 41.732
-70.921 41.673
-70.925 41.660
-70.924 41.665
-70.955 41.620
-70.966 41.610
-70.959 41.591
-71.156 41.836
-71.088 42.071
-71.140 42.034
-71.098 42.054
-71.074 42.016
-71.134 42.060
-70.929 41.668
-70.933 41.662
-70.936 41.672
-70.926 41.654
-70.934 41.648
-70.935 41.652
-71.138 41.660
-71.167 41.675
-71.153 41.683
-71.167 41.686
-70.933 41.635
-70.913 41.604
-70.929 41.675
-70.938 41.660
-70.913 41.615
-70.919 41.615
-70.924 41.619
-70.934 41.617
-71.323 41.961
-71.323 41.988
-71.287 41.986
-71.363 41.941
-71.198 41.936
-71.228 41.967
-71.243 41.888
-71.333 41.991
-71.305 41.993
-71.195 41.982
-71.148 41.990
-71.321 41.820
-71.313 41.794
-71.137 41.779
-71.345 41.985
-71.360 41.969
-71.329 41.971
-71.158 41.962
-71.047 41.928
-71.068 41.956
-71.018 41.910
-71.253 41.845
-71.241 41.802
-71.159 41.736
-71.144 41.765
-71.147 41.752
-71.209 41.740
-71.179 41.725
-71.322 41.888
-71.316 41.854
-71.175 41.772
-71.205 41.721
-71.243 41.745
-71.234 41.768
-71.100 41.889
-71.136 41.881
-71.082 41.911
-71.062 41.896
-71.001 41.874
-71.107 41.565
-71.109 41.661
-70.853 41.608
-71.099 41.905
-71.110 41.900
-71.033 41.863
-71.091 41.926
-70.961 41.542
-71.094 41.913
-71.074 41.881
-71.103 41.875
-71.131 41.910
-71.166 41.904
-71.120 41.928
-71.110 41.959
-71.054 41.567
-71.067 41.651
-71.091 41.634
-71.081 42.337
-71.087 42.335
-71.089 42.329
-71.029 42.387
-71.085 42.314
-71.087 42.322
-71.079 42.320
-71.085 42.319
-71.082 42.316
-71.125 42.249
-71.137 42.250
-71.089 42.277
-71.159 42.336
-71.110 42.351
-71.126 42.352
-71.034 42.388
-71.030 42.391
-71.021 42.394
-71.047 42.390
-71.039 42.397
-71.036 42.390
-71.094 42.303
-71.092 42.315
-71.089 42.312
-71.076 42.317
-71.134 42.237
-71.101 42.272
-71.127 42.269
-71.147 42.257
-71.100 42.277
-71.129 42.354
-71.132 42.350
-71.140 42.352
-71.135 42.349
-71.137 42.346
-71.144 42.348
-71.040 42.392
-71.026 42.397
-71.018 42.400
-71.032 42.397
-71.036 42.401
-71.026 42.403
-71.048 42.309
-71.072 42.319
-71.038 42.317
-71.072 42.315
-71.067 42.316
-71.094 42.269
-71.103 42.264
-71.108 42.269
-71.125 42.363
-71.161 42.350
-71.161 42.357
-71.031 42.409
-71.034 42.406
-71.029 42.400
-70.988 42.395
-71.062 42.315
-71.055 42.319
-71.056 42.316
-71.059 42.314
-71.077 42.309
-71.111 42.282
-71.116 42.272
-71.125 42.277
-71.108 42.319
-71.153 42.357
-71.170 42.354
-71.135 42.359
-71.152 42.349
-70.978 42.402
-71.007 42.402
-70.996 42.404
-71.084 42.290
-71.093 42.290
-71.089 42.287
-71.085 42.285
-71.093 42.283
-71.123 42.283
-71.121 42.293
-71.116 42.289
-71.123 42.288
-71.171 42.349
-71.142 42.360
-71.147 42.354
-71.165 42.352
-71.164 42.344
-70.992 42.412
-71.000 42.407
-71.006 42.424
-71.013 42.415
-71.079 42.297
-71.083 42.305
-71.076 42.303
-71.088 42.282
-71.082 42.302
-71.126 42.306
-71.119 42.319
-71.156 42.344
-71.049 42.363
-71.053 42.369
-71.055 42.364
-71.058 42.365
-70.998 42.422
-71.022 42.408
-71.017 42.411
-71.026 42.415
-71.084 42.297
-71.099 42.287
-71.089 42.295
-71.070 42.311
-71.070 42.306
-71.109 42.315
-71.114 42.315
-71.111 42.311
-71.067 42.365
-71.056 42.358
-71.068 42.342
-70.971 42.424
-70.991 42.423
-71.003 42.412
-71.023 42.420
-71.016 42.424
-71.066 42.308
-71.062 42.310
-71.069 42.301
-71.057 42.307
-71.066 42.304
-71.062 42.301
-71.109 42.294
-71.118 42.311
-71.118 42.309
-71.060 42.349
-71.074 42.344
-71.104 42.339
-71.078 42.348
-71.078 42.344
-71.017 42.435
-70.700 42.389
-70.980 42.377
-70.997 42.375
-70.975 42.363
-71.062 42.304
-71.061 42.298
-71.043 42.291
-71.061 42.279
-71.047 42.281
-71.066 42.373
-71.052 42.379
-71.061 42.376
-71.061 42.379
-71.080 42.342
-71.084 42.344
-71.087 42.346
-71.091 42.343
-71.088 42.341
-71.094 42.337
-70.957 42.392
-70.988 42.368
-71.007 42.359
-71.027 42.379
-71.016 42.388
-71.003 42.384
-71.007 42.390
-71.002 42.393
-71.050 42.299
-71.065 42.291
-71.060 42.293
-71.053 42.295
-71.060 42.289
-71.065 42.380
-71.068 42.378
-71.070 42.385
-71.135 42.293
-71.069 42.349
-71.096 42.350
-71.074 42.359
-71.096 42.344
-71.067 42.356
-70.954 42.376
-70.902 42.354
-71.033 42.369
-71.041 42.368
-71.042 42.373
-71.031 42.374
-71.039 42.377
-71.052 42.291
-71.060 42.285
-71.052 42.286
-71.075 42.297
-71.079 42.282
-71.068 42.284
-71.146 42.276
-71.151 42.283
-71.161 42.286
-71.164 42.283
-71.154 42.280
-71.068 42.360
-71.071 42.357
-71.075 42.354
-71.079 42.354
-71.083 42.352
-71.089 42.351
-71.039 42.379
-71.038 42.383
-71.029 42.382
-71.099 42.335
-71.099 42.333
-71.104 42.333
-71.076 42.278
-71.062 42.273
-71.074 42.273
-71.068 42.299
-71.162 42.262
-71.168 42.270
-71.175 42.288
-71.039 42.349
-71.053 42.337
-71.050 42.337
-71.042 42.340
-71.039 42.337
-71.037 42.334
-71.032 42.338
-71.109 42.334
-71.102 42.329
-71.105 42.325
-71.102 42.323
-71.071 42.295
-71.070 42.280
-71.076 42.290
-71.068 42.292
-71.079 42.285
-71.074 42.286
-71.155 42.288
-71.150 42.293
-71.133 42.286
-71.162 42.297
-71.031 42.334
-71.002 42.336
-71.033 42.329
-71.065 42.319
-71.038 42.332
-71.044 42.328
-71.048 42.333
-71.111 42.328
-71.112 42.323
-71.096 42.326
-71.068 42.286
-71.082 42.274
-71.131 42.279
-71.137 42.274
-71.148 42.263
-71.129 42.291
-71.163 42.274
-71.139 42.296
-71.056 42.333
-71.055 42.330
-71.052 42.326
-71.060 42.326
-71.114 42.304
-71.094 42.323
-71.094 42.318
-71.100 42.318
-71.098 42.313
-71.134 42.264
-71.121 42.258
-71.121 42.265
-71.145 42.288
-71.144 42.284
-71.139 42.280
-71.103 42.345
-71.142 42.344
-71.062 42.322
-71.064 42.338
-71.070 42.335
-71.076 42.331
-71.104 42.313
-71.104 42.308
-71.109 42.302
-71.115 42.306
-71.083 42.325
-71.114 42.262
-71.114 42.252
-71.122 42.244
-71.148 42.344
-71.144 42.341
-71.151 42.343
-71.148 42.338
-71.152 42.339
-71.080 42.330
-71.072 42.322
-71.069 42.328
-71.076 42.325
-71.074 42.341
-71.078 42.339
-71.960 42.042
-72.047 42.203
-71.791 42.571
-71.799 42.558
-71.771 42.566
-71.965 42.573
-71.981 42.604
-71.944 42.588
-72.000 42.584
-72.022 42.595
-72.000 42.570
-72.011 42.569
-71.984 42.571
-71.994 42.572
-71.997 42.556
-71.975 42.550
-71.803 42.574
-71.813 42.577
-71.824 42.574
-71.839 42.559
-71.841 42.591
-71.828 42.614
-71.801 42.589
-71.795 42.618
-71.785 42.584
-71.925 42.659
-72.195 42.600
-72.242 42.554
-72.247 42.595
-71.826 42.187
-71.851 42.209
-71.817 42.212
-71.833 42.221
-71.866 42.189
-72.122 42.436
-72.086 42.400
-71.636 42.384
-71.530 42.026
-71.507 42.034
-71.539 42.046
-71.607 42.436
-71.721 42.356
-72.104 42.194
-71.992 42.115
-71.933 42.128
-71.974 42.170
-71.674 42.428
-71.677 42.418
-71.691 42.402
-71.700 42.417
-71.744 42.035
-71.762 42.075
-71.897 42.067
-71.903 42.034
-71.939 42.068
-71.784 42.323
-71.791 42.311
-71.789 42.305
-71.762 42.494
-71.791 42.502
-71.811 42.528
-72.078 42.270
-71.658 42.296
-71.666 42.320
-71.616 42.318
-71.653 42.345
-71.649 42.113
-71.636 42.139
-71.775 42.300
-71.772 42.308
-71.771 42.521
-71.755 42.539
-71.685 42.114
-71.675 42.137
-72.046 42.350
-71.888 42.099
-71.882 42.159
-71.860 42.129
-71.791 42.294
-71.802 42.277
-71.806 42.292
-71.776 42.543
-71.768 42.548
-71.745 42.615
-71.752 42.583
-71.704 42.561
-71.691 42.598
-71.551 42.093
-71.519 42.170
-71.497 42.156
-71.841 42.103
-71.933 42.311
-72.221 42.460
-72.135 42.553
-71.881 42.456
-71.792 42.274
-71.771 42.285
-71.502 42.131
-71.530 42.142
-71.551 42.158
-71.533 42.157
-71.539 42.175
-71.743 42.194
-72.213 42.692
-72.146 42.665
-71.982 42.375
-71.938 42.404
-71.736 42.306
-71.742 42.286
-71.743 42.269
-71.731 42.259
-71.788 42.263
-71.778 42.270
-71.798 42.264
-71.800 42.176
-71.772 42.204
-71.746 42.218
-71.578 42.039
-72.128 42.319
-71.688 42.289
-71.719 42.284
-71.700 42.317
-71.704 42.295
-71.693 42.263
-71.777 42.261
-71.761 42.266
-71.783 42.252
-71.511 42.306
-71.551 42.308
-71.531 42.277
-71.771 42.253
-71.752 42.247
-72.038 42.072
-72.047 42.088
-72.011 42.059
-72.058 42.047
-72.030 42.094
-71.965 42.216
-72.001 42.210
-72.015 42.275
-71.975 42.272
-71.798 42.445
-71.745 42.437
-72.097 42.080
-72.081 42.143
-71.776 42.147
-71.759 42.237
-71.777 42.233
-71.738 42.116
-71.718 42.169
-72.061 42.546
-72.090 42.597
-71.604 42.177
-71.668 42.080
-71.631 42.089
-71.639 42.037
-71.605 42.078
-71.791 42.253
-71.792 42.247
-71.794 42.237
-72.201 42.200
-71.869 42.054
-71.804 42.237
-71.796 42.222
-71.835 42.258
-71.837 42.248
-71.856 42.258
-71.698 42.237
-71.686 42.219
-71.677 42.200
-71.675 42.182
-72.215 42.355
-71.585 42.506
-71.869 42.381
-71.871 42.321
-71.881 42.048
-71.848 42.071
-71.835 42.041
-71.861 42.251
-71.841 42.234
-71.855 42.358
-71.829 42.348
-71.817 42.330
-71.535 42.125
-71.871 42.034
-71.781 42.341
-71.801 42.252
-71.817 42.248
-71.823 42.253
-71.828 42.247
-71.813 42.242
-72.005 42.484
-71.673 42.494
-71.701 42.453
-71.922 42.263
-71.881 42.233
-71.786 42.379
-72.160 42.254
-71.623 42.287
-71.827 42.266
-71.836 42.273
-71.847 42.270
-71.921 42.206
-71.916 42.230
-71.723 42.538
-71.579 42.282
-71.605 42.263
-71.647 42.261
-71.618 42.240
-71.896 42.578
-71.909 42.525
-72.090 42.675
-72.037 42.644
-72.016 42.693
-71.811 42.299
-71.867 42.279
-71.847 42.290
-71.743 42.564
-71.743 42.553
-71.830 42.307
-71.826 42.291
-71.825 42.278
-71.740 42.528
-71.731 42.512
-71.804 42.323
-71.813 42.268
-71.805 42.266
-71.754 42.523
-71.750 42.510
-71.740 42.489
-71.813 42.263
-71.817 42.258
-71.811 42.256
-72.717 42.683
-72.788 42.592
-72.864 42.640
-72.807 42.520
-72.549 42.692
-72.706 42.508
-72.610 42.522
-72.429 42.608
-72.511 42.634
-72.601 42.633
-72.569 42.623
-72.610 42.591
-72.604 42.604
-72.592 42.602
-72.590 42.580
-72.596 42.593
-72.623 42.583
-72.629 42.612
-72.907 42.585
-72.983 42.723
-72.554 42.607
-72.820 42.690
-72.487 42.474
-72.626 42.696
-72.514 42.531
-72.506 42.570
-72.545 42.592
-72.559 42.597
-72.562 42.583
-72.327 42.452
-72.446 42.676
-72.317 42.569
-72.913 42.699
-72.683 42.603
-72.419 42.457
-72.555 42.465
-72.341 42.677
-72.405 42.554
-72.644 42.438
-72.281 42.625
-72.569 42.076
-72.574 42.086
-72.502 42.169
-72.555 42.056
-72.547 42.043
-72.585 42.035
-72.589 42.051
-72.575 42.065
-72.621 42.222
-72.633 42.246
-72.615 42.207
-72.639 42.193
-72.626 42.194
-72.416 42.064
-72.908 42.082
-72.589 42.169
-72.604 42.173
-72.619 42.181
-72.608 42.149
-72.611 42.135
-72.607 42.143
-72.508 42.120
-72.485 42.110
-72.529 42.110
-72.628 42.208
-72.636 42.206
-72.642 42.177
-72.668 42.189
-72.618 42.211
-72.614 42.199
-72.625 42.180
-72.606 42.208
-72.479 42.067
-72.503 42.046
-72.595 42.193
-72.537 42.171
-72.548 42.191
-72.569 42.188
-72.589 42.186
-72.940 42.291
-72.206 42.129
-72.431 42.100
-72.407 42.138
-72.462 42.120
-72.450 42.141
-72.711 42.123
-72.708 42.159
-72.718 42.095
-72.757 42.098
-72.798 42.113
-72.823 42.126
-72.521 42.126
-72.487 42.128
-72.504 42.129
-72.598 42.203
-72.166 42.060
-72.525 42.075
-72.503 42.070
-72.575 42.149
-72.563 42.156
-72.592 42.141
-72.584 42.151
-72.952 42.187
-72.621 42.046
-72.696 42.058
-72.658 42.051
-72.602 42.069
-72.611 42.081
-72.644 42.075
-72.682 42.087
-72.648 42.090
-72.770 42.124
-72.752 42.125
-72.740 42.110
-72.535 42.122
-72.546 42.113
-72.555 42.110
-72.563 42.206
-72.583 42.205
-72.599 42.146
-72.623 42.170
-72.616 42.166
-72.740 42.122
-72.776 42.143
-72.760 42.172
-72.634 42.145
-72.661 42.141
-72.657 42.115
-72.555 42.124
-72.556 42.104
-72.566 42.103
-72.561 42.116
-72.565 42.109
-72.615 42.156
-72.593 42.158
-72.676 42.115
-72.644 42.106
-72.628 42.116
-72.567 42.116
-72.575 42.116
-72.558 42.090
-72.560 42.093
-72.570 42.090
-72.619 42.103
-72.612 42.095
-72.567 42.094
-72.571 42.099
-72.580 42.091
-72.233 42.062
-73.021 42.092
-72.527 42.138
-72.582 42.097
-72.577 42.103
-72.558 42.135
-72.561 42.144
-72.492 42.142
-72.508 42.146
-72.574 42.138
-72.586 42.132
-72.574 42.128
-72.592 42.128
-72.601 42.125
-72.493 42.157
-72.506 42.154
-72.541 42.128
-72.582 42.123
-72.590 42.100
-72.584 42.108
-72.588 42.113
-72.518 42.134
-72.534 42.149
-72.601 42.108
-72.593 42.117
-72.605 42.118
-72.514 42.112
-72.486 42.096
-72.504 42.102
-72.501 42.090
-72.519 42.088
-72.613 42.120
-72.614 42.113
-72.738 42.067
-72.766 42.030
-72.526 42.097
-72.536 42.099
-72.804 42.058
-72.857 42.162
-72.548 42.098
-72.535 42.087
-72.544 42.085
-72.549 42.081
-72.372 42.173
-72.333 42.166
-72.282 42.190
-72.328 42.202
-72.820 42.209
-72.289 42.088
-72.340 42.069
-72.346 42.132
-72.552 42.089
-72.545 42.072
-72.556 42.080
-72.469 42.179
-72.504 42.199
-72.447 42.161
-72.438 42.202
-72.471 42.164
-70.967 42.495
-70.989 42.501
-70.962 42.734
-70.779 42.632
-70.977 42.575
-71.147 42.702
-71.156 42.699
-71.146 42.692
-71.149 42.685
-70.953 42.568
-70.943 42.596
-71.166 42.696
-71.166 42.691
-71.165 42.685
-71.180 42.685
-70.923 42.577
-70.949 42.580
-70.917 42.555
-71.170 42.701
-71.179 42.706
-71.186 42.707
-71.181 42.698
-70.952 42.555
-70.931 42.559
-70.992 42.681
-71.051 42.704
-70.993 42.649
-71.172 42.720
-71.174 42.716
-71.176 42.712
-71.171 42.706
-71.157 42.707
-70.847 42.583
-70.826 42.567
-70.871 42.577
-71.160 42.716
-71.166 42.717
-71.164 42.712
-71.143 42.710
-70.900 42.582
-70.867 42.558
-71.142 42.717
-71.155 42.716
-71.156 42.720
-70.881 42.672
-70.899 42.689
-70.820 42.708
-70.807 42.668
-70.854 42.555
-70.885 42.568
-71.065 42.750
-71.098 42.746
-70.886 42.558
-70.879 42.545
-70.884 42.547
-71.080 42.762
-71.102 42.807
-70.899 42.550
-70.901 42.561
-71.159 42.645
-71.109 42.625
-71.137 42.617
-71.084 42.796
-71.098 42.792
-71.142 42.801
-71.144 42.778
-71.187 42.634
-71.188 42.674
-71.140 42.671
-71.116 42.777
-71.037 42.776
-71.039 42.807
-71.159 42.669
-71.133 42.653
-70.933 42.850
-71.056 42.782
-71.076 42.789
-70.967 42.850
-70.954 42.863
-71.073 42.779
-71.080 42.778
-71.098 42.767
-71.113 42.760
-71.079 42.770
-70.937 42.870
-70.919 42.870
-70.935 42.837
-71.104 42.784
-71.087 42.779
-70.948 42.473
-70.938 42.471
-71.097 42.772
-70.854 42.621
-70.826 42.619
-70.885 42.636
-71.015 42.752
-70.721 42.627
-70.944 42.478
-70.942 42.488
-70.952 42.481
-70.969 42.487
-70.703 42.595
-70.659 42.662
-70.665 42.635
-70.678 42.624
-70.679 42.612
-70.663 42.614
-70.658 42.620
-70.641 42.625
-70.648 42.600
-70.998 42.716
-70.929 42.541
-70.923 42.533
-70.921 42.528
-70.965 42.469
-70.946 42.462
-70.954 42.467
-70.959 42.466
-70.721 42.583
-71.235 42.704
-71.221 42.669
-70.969 42.794
-70.940 42.516
-70.925 42.520
-70.930 42.525
-70.963 42.512
-70.973 42.512
-70.961 42.476
-70.935 42.461
-70.937 42.464
-70.942 42.468
-70.883 42.601
-70.943 42.637
-70.894 42.477
-70.898 42.467
-70.947 42.504
-71.056 42.651
-71.088 42.640
-71.077 42.683
-71.119 42.672
-71.103 42.704
-71.127 42.683
-71.132 42.697
-71.124 42.717
-70.920 42.824
-70.949 42.469
-70.929 42.466
-70.928 42.471
-70.932 42.475
-70.934 42.480
-70.910 42.471
-70.921 42.473
-70.907 42.814
-70.889 42.818
-70.897 42.802
-70.870 42.805
-70.837 42.806
-70.914 42.477
-70.919 42.483
-71.037 42.482
-71.010 42.461
-71.020 42.492
-70.918 42.766
-70.846 42.775
-70.925 42.427
-71.002 42.609
-71.030 42.600
-71.008 42.453
-71.003 42.480
-71.173 42.769
-71.129 42.742
-71.030 42.459
-70.997 42.458
-71.006 42.446
-70.991 42.443
-71.018 42.471
-70.856 42.861
-70.865 42.840
-71.198 42.715
-71.202 42.732
-71.204 42.704
-70.901 42.491
-70.891 42.499
-71.141 42.728
-71.182 42.722
-71.150 42.753
-71.229 42.732
-70.904 42.526
-70.907 42.534
-70.893 42.513
-70.892 42.506
-71.165 42.730
-71.179 42.737
-70.930 42.504
-70.917 42.517
-71.012 42.839
-70.865 42.511
-70.884 42.492
-70.915 42.500
-70.899 42.518
-70.876 42.487
-70.853 42.492
-70.864 42.498
-70.900 42.521
-70.889 42.530
-70.891 42.518
-70.859 42.505
-70.850 42.512
-70.770 42.579
-71.042 42.554
-70.853 42.530
-70.895 42.721
-70.610 42.644
-70.633 42.653
-70.632 42.679
-71.027 42.557
-71.015 42.525
-71.014 42.560
-71.012 42.545
-71.025 42.516
-71.060 42.542
-70.979 42.461
-70.997 42.534
-70.992 42.555
-70.974 42.535
-70.965 42.546
-70.971 42.465
-70.975 42.471
-70.944 42.537
-70.953 42.524
-70.988 42.479
-70.963 42.454
-70.960 42.460
-70.965 42.462
-71.106 42.130
-71.119 42.138
-71.140 42.131
-71.114 42.121
-71.119 42.098
-71.063 42.180
-71.048 42.193
-71.009 42.259
-71.018 42.268
-71.009 42.251
-71.010 42.236
-71.347 42.012
-71.307 42.020
-71.177 42.186
-71.228 42.280
-71.243 42.285
-71.226 42.270
-71.253 42.266
-71.273 42.277
-71.285 42.172
-71.291 42.203
-71.326 42.201
-71.022 42.141
-71.151 42.249
-71.183 42.267
-71.199 42.252
-70.822 42.226
-71.025 42.219
-71.085 42.107
-71.077 42.119
-71.035 42.181
-71.060 42.170
-71.021 42.243
-71.043 42.245
-71.027 42.250
-71.190 42.196
-71.197 42.181
-71.248 42.296
-71.234 42.306
-71.004 42.136
-70.991 42.157
-70.816 42.250
-71.151 42.151
-71.159 42.169
-71.134 42.191
-71.105 42.184
-71.005 42.215
-70.997 42.207
-71.079 42.144
-71.203 42.127
-71.201 42.097
-71.175 42.091
-71.153 42.091
-71.032 42.168
-71.051 42.159
-71.052 42.222
-71.027 42.269
-71.033 42.263
-71.036 42.274
-71.022 42.262
-71.203 42.166
-71.216 42.178
-71.082 42.235
-71.062 42.240
-71.016 42.158
-71.405 42.126
-71.411 42.111
-71.413 42.094
-71.435 42.085
-71.123 42.162
-71.136 42.146
-71.128 42.346
-71.012 42.175
-70.990 42.178
-71.165 42.125
-71.078 42.193
-71.039 42.148
-71.011 42.297
-71.019 42.278
-71.030 42.293
-71.017 42.250
-70.997 42.238
-71.224 42.187
-71.208 42.189
-71.211 42.200
-71.042 42.266
-71.052 42.264
-71.106 42.224
-71.087 42.255
-71.419 42.051
-71.387 42.071
-71.122 42.347
-71.122 42.338
-71.125 42.333
-70.998 42.193
-71.026 42.198
-71.477 42.026
-71.328 42.080
-71.390 42.044
-71.337 42.045
-71.026 42.276
-71.027 42.282
-71.011 42.274
-71.005 42.267
-70.995 42.246
-70.988 42.244
-70.980 42.241
-71.198 42.206
-71.300 42.104
-71.076 42.265
-71.087 42.263
-71.376 42.090
-71.386 42.101
-71.122 42.328
-71.116 42.333
-71.115 42.340
-71.478 42.049
-71.474 42.075
-71.481 42.101
-70.965 42.203
-70.926 42.217
-70.946 42.215
-70.954 42.225
-70.979 42.250
-70.954 42.268
-70.970 42.263
-70.998 42.253
-70.965 42.254
-70.992 42.260
-71.328 42.099
-71.354 42.119
-71.321 42.136
-71.103 42.250
-71.063 42.257
-71.249 42.043
-71.273 42.051
-71.118 42.347
-71.155 42.303
-71.151 42.316
-71.139 42.329
-71.463 42.117
-71.049 42.127
-70.962 42.217
-70.937 42.227
-70.937 42.237
-70.934 42.254
-70.939 42.163
-71.222 42.298
-71.223 42.287
-71.204 42.281
-71.096 42.260
-71.379 42.165
-71.352 42.184
-71.346 42.160
-71.254 42.088
-71.209 42.071
-71.150 42.333
-71.135 42.335
-70.954 42.172
-70.967 42.154
-70.937 42.179
-71.427 42.163
-71.397 42.155
-71.418 42.142
-71.458 42.148
-71.313 42.165
-71.220 42.055
-71.284 42.237
-71.154 42.223
-71.166 42.252
-71.132 42.343
-71.126 42.340
-71.111 42.346
-70.979 42.204
-70.931 42.190
-70.953 42.189
-71.146 42.232
-71.170 42.236
-70.987 42.218
-70.971 42.231
-70.966 42.181
-70.925 42.205
-70.943 42.202
-70.955 42.243
-71.168 42.214
-70.981 42.228
-70.994 42.227
-71.206 42.225
-71.231 42.201
-71.231 42.231
-71.305 42.289
-71.282 42.290
-71.259 42.309
-71.261 42.320
-71.291 42.316
-71.305 42.302
-71.316 42.310
-71.252 42.183
-71.258 42.163
-71.276 42.141
-71.281 42.114
-71.250 42.122
-71.237 42.141
-71.229 42.150
-71.215 42.158
-70.841 42.300
-72.489 42.366
-72.520 42.364
-72.526 42.376
-72.522 42.402
-72.501 42.410
-72.528 42.389
-72.532 42.416
-72.942 42.395
-72.730 42.402
-72.778 42.310
-72.309 42.319
-72.279 42.274
-72.298 42.259
-72.229 42.284
-72.739 42.231
-72.563 42.233
-72.571 42.282
-72.589 42.232
-72.602 42.244
-72.585 42.220
-72.924 42.518
-72.416 42.381
-72.711 42.342
-72.676 42.356
-72.712 42.306
-72.685 42.318
-72.664 42.325
-72.664 42.337
-72.654 42.304
-72.633 42.319
-72.628 42.301
-72.610 42.317
-72.640 42.321
-72.648 42.323
-72.649 42.351
-72.632 42.335
-73.016 42.351
-72.855 42.284
-72.622 42.388
-72.569 42.356
-72.504 42.261
-72.806 42.443
-72.671 42.235
-72.679 42.257
-72.653 42.258
-72.644 42.278
-72.691 42.281
-72.920 42.463
-72.845 42.387
-72.437 42.321
-72.423 42.254
-72.369 42.237
-72.382 42.307
-72.498 42.385
-72.499 42.329
-72.530 42.336
