-76.633 39.215
-76.640 39.195
-76.666 39.176
-76.642 38.742
-76.668 39.219
-76.648 39.204
-76.674 39.197
-76.708 39.177
-76.672 39.209
-76.657 39.211
-76.628 39.169
-76.628 39.180
-76.599 39.197
-76.619 39.223
-76.601 39.214
-76.743 39.108
-76.703 39.119
-76.622 39.199
-76.691 39.144
-76.719 39.143
-76.710 39.133
-76.728 39.134
-76.745 39.156
-76.653 39.157
-76.624 39.191
-76.620 39.232
-76.610 39.223
-75.988 38.032
-75.689 38.257
-75.749 38.196
-75.771 38.249
-75.818 38.179
-75.755 38.149
-75.703 38.132
-75.879 38.174
-75.803 38.008
-75.709 38.026
-75.712 38.091
-75.607 38.121
-75.660 38.182
-75.808 38.098
-75.866 37.987
-75.822 37.988
-75.853 37.949
-75.922 38.167
-76.015 38.034
-76.036 37.977
-75.942 38.141
-75.630 38.230
-75.693 38.200
-77.726 39.641
-77.708 39.635
-77.705 39.620
-77.738 39.624
-77.701 39.591
-77.747 39.638
-77.749 39.656
-77.733 39.659
-77.922 39.669
-78.011 39.669
-78.240 39.686
-77.658 39.520
-77.632 39.577
-77.554 39.701
-75.738 38.528
-77.560 39.654
-75.604 38.349
-77.508 39.700
-77.629 39.636
-75.739 38.429
-75.489 38.355
-75.692 38.299
-75.570 38.347
-75.584 38.332
-77.634 39.696
-75.632 38.385
-77.693 39.347
-77.679 39.654
-77.706 39.704
-77.699 39.643
-77.822 39.538
-77.778 39.690
-77.722 39.663
-77.700 39.659
-75.758 38.478
-75.718 38.458
-75.717 38.519
-75.752 38.369
-75.801 38.432
-75.738 38.281
-75.853 38.295
-75.677 38.424
-75.355 38.395
-75.427 38.399
-75.397 38.319
-75.503 38.393
-75.558 38.388
-75.583 38.374
-75.522 38.429
-75.557 38.361
-75.591 38.357
-75.599 38.370
-75.584 38.400
-75.603 38.443
-75.512 38.318
-75.607 38.340
-75.721 38.315
-75.641 38.324
-75.565 38.304
-75.612 38.300
-75.616 38.402
-75.600 38.430
-75.649 38.371
-75.710 38.410
-75.665 38.353
-77.710 39.659
-77.715 39.677
-77.720 39.648
-77.659 39.508
-77.576 39.656
-77.721 39.616
-77.752 39.697
-77.657 39.622
-77.714 39.644
-77.753 39.642
-77.692 39.624
-77.729 39.360
-77.746 39.447
-77.749 39.533
-77.700 39.485
-77.666 39.422
-77.777 39.608
-77.803 39.600
-77.754 39.614
-77.740 39.589
-77.779 39.645
-77.776 39.621
-77.852 39.665
-77.729 39.634
-76.621 39.122
-76.614 39.131
-76.448 39.155
-76.485 39.155
-76.525 39.103
-76.473 39.040
-76.446 38.979
-76.485 38.981
-76.712 39.065
-76.716 39.028
-76.723 39.057
-76.468 38.955
-76.611 39.143
-76.596 39.143
-76.566 39.123
-76.607 39.118
-76.823 39.087
-76.823 39.101
-76.654 39.090
-76.687 39.090
-76.688 39.070
-76.502 38.973
-76.527 38.827
-76.649 39.134
-76.639 39.140
-76.700 39.071
-76.679 39.029
-76.715 39.103
-76.677 39.055
-76.582 39.029
-76.638 39.049
-76.499 38.989
-76.515 38.985
-76.626 39.134
-76.634 39.126
-76.608 39.069
-76.665 39.032
-76.685 39.021
-76.530 38.976
-76.534 38.991
-76.680 39.125
-76.624 39.156
-76.691 39.010
-76.697 38.998
-76.586 39.052
-76.516 38.966
-76.528 38.967
-76.545 38.965
-76.625 39.146
-76.609 39.154
-76.552 39.024
-76.558 39.002
-76.615 39.007
-76.609 39.084
-76.506 38.962
-76.514 38.941
-76.508 38.950
-76.566 39.109
-76.593 39.110
-76.423 38.998
-76.395 39.025
-76.500 38.955
-76.479 38.970
-76.619 39.101
-76.626 39.116
-76.586 39.150
-76.591 39.095
-76.523 39.066
-76.508 39.044
-76.490 38.957
-76.485 38.955
-76.489 38.932
-76.542 39.145
-76.532 39.136
-76.511 39.063
-76.492 39.049
-76.491 38.969
-76.573 38.974
-76.498 38.965
-76.445 38.941
-76.526 39.154
-76.517 39.144
-76.488 39.027
-76.497 39.065
-76.563 38.961
-76.596 38.976
-76.449 38.910
-76.535 38.746
-76.606 38.790
-76.524 39.131
-76.532 39.116
-76.539 39.137
-76.538 39.051
-76.535 39.075
-76.495 38.780
-76.578 38.853
-76.473 38.834
-76.510 38.886
-76.513 39.161
-76.496 39.176
-76.514 39.027
-76.555 39.066
-76.548 38.940
-76.535 38.924
-76.484 38.895
-76.617 38.952
-76.649 38.913
-76.596 38.916
-76.650 38.853
-76.682 38.795
-76.552 39.134
-76.562 39.170
-76.525 39.188
-76.542 39.102
-76.603 39.093
-76.582 38.949
-76.646 38.986
-76.707 39.098
-76.535 39.092
-76.559 39.079
-76.576 39.074
-76.526 39.081
-76.685 39.004
-76.673 39.003
-76.671 39.012
-76.671 39.019
-76.545 39.087
-76.555 39.095
-76.600 39.166
-76.576 39.087
-76.403 39.125
-76.470 39.097
-76.478 39.046
-76.467 39.058
-76.713 39.126
-76.775 39.126
-76.703 39.141
-76.599 39.130
-76.574 39.137
-76.578 39.107
-76.563 39.090
-76.615 39.109
-76.553 38.885
-76.584 38.938
-76.678 38.970
-76.592 39.177
-76.613 39.169
-76.401 39.072
-76.491 39.087
-76.497 39.122
-76.438 39.047
-76.451 39.047
-76.460 39.034
-76.700 39.080
-76.705 39.058
-76.738 39.079
-76.522 38.980
-76.517 39.003
-76.782 39.071
-76.812 39.112
-76.685 39.112
-76.667 39.145
-76.654 39.120
-75.832 39.168
-75.954 39.015
-75.969 39.133
-75.932 39.220
-76.036 39.197
-76.046 38.995
-76.141 38.969
-76.296 38.912
-76.314 39.026
-76.364 38.928
-76.201 38.891
-76.081 39.082
-76.274 38.989
-76.338 38.969
-76.256 38.923
-76.377 38.855
-76.212 38.963
-79.217 39.589
-79.218 39.473
-79.121 39.515
-79.221 39.401
-79.303 39.420
-79.373 39.554
-79.414 39.671
-79.317 39.649
-79.153 39.635
-79.151 39.691
-78.995 39.687
-79.049 39.640
-79.063 39.574
-79.415 39.466
-79.381 39.414
-79.351 39.372
-79.452 39.313
-79.385 39.285
-79.460 39.407
-75.837 39.277
-75.985 39.306
-75.832 39.341
-76.126 39.295
-76.096 39.361
-76.055 39.232
-76.094 39.221
-76.214 39.233
-76.120 39.157
-76.259 39.108
-75.789 39.078
-75.801 38.985
-75.781 38.864
-75.877 38.963
-75.816 38.783
-75.930 38.734
-75.767 38.712
-75.898 38.888
-76.468 38.503
-76.460 38.352
-76.444 38.397
-76.410 38.348
-76.422 38.366
-76.523 38.435
-76.477 38.450
-76.557 38.473
-76.619 38.508
-76.644 38.595
-76.543 38.528
-76.545 38.599
-76.545 38.649
-76.590 38.637
-76.569 38.697
-76.538 38.703
-76.435 38.341
-76.644 38.641
-76.657 38.677
-76.613 38.706
-76.677 38.723
-76.548 38.689
-76.586 38.565
-75.114 38.348
-75.593 38.034
-75.156 38.211
-75.507 38.037
-75.267 38.247
-75.391 38.140
-75.171 38.205
-75.181 38.305
-75.158 38.388
-75.147 38.372
-75.462 38.063
-75.350 38.100
-75.459 38.220
-75.271 38.373
-75.188 38.375
-75.067 38.398
-75.173 38.345
-75.160 38.427
-75.147 38.393
-76.328 39.545
-76.506 39.597
-76.497 39.544
-76.495 39.640
-76.507 39.687
-76.096 39.549
-76.103 39.536
-76.115 39.561
-76.335 39.406
-76.270 39.430
-76.322 39.489
-76.324 39.465
-76.267 39.467
-76.229 39.485
-76.146 39.516
-76.348 39.421
-76.319 39.418
-76.154 39.509
-76.369 39.567
-76.305 39.567
-76.316 39.430
-76.340 39.455
-76.368 39.446
-76.371 39.493
-76.359 39.407
-76.288 39.374
-76.285 39.433
-76.188 39.407
-76.286 39.450
-76.316 39.539
-76.224 39.630
-76.310 39.695
-76.124 39.544
-76.137 39.531
-76.127 39.523
-76.337 39.488
-76.322 39.477
-76.300 39.509
-76.296 39.484
-76.306 39.482
-76.305 39.469
-76.262 39.499
-76.250 39.474
-76.323 39.520
-76.302 39.527
-76.211 39.462
-76.201 39.511
-76.281 39.553
-76.245 39.554
-76.179 39.517
-76.184 39.582
-76.176 39.530
-76.121 39.568
-76.157 39.545
-76.267 39.659
-76.180 39.498
-76.168 39.432
-76.418 39.499
-76.410 39.533
-76.461 39.563
-76.375 39.532
-76.343 39.563
-76.324 39.600
-76.386 39.597
-76.382 39.673
-76.436 39.634
-76.352 39.507
-76.360 39.553
-76.382 39.550
-76.388 39.565
-76.340 39.529
-76.356 39.536
-76.344 39.544
-76.338 39.512
-77.178 39.673
-77.092 39.630
-77.116 39.590
-77.236 39.616
-77.168 39.570
-77.035 39.685
-76.970 39.570
-76.904 39.527
-76.970 39.488
-76.993 39.447
-77.021 39.526
-76.940 39.502
-76.980 39.545
-76.967 39.398
-76.979 39.369
-76.923 39.376
-77.031 39.396
-76.904 39.411
-76.935 39.426
-76.910 39.681
-76.863 39.660
-76.848 39.636
-76.964 39.592
-76.888 39.582
-77.008 39.613
-77.001 39.554
-77.038 39.576
-76.838 39.605
-77.096 39.532
-77.049 39.478
-77.095 39.446
-77.116 39.385
-77.141 39.400
-76.923 39.460
-76.976 39.382
-77.037 39.569
-76.864 38.652
-77.156 38.599
-76.769 38.584
-76.832 38.630
-76.976 38.519
-76.962 38.507
-76.959 38.442
-77.020 38.622
-76.957 38.621
-76.937 38.608
-76.882 38.606
-76.733 38.531
-76.909 38.586
-76.998 38.640
-76.958 38.629
-76.948 38.643
-76.894 38.651
-77.094 38.653
-76.817 38.556
-76.909 38.337
-77.158 38.547
-77.150 38.599
-77.029 38.501
-76.965 38.539
-76.959 38.575
-76.868 38.576
-77.103 38.484
-77.076 38.598
-77.016 38.585
-76.855 38.514
-76.866 38.442
-77.073 38.388
-77.204 38.443
-76.978 38.629
-76.901 38.597
-76.946 38.614
-76.945 38.650
-76.928 38.632
-76.936 38.625
-76.898 38.630
-76.903 38.612
-76.882 38.641
-76.921 38.597
-76.889 38.600
-77.494 39.418
-77.541 39.464
-77.561 39.508
-77.438 39.597
-77.355 39.588
-77.404 39.647
-77.318 39.683
-77.480 39.658
-77.541 39.570
-77.331 39.350
-77.354 39.379
-77.294 39.381
-77.262 39.357
-77.239 39.337
-77.160 39.479
-77.244 39.476
-77.181 39.419
-77.238 39.402
-77.307 39.449
-77.323 39.485
-77.215 39.542
-77.181 39.370
-77.308 39.551
-77.365 39.488
-77.610 39.397
-77.620 39.338
-77.621 39.314
-77.411 39.381
-77.280 39.413
-77.349 39.400
-77.330 39.405
-77.432 39.462
-77.450 39.405
-77.511 39.395
-77.523 39.426
-77.426 39.358
-77.365 39.347
-77.304 39.319
-77.454 39.424
-77.390 39.459
-77.462 39.405
-77.388 39.296
-77.475 39.297
-77.373 39.447
-77.542 39.348
-77.478 39.377
-77.424 39.402
-77.444 39.411
-77.428 39.411
-77.388 39.405
-77.423 39.418
-77.432 39.386
-77.423 39.436
-77.394 39.432
-77.458 39.414
-77.440 39.424
-77.435 39.378
-77.410 39.434
-77.408 39.461
-77.352 39.434
-77.479 39.431
-77.451 39.437
-77.465 39.481
-77.448 39.456
-77.431 39.533
-77.578 39.437
-76.862 39.265
-76.859 39.248
-76.877 39.267
-76.838 39.310
-76.832 39.286
-76.855 39.226
-76.866 39.230
-77.014 39.278
-76.824 39.193
-76.840 39.202
-76.841 39.300
-76.785 39.239
-77.056 39.270
-76.792 39.163
-76.832 39.269
-76.818 39.288
-76.818 39.219
-76.815 39.203
-76.825 39.205
-76.823 39.150
-76.862 39.309
-76.848 39.287
-76.861 39.118
-76.801 39.223
-76.752 39.227
-76.791 39.217
-76.871 39.291
-76.877 39.231
-76.728 39.199
-76.771 39.207
-76.761 39.181
-76.886 39.226
-76.927 39.264
-76.949 39.332
-76.934 39.294
-76.955 39.234
-77.081 39.304
-77.144 39.325
-77.004 39.227
-76.897 39.216
-76.921 39.212
-76.917 39.195
-76.976 39.186
-76.834 39.248
-76.828 39.258
-76.793 39.286
-76.873 39.223
-76.871 39.204
-76.869 39.218
-76.903 39.177
-76.891 39.199
-76.902 39.274
-76.893 39.326
-76.979 39.292
-77.024 39.333
-77.098 39.346
-76.881 39.140
-76.859 39.187
-76.842 39.215
-76.852 39.206
-76.881 39.189
-76.873 39.173
-76.872 39.158
-76.927 39.170
-76.880 39.205
-76.881 39.150
-76.892 39.132
-76.891 39.210
-76.900 39.205
-76.943 39.151
-76.810 39.214
-76.806 39.275
-76.842 39.195
-76.817 39.136
-76.837 39.130
-76.801 39.147
-76.775 39.200
-76.747 39.202
-76.774 39.229
-76.717 39.210
-76.788 39.204
-76.837 39.123
-76.847 39.113
-76.739 39.205
-76.786 39.189
-76.788 39.251
-76.822 39.170
-76.841 39.164
-76.861 39.166
-76.803 39.187
-76.879 39.245
-76.837 39.114
-76.854 39.142
-76.903 39.226
-76.794 39.229
-76.822 39.237
-76.810 39.239
-76.845 39.191
-76.844 39.155
-76.798 39.214
-76.808 39.258
-76.805 39.302
-76.828 39.220
-76.839 39.255
-76.837 39.188
-76.838 39.178
-76.837 39.229
-76.846 39.234
-76.844 39.252
-76.851 39.266
-77.021 38.784
-76.998 38.810
-76.993 38.818
-76.964 38.940
-76.983 38.979
-76.970 38.949
-76.959 38.973
-76.919 39.020
-76.878 38.957
-76.869 38.955
-76.941 38.947
-76.944 38.943
-76.953 39.026
-76.896 39.027
-76.925 39.041
-76.905 39.063
-76.910 38.845
-76.919 38.840
-76.979 38.811
-76.972 38.834
-76.960 38.822
-76.974 38.961
-76.976 39.002
-76.918 38.958
-76.930 38.947
-76.847 39.047
-76.822 39.050
-76.833 39.005
-76.877 39.015
-76.878 38.836
-76.943 38.850
-76.950 38.807
-76.981 38.823
-77.001 38.777
-76.943 38.793
-76.992 38.969
-76.914 38.915
-76.909 38.880
-76.918 39.008
-76.881 39.086
-76.867 39.065
-76.899 38.863
-76.899 38.849
-77.023 38.755
-76.869 38.921
-76.870 38.916
-76.906 38.896
-76.891 38.894
-76.931 38.979
-76.925 38.991
-76.844 39.061
-76.932 38.932
-76.947 38.931
-76.934 38.860
-76.901 38.829
-76.894 38.923
-76.834 38.971
-76.908 38.967
-76.904 38.980
-76.949 38.980
-76.924 38.943
-76.982 38.993
-76.955 38.944
-76.933 38.950
-76.903 38.817
-76.957 38.845
-76.842 38.926
-76.861 38.930
-76.835 38.960
-76.887 38.981
-76.868 38.970
-76.873 38.951
-76.880 38.963
-76.924 38.922
-76.907 38.927
-76.902 38.937
-76.958 38.837
-76.948 38.831
-76.935 38.821
-76.876 38.808
-76.823 38.895
-76.883 38.971
-76.827 38.938
-76.841 38.902
-76.878 38.901
-76.819 38.973
-76.944 38.990
-76.949 39.005
-76.902 38.947
-76.889 38.943
-76.843 38.940
-76.927 38.854
-76.899 38.879
-76.878 38.881
-76.842 38.879
-76.810 38.941
-76.779 38.947
-76.803 38.976
-76.773 38.977
-76.861 38.904
-76.893 38.916
-76.932 39.014
-76.912 38.992
-76.900 38.999
-76.923 38.949
-76.929 38.964
-76.961 39.004
-76.777 38.989
-76.805 38.910
-76.748 38.965
-76.739 38.971
-76.883 38.894
-76.895 38.902
-76.880 39.001
-76.963 39.012
-76.941 39.048
-76.878 39.044
-76.934 38.944
-76.895 38.957
-76.913 38.957
-76.875 38.936
-76.734 38.791
-76.733 38.710
-76.837 38.843
-76.746 38.843
-76.706 38.856
-76.716 38.893
-76.753 38.980
-76.731 38.958
-76.715 38.971
-76.909 38.903
-76.916 38.910
-76.760 38.824
-76.765 38.868
-77.026 38.647
-76.784 38.858
-76.820 38.880
-76.796 38.885
-76.772 38.899
-76.775 38.774
-76.734 38.612
-76.870 38.719
-76.805 38.731
-76.796 38.763
-76.959 38.681
-77.033 38.715
-77.017 38.739
-76.739 38.987
-76.723 38.992
-76.851 38.953
-76.834 38.984
-76.976 38.717
-76.983 38.709
-76.972 38.764
-76.948 38.730
-76.964 38.747
-76.939 38.776
-76.912 38.728
-76.913 38.748
-76.860 38.758
-77.006 38.706
-77.039 38.677
-76.982 38.781
-76.958 38.784
-76.752 38.924
-76.736 38.922
-76.725 38.933
-76.706 38.934
-76.752 39.000
-76.852 38.973
-76.984 38.740
-76.931 38.835
-76.786 38.916
-76.870 38.868
-76.880 38.850
-76.860 38.850
-76.895 38.858
-76.882 38.860
-76.816 38.899
-76.821 38.909
-76.918 38.773
-76.859 38.984
-76.859 39.001
-76.745 38.941
-76.735 38.940
-76.920 38.808
-76.921 38.798
-76.908 38.767
-76.820 38.780
-76.858 38.790
-76.888 38.749
-76.880 38.771
-76.868 39.085
-76.854 39.079
-76.840 39.085
-76.948 38.950
-76.961 38.959
-76.948 38.959
-76.725 38.917
-76.752 38.890
-76.912 38.791
-76.870 39.106
-76.971 38.977
-76.967 38.992
-76.940 38.806
-76.959 38.810
-76.787 39.024
-76.950 39.038
-76.930 38.868
-76.925 38.877
-76.848 39.100
-76.864 39.096
-76.945 38.972
-76.985 38.959
-76.937 38.944
-76.842 38.685
-76.833 38.761
-76.801 38.834
-76.809 38.803
-76.908 39.011
-76.903 39.018
-76.873 38.987
-76.931 39.062
-76.899 39.103
-76.915 38.872
-76.915 38.857
-76.851 39.067
-76.776 39.007
-76.966 38.800
-76.992 38.796
-76.456 38.136
-76.412 38.167
-76.428 38.236
-76.621 38.243
-76.495 38.193
-76.530 38.274
-76.641 38.301
-76.680 38.324
-76.763 38.281
-76.741 38.397
-76.625 38.403
-76.540 38.341
-76.541 38.301
-76.808 38.401
-76.751 38.443
-76.719 38.473
-76.707 38.490
-76.576 38.361
-76.505 38.315
-76.473 38.240
-76.489 38.268
-76.434 38.285
-76.477 38.115
-76.362 38.129
-76.541 38.201
-76.671 38.272
-76.588 38.292
-76.785 38.353
-76.651 38.376
-76.536 38.309
-76.483 38.256
-76.488 38.284
-75.998 39.495
-75.894 39.415
-75.830 39.489
-75.818 39.551
-75.808 39.628
-75.855 39.697
-75.803 39.661
-75.873 39.643
-75.924 39.603
-75.973 39.688
-76.002 39.607
-76.055 39.587
-76.059 39.686
-76.118 39.630
-76.167 39.697
-75.839 39.590
-75.941 39.525
-75.944 39.609
-76.104 39.670
-76.080 39.608
-75.766 38.597
-75.852 38.531
-75.851 38.623
-75.941 38.602
-75.825 38.617
-75.897 38.581
-75.987 38.554
-75.905 38.646
-75.840 38.486
-75.938 38.479
-76.312 38.465
-76.243 38.297
-76.109 38.175
-76.125 38.356
-76.138 38.478
-76.039 38.439
-76.048 38.565
-76.068 38.564
-76.081 38.571
-76.061 38.540
-76.091 38.559
-76.090 38.586
-76.131 38.556
-76.005 38.523
-76.284 38.587
-76.225 38.498
-75.918 38.389
-75.970 38.279
-75.817 38.675
-75.855 38.672
-75.950 38.526
-76.186 38.725
-76.108 38.750
-76.313 38.715
-76.066 38.784
-76.042 38.748
-76.126 38.689
-76.040 38.654
-76.105 38.816
-76.012 38.865
-76.225 38.783
-76.272 38.761
-76.306 38.793
-76.333 38.714
-78.540 39.568
-78.537 39.665
-78.402 39.663
-78.781 39.657
-78.818 39.672
-78.769 39.670
-78.846 39.619
-78.779 39.644
-78.830 39.584
-78.948 39.607
-78.866 39.587
-78.703 39.701
-78.937 39.676
-79.002 39.530
-78.766 39.655
-78.744 39.701
-78.694 39.592
-78.835 39.645
-79.002 39.484
-78.892 39.629
-78.811 39.621
-78.795 39.647
-78.973 39.567
-78.889 39.695
-78.912 39.654
-78.795 39.705
-78.764 39.628
-78.746 39.641
-78.762 39.643
-78.946 39.655
-78.750 39.671
-78.730 39.658
-78.747 39.634
-78.760 39.635
-78.911 39.530
-78.650 39.681
-76.543 39.366
-76.534 39.365
-76.540 39.354
-76.563 39.335
-76.559 39.328
-76.564 39.327
-76.659 39.321
-76.653 39.312
-76.657 39.307
-76.651 39.307
-76.646 39.305
-76.652 39.292
-76.649 39.288
-76.656 39.287
-76.664 39.291
-76.667 39.286
-76.542 39.349
-76.551 39.359
-76.561 39.360
-76.569 39.363
-76.555 39.323
-76.539 39.321
-76.547 39.320
-76.565 39.322
-76.642 39.306
-76.644 39.323
-76.644 39.314
-76.638 39.313
-76.634 39.315
-76.681 39.290
-76.678 39.284
-76.642 39.291
-76.643 39.284
-76.634 39.292
-76.633 39.288
-76.582 39.362
-76.592 39.364
-76.604 39.363
-76.585 39.320
-76.561 39.318
-76.570 39.316
-76.576 39.317
-76.628 39.314
-76.629 39.326
-76.622 39.328
-76.622 39.318
-76.612 39.290
-76.622 39.290
-76.627 39.292
-76.613 39.284
-76.619 39.359
-76.613 39.357
-76.635 39.358
-76.604 39.308
-76.592 39.323
-76.568 39.340
-76.570 39.336
-76.614 39.316
-76.615 39.313
-76.614 39.309
-76.606 39.315
-76.601 39.315
-76.592 39.313
-76.615 39.281
-76.623 39.283
-76.628 39.283
-76.646 39.353
-76.653 39.347
-76.673 39.360
-76.575 39.330
-76.584 39.333
-76.592 39.334
-76.594 39.308
-76.586 39.308
-76.593 39.304
-76.585 39.304
-76.578 39.306
-76.558 39.313
-76.630 39.274
-76.642 39.277
-76.614 39.276
-76.687 39.360
-76.677 39.355
-76.683 39.351
-76.666 39.355
-76.691 39.353
-76.600 39.331
-76.599 39.337
-76.605 39.339
-76.607 39.337
-76.607 39.331
-76.606 39.325
-76.562 39.306
-76.544 39.309
-76.550 39.298
-76.619 39.276
-76.617 39.268
-76.609 39.278
-76.611 39.276
-76.698 39.357
-76.707 39.364
-76.683 39.348
-76.672 39.350
-76.665 39.349
-76.600 39.325
-76.606 39.320
-76.597 39.320
-76.614 39.330
-76.613 39.327
-76.615 39.324
-76.611 39.321
-76.616 39.320
-76.550 39.292
-76.545 39.292
-76.535 39.291
-76.552 39.284
-76.606 39.275
-76.609 39.265
-76.592 39.268
-76.700 39.277
-76.687 39.275
-76.678 39.345
-76.676 39.343
-76.670 39.342
-76.664 39.342
-76.643 39.342
-76.614 39.336
-76.620 39.338
-76.628 39.337
-76.635 39.338
-76.537 39.282
-76.546 39.277
-76.540 39.260
-76.562 39.270
-76.566 39.284
-76.570 39.292
-76.672 39.268
-76.655 39.266
-76.644 39.253
-76.640 39.262
-76.631 39.263
-76.628 39.250
-76.678 39.279
-76.633 39.349
-76.616 39.350
-76.628 39.343
-76.638 39.331
-76.643 39.338
-76.649 39.333
-76.631 39.332
-76.662 39.330
-76.570 39.298
-76.595 39.301
-76.590 39.301
-76.584 39.299
-76.576 39.300
-76.577 39.296
-76.585 39.295
-76.591 39.296
-76.589 39.293
-76.624 39.246
-76.618 39.249
-76.611 39.236
-76.661 39.295
-76.573 39.324
-76.677 39.296
-76.694 39.327
-76.694 39.283
-76.590 39.288
-76.616 39.343
-76.605 39.357
-76.594 39.358
-76.584 39.355
-76.658 39.332
-76.664 39.337
-76.677 39.334
-76.670 39.332
-76.667 39.327
-76.579 39.293
-76.578 39.289
-76.586 39.287
-76.582 39.283
-76.575 39.280
-76.576 39.284
-76.595 39.243
-76.604 39.232
-76.599 39.231
-76.580 39.234
-76.566 39.212
-76.591 39.283
-76.672 39.339
-76.666 39.278
-76.583 39.351
-76.533 39.349
-76.556 39.351
-76.568 39.353
-76.674 39.328
-76.684 39.338
-76.686 39.331
-76.687 39.341
-76.693 39.333
-76.701 39.336
-76.591 39.291
-76.570 39.321
-76.597 39.290
-76.603 39.290
-76.599 39.284
-76.658 39.278
-76.705 39.286
-76.652 39.281
-76.571 39.350
-76.564 39.345
-76.578 39.344
-76.589 39.348
-76.590 39.343
-76.706 39.355
-76.701 39.345
-76.705 39.327
-76.604 39.295
-76.598 39.297
-76.602 39.303
-76.601 39.300
-76.607 39.300
-76.608 39.303
-76.624 39.309
-76.682 39.301
-76.579 39.312
-76.570 39.244
-76.701 39.369
-76.596 39.342
-76.596 39.348
-76.595 39.354
-76.598 39.352
-76.693 39.318
-76.701 39.310
-76.628 39.308
-76.633 39.303
-76.633 39.307
-76.638 39.309
-76.614 39.304
-76.618 39.304
-76.691 39.367
-76.681 39.366
-76.662 39.365
-76.604 39.348
-76.607 39.343
-76.536 39.344
-76.553 39.343
-76.706 39.297
-76.693 39.298
-76.694 39.290
-76.690 39.285
-76.622 39.305
-76.625 39.301
-76.619 39.300
-76.616 39.297
-76.613 39.301
-76.627 39.298
-76.639 39.367
-76.618 39.368
-76.602 39.369
-76.586 39.369
-76.542 39.336
-76.551 39.334
-76.683 39.324
-76.682 39.317
-76.675 39.320
-76.668 39.318
-76.629 39.296
-76.638 39.301
-76.637 39.297
-76.644 39.296
-76.649 39.297
-76.645 39.301
-76.655 39.301
-76.576 39.364
-76.560 39.369
-76.549 39.370
-76.534 39.328
-76.539 39.328
-76.547 39.327
-76.680 39.310
-76.671 39.310
-76.667 39.309
-76.663 39.312
-76.663 39.308
-76.654 39.295
-76.667 39.298
-76.662 39.300
-76.664 39.304
-76.671 39.301
-77.069 39.043
-77.038 39.020
-77.005 39.021
-77.215 39.161
-77.213 39.135
-77.184 39.154
-77.044 39.109
-77.045 39.087
-76.946 39.124
-77.025 39.139
-77.100 39.051
-77.107 39.064
-77.267 39.193
-77.041 39.044
-77.052 39.022
-77.196 39.144
-77.198 39.149
-77.041 39.067
-77.015 39.082
-76.969 39.049
-76.972 39.033
-77.114 39.080
-77.122 39.070
-77.130 39.079
-77.055 38.992
-77.023 39.013
-77.003 39.005
-77.054 39.104
-77.069 39.101
-76.983 39.073
-76.983 39.057
-76.992 39.077
-77.144 39.048
-77.138 39.062
-77.011 39.013
-77.026 39.029
-77.024 39.020
-77.040 38.997
-77.097 39.096
-77.084 39.097
-77.058 39.158
-77.053 39.172
-77.082 39.189
-77.098 39.129
-77.021 39.052
-77.018 39.042
-77.115 39.035
-77.116 39.045
-77.100 39.032
-77.106 39.045
-77.049 38.999
-76.991 38.985
-76.996 38.995
-77.081 39.152
-77.079 39.138
-77.106 39.016
-77.065 39.011
-77.128 38.954
-77.002 39.046
-77.015 39.031
-77.162 39.114
-77.175 39.075
-77.067 39.108
-77.102 39.105
-77.168 39.105
-77.055 39.095
-77.034 39.081
-77.274 39.167
-77.183 39.146
-77.011 39.003
-77.002 38.989
-77.004 38.977
-77.116 38.966
-77.117 38.955
-77.141 38.995
-76.994 39.009
-76.983 39.013
-76.989 39.025
-76.997 39.035
-77.164 39.093
-77.160 39.079
-77.256 39.109
-76.946 39.073
-77.010 39.064
-77.188 39.082
-77.017 39.000
-77.032 39.008
-77.035 38.997
-77.136 39.006
-77.127 39.009
-76.950 39.062
-76.921 39.099
-76.936 39.077
-76.939 39.088
-77.022 39.106
-77.147 39.072
-77.136 39.094
-77.142 39.114
-77.265 39.237
-77.164 39.137
-77.027 38.999
-77.008 38.984
-77.015 38.992
-77.019 38.985
-77.070 39.003
-77.083 39.015
-76.965 39.076
-76.951 39.099
-76.985 39.095
-76.993 39.116
-77.127 39.124
-77.427 39.112
-77.305 39.127
-77.434 39.173
-77.293 39.179
-77.203 39.106
-77.178 39.114
-77.229 39.112
-77.044 39.007
-77.055 39.019
-77.072 39.028
-77.090 39.023
-77.107 39.012
-77.118 39.006
-77.210 39.272
-77.150 39.029
-77.116 39.023
-77.210 39.117
-77.259 39.174
-77.263 39.160
-77.282 39.182
-77.237 39.187
-77.168 39.158
-77.038 39.160
-77.311 39.164
-77.036 39.056
-77.061 39.083
-77.071 39.072
-77.055 39.073
-77.112 38.993
-77.107 38.950
-77.099 38.959
-77.065 38.985
-77.092 39.003
-77.165 39.064
-77.244 39.087
-77.266 39.051
-77.220 39.041
-77.280 39.194
-77.287 39.170
-77.269 39.188
-77.268 39.151
-77.219 39.094
-77.247 39.108
-77.248 39.072
-77.312 39.086
-76.930 39.094
-77.164 39.185
-77.062 39.062
-77.183 39.028
-77.184 39.016
-77.123 38.981
-77.108 38.972
-77.138 38.973
-77.159 38.977
-77.185 38.992
-77.175 39.132
-77.133 39.018
-77.207 39.070
-77.185 39.097
-77.243 39.179
-77.229 39.202
-77.229 39.301
-77.257 39.204
-77.139 39.178
-77.296 39.237
-77.289 39.285
-77.161 39.008
-77.213 38.983
-77.202 39.041
-77.098 39.161
-77.096 38.970
-77.091 38.963
-77.080 38.972
-77.074 38.982
-77.206 39.087
-77.193 39.127
-77.156 39.047
-77.369 39.210
-77.176 39.161
-77.185 39.178
-77.241 39.236
-76.999 38.974
-77.075 39.091
-77.069 39.086
-77.029 38.988
-77.186 39.166
-77.224 39.185
-77.218 39.176
-77.077 38.994
-77.102 38.997
-77.103 38.982
-77.089 38.987
-77.183 39.061
-77.203 39.053
-77.205 39.189
-77.194 39.183
-77.089 39.082
-77.094 39.067
-77.086 39.074
-77.028 39.038
-77.247 39.165
-77.198 39.166
-77.196 39.174
-77.084 38.982
-77.238 39.099
-77.241 39.121
-77.232 39.142
-77.231 39.010
-77.184 39.040
-77.172 39.049
-77.164 39.034
-77.178 39.185
-77.189 39.253
-77.214 39.238
-77.180 39.294
-77.185 39.209
-77.161 39.173
-77.158 39.149
-77.038 39.029
-77.042 39.036
-77.056 39.027
-77.060 39.048
-77.208 39.171
-77.231 39.154
-77.261 39.098
-77.258 39.134
-77.124 39.055
-76.952 39.054
-77.113 39.029
-77.132 39.038
-77.155 39.132
-77.121 39.155
-77.031 39.196
-77.122 39.236
-77.080 39.062
-77.062 39.055
-77.056 39.034
-77.234 39.131
-77.201 39.159
-77.286 39.144
-77.062 39.145
-77.105 39.084
-77.079 39.038
-77.088 39.053
-76.418 39.324
-76.381 39.326
-76.435 39.323
-76.353 39.328
-76.502 39.249
-76.515 39.231
-76.516 39.253
-76.523 39.261
-76.573 39.395
-76.593 39.397
-76.556 39.393
-76.716 39.363
-76.857 39.454
-76.835 39.383
-76.764 39.406
-76.795 39.418
-76.864 39.402
-76.787 39.394
-76.524 39.250
-76.514 39.268
-76.486 39.257
-76.583 39.404
-76.557 39.418
-76.526 39.453
-76.613 39.410
-76.794 39.377
-76.805 39.378
-76.833 39.366
-76.813 39.359
-76.852 39.345
-76.499 39.261
-76.485 39.266
-76.517 39.277
-76.619 39.402
-76.599 39.374
-76.783 39.371
-76.738 39.399
-76.495 39.277
-76.599 39.381
-76.618 39.376
-76.757 39.373
-76.775 39.382
-76.342 39.356
-76.436 39.341
-76.473 39.269
-76.511 39.299
-76.617 39.388
-76.636 39.398
-76.633 39.427
-76.611 39.418
-76.735 39.367
-76.776 39.353
-76.466 39.335
-76.476 39.320
-76.526 39.289
-76.515 39.286
-76.616 39.441
-76.645 39.443
-76.661 39.422
-76.756 39.364
-76.767 39.361
-76.609 39.394
-76.510 39.333
-76.522 39.322
-76.467 39.399
-76.518 39.388
-76.489 39.386
-76.649 39.431
-76.646 39.416
-76.623 39.467
-76.628 39.453
-76.719 39.348
-76.733 39.356
-76.373 39.307
-76.496 39.345
-76.524 39.348
-76.518 39.341
-76.486 39.397
-76.509 39.392
-76.606 39.449
-76.621 39.429
-76.611 39.427
-76.749 39.342
-76.755 39.350
-76.739 39.344
-76.694 39.262
-76.638 39.527
-76.704 39.686
-76.447 39.302
-76.441 39.320
-76.396 39.365
-76.501 39.318
-76.501 39.356
-76.461 39.364
-76.472 39.369
-76.518 39.360
-76.508 39.406
-76.506 39.384
-76.479 39.406
-76.576 39.427
-76.590 39.451
-76.554 39.484
-76.584 39.498
-76.700 39.269
-76.708 39.240
-76.698 39.253
-76.523 39.365
-76.478 39.352
-76.497 39.372
-76.525 39.374
-76.633 39.234
-76.645 39.238
-76.823 39.421
-76.833 39.376
-76.491 39.407
-76.489 39.416
-76.597 39.477
-76.646 39.469
-76.645 39.450
-76.701 39.448
-76.669 39.444
-76.634 39.488
-76.587 39.567
-76.774 39.267
-76.749 39.258
-76.726 39.247
-76.751 39.274
-76.720 39.267
-76.658 39.240
-76.470 39.384
-76.502 39.391
-76.445 39.405
-76.820 39.383
-76.808 39.407
-76.463 39.424
-76.431 39.413
-76.455 39.394
-76.618 39.633
-76.623 39.686
-76.668 39.542
-76.676 39.600
-76.753 39.671
-76.815 39.469
-76.704 39.503
-76.772 39.589
-76.823 39.516
-76.715 39.279
-76.717 39.296
-76.725 39.286
-76.386 39.426
-76.549 39.405
-76.568 39.403
-76.820 39.397
-76.806 39.399
-76.763 39.381
-76.457 39.380
-76.446 39.355
-76.400 39.395
-76.428 39.446
-76.477 39.482
-76.790 39.468
-76.809 39.449
-76.739 39.281
-76.772 39.284
-76.794 39.333
-76.769 39.296
-76.564 39.378
-76.632 39.506
-76.722 39.471
-76.724 39.487
-76.684 39.466
-76.744 39.366
-76.756 39.360
-76.778 39.313
-76.428 39.199
-76.519 39.506
-76.531 39.524
-76.526 39.402
-76.523 39.417
-76.807 39.459
-76.794 39.444
-76.756 39.450
-76.718 39.423
-76.719 39.332
-76.731 39.332
-76.746 39.477
-76.829 39.461
-76.775 39.495
-76.777 39.431
-76.376 39.227
-76.382 39.267
-76.533 39.380
-76.537 39.398
-76.674 39.393
-76.649 39.392
-76.747 39.327
-76.755 39.315
-76.756 39.300
-76.750 39.386
-76.472 39.301
-76.469 39.316
-76.431 39.309
-76.449 39.290
-76.486 39.307
-76.542 39.387
-76.551 39.378
-76.575 39.377
-76.666 39.379
-76.704 39.386
-76.732 39.295
-76.727 39.312
-76.454 39.323
-76.457 39.309
-76.666 39.251
-76.703 39.230
-76.684 39.238
-76.565 39.385
-76.566 39.391
-76.596 39.391
-76.583 39.384
-76.687 39.377
-76.703 39.403
-76.726 39.378
