-69.391 44.273
-69.343 43.962
-69.250 44.088
-69.234 44.282
-69.235 43.930
-69.100 44.106
-69.100 44.169
-68.957 43.863
-69.120 44.040
-69.289 44.221
-68.875 44.048
-69.075 44.224
-68.614 44.040
-70.051 44.758
-70.209 44.531
-70.141 44.676
-70.046 44.600
-70.250 43.827
-70.297 43.881
-70.389 43.876
-70.286 43.752
-70.263 43.719
-70.517 43.974
-70.585 43.764
-70.543 43.854
-70.451 43.937
-70.398 43.827
-70.411 43.766
-70.701 44.065
-70.703 43.867
-70.614 43.971
-70.296 43.964
-70.079 43.672
-69.897 43.907
-70.270 43.611
-70.239 43.641
-70.173 43.669
-70.117 43.733
-69.785 43.862
-69.837 43.944
-69.969 44.058
-69.959 43.961
-69.744 43.808
-69.825 43.779
-69.777 43.703
-69.769 43.962
-69.838 43.895
-69.849 44.074
-69.865 43.866
-70.378 43.681
-70.360 43.665
-70.343 43.568
-70.393 43.604
-70.442 43.707
-70.488 43.697
-70.233 43.587
-70.317 43.634
-70.299 43.567
-70.275 43.664
-70.320 43.679
-70.316 43.660
-70.276 43.651
-70.264 43.661
-70.251 43.662
-70.290 43.711
-70.270 43.691
-70.281 43.675
-70.311 43.696
-70.559 44.823
-70.583 45.201
-70.334 45.083
-70.265 44.798
-70.423 44.620
-70.246 44.614
-70.298 43.674
-70.350 43.714
-69.983 43.882
-69.955 43.800
-70.025 43.925
-70.116 43.870
-70.197 43.892
-70.176 43.800
-70.252 43.788
-69.791 44.352
-69.706 44.308
-69.861 44.332
-69.887 44.572
-69.536 44.670
-69.533 44.418
-69.578 44.311
-69.708 44.180
-69.792 44.191
-69.751 44.235
-69.719 44.262
-70.065 44.346
-69.962 44.312
-69.949 44.382
-69.752 44.446
-69.745 44.557
-69.692 44.567
-69.645 44.568
-69.674 44.529
-69.946 44.482
-69.976 44.198
-69.851 44.242
-69.465 44.559
-69.577 44.530
-69.660 44.411
-67.577 44.717
-67.359 44.878
-67.098 44.982
-67.403 44.626
-67.778 45.299
-67.747 44.532
-67.162 44.735
-67.696 44.888
-67.365 45.148
-69.351 45.332
-69.241 45.162
-68.936 45.260
-69.571 45.065
-69.082 45.900
-69.500 45.921
-69.739 44.079
-69.688 44.013
-69.623 43.969
-69.639 43.856
-69.451 43.775
-69.634 44.088
-69.547 44.044
-69.489 43.907
-69.405 44.096
-69.551 44.213
-70.675 44.352
-70.844 44.364
-70.918 44.852
-70.662 44.623
-70.409 44.511
-70.391 44.378
-70.370 44.284
-70.382 44.211
-70.488 44.244
-70.623 44.331
-70.516 44.112
-70.606 44.228
-70.719 44.194
-70.887 44.172
-70.910 43.946
-70.807 43.981
-70.599 43.280
-70.635 43.329
-70.644 43.149
-70.706 43.096
-70.872 43.323
-70.720 43.405
-70.818 43.448
-70.851 43.662
-70.912 43.479
-70.565 43.382
-70.673 43.198
-70.054 44.164
-70.111 44.149
-70.090 44.027
-70.129 43.965
-70.241 44.035
-70.366 44.038
-70.427 44.060
-70.407 44.103
-70.338 44.148
-70.243 44.267
-70.490 43.213
-70.380 43.483
-70.475 43.475
-70.452 43.488
-70.427 43.421
-70.625 43.530
-70.705 43.562
-70.546 43.437
-70.204 44.090
-70.200 44.101
-70.166 44.050
-70.148 44.098
-70.182 44.132
-70.225 44.106
-70.260 44.137
-70.165 44.365
-70.912 43.736
-70.810 43.768
-70.703 43.736
-70.625 43.630
-70.838 43.552
-70.731 43.486
-70.783 43.458
-70.778 43.345
-70.573 43.546
-70.536 43.627
-70.542 43.677
-70.786 43.149
-70.391 43.524
-70.736 43.259
-70.759 43.219
-70.471 43.548
-70.519 43.495
-68.474 44.709
-68.582 44.693
-68.085 44.415
-68.379 44.175
-68.269 44.318
-68.674 44.224
-68.717 44.347
-68.739 44.455
-68.693 44.568
-69.666 44.755
-69.612 44.820
-69.425 44.888
-69.487 44.987
-69.443 45.038
-69.664 44.954
-69.806 44.826
-70.033 45.669
-69.952 44.738
-69.401 44.769
-69.675 44.637
-69.808 44.635
-69.909 44.662
-68.232 44.600
-68.546 44.432
-68.487 44.584
-68.400 44.443
-68.304 44.511
-68.749 44.640
-68.163 45.060
-68.171 44.736
-68.374 44.849
-68.341 44.660
-68.283 45.413
-68.572 44.981
-68.424 45.159
-68.595 44.790
-68.751 44.844
-68.909 44.814
-68.941 44.916
-68.719 44.951
-68.683 44.881
-68.746 44.892
-69.010 44.716
-68.686 45.390
-68.485 45.476
-68.709 45.572
-68.823 44.837
-68.814 44.801
-68.713 44.841
-68.567 44.886
-68.739 44.781
-68.779 44.715
-68.718 45.095
-68.591 45.285
-68.895 45.043
-69.193 44.904
-69.154 45.055
-68.072 45.416
-68.628 46.027
-68.795 44.846
-69.087 44.823
-69.121 44.532
-69.318 44.550
-69.237 44.378
-68.977 44.297
-69.025 44.388
-69.020 44.609
-69.091 44.475
-68.893 44.521
-68.206 46.575
-67.980 46.701
-67.995 47.039
-68.370 46.654
-68.238 46.791
-68.654 46.486
-68.341 47.047
-69.222 46.873
-67.992 46.866
-68.157 46.734
-68.786 47.082
-67.852 46.623
-67.977 46.552
-68.152 46.374
-67.846 45.979
-68.168 45.904
