-84.659 41.918
-84.651 42.035
-84.535 41.942
-84.534 41.775
-84.762 41.757
-84.768 41.855
-84.449 42.030
-85.004 46.357
-85.176 46.332
-84.926 46.216
-84.343 46.175
-84.350 46.497
-84.535 42.029
-84.621 41.911
-84.535 41.855
-84.396 46.476
-84.299 46.325
-84.155 46.083
-84.682 46.377
-83.658 46.001
-84.768 41.942
-84.419 41.758
-84.757 42.042
-84.440 46.363
-84.680 46.296
-84.769 42.028
-84.420 41.942
-84.748 41.840
-84.651 41.775
-84.651 41.972
-84.419 41.855
-83.298 43.801
-82.944 43.897
-83.182 43.890
-83.285 43.925
-82.830 43.985
-82.939 43.811
-83.063 43.894
-82.686 43.731
-83.062 43.974
-82.723 43.899
-84.643 41.917
-84.651 41.854
-84.623 41.930
-84.392 42.030
-82.998 43.803
-82.939 43.724
-83.182 43.959
-82.941 44.041
-82.750 43.960
-82.824 43.901
-82.819 43.728
-83.178 43.717
-83.296 43.714
-83.410 43.711
-82.747 43.970
-83.395 43.799
-83.059 43.721
-84.197 46.448
-84.280 46.371
-84.781 46.445
-84.325 46.476
-85.128 46.591
-84.595 41.720
-84.649 41.940
-84.620 46.213
-84.019 46.005
-84.440 46.361
-82.821 43.814
-83.293 43.871
-82.699 43.814
-83.180 43.804
-83.062 43.807
-82.656 43.845
-82.954 44.061
-82.947 43.984
-83.698 45.140
-83.486 44.988
-83.444 45.061
-83.463 45.056
-83.411 45.077
-85.513 42.720
-85.300 42.642
-85.367 42.552
-85.273 42.704
-84.489 45.243
-84.670 45.593
-84.548 45.505
-84.377 45.608
-87.710 46.157
-88.273 46.923
-88.503 46.512
-84.549 45.331
-84.478 45.646
-84.670 45.506
-84.659 45.420
-84.339 45.414
-84.672 45.245
-84.429 45.501
-84.311 45.527
-83.574 45.140
-83.443 45.086
-83.372 45.105
-85.368 42.639
-85.122 42.631
-84.308 45.284
-84.428 45.329
-83.459 45.072
-83.451 45.173
-83.612 45.011
-85.174 42.649
-85.275 42.643
-84.666 43.830
-83.490 45.086
-84.886 43.946
-84.758 43.880
-84.821 44.061
-84.756 43.841
-83.707 44.901
-83.443 45.054
-83.465 45.266
-85.249 42.554
-84.808 44.017
-84.668 44.118
-84.788 43.944
-84.819 43.858
-85.456 42.734
-85.528 42.466
-84.758 44.053
-84.667 43.945
-84.867 43.847
-85.133 42.728
-85.268 42.513
-84.763 43.827
-84.908 44.118
-85.186 42.691
-86.469 46.435
-86.866 46.202
-84.909 44.031
-85.028 43.944
-85.029 43.857
-85.287 42.644
-85.488 42.659
-86.637 46.291
-86.996 46.341
-87.016 46.238
-86.565 47.070
-86.764 46.333
-86.664 46.504
-86.085 46.581
-86.644 46.417
-87.006 46.449
-84.789 44.118
-84.806 44.041
-85.244 42.638
-85.359 42.758
-85.096 42.515
-84.944 43.940
-84.787 44.010
-84.668 43.873
-85.174 42.480
-85.481 42.552
-85.124 42.558
-85.121 42.461
-88.221 46.528
-85.028 44.031
-84.667 44.032
-85.028 44.119
-85.292 42.661
-85.146 42.672
-85.367 42.489
-88.169 46.844
-88.637 46.726
-88.545 46.713
-88.293 46.712
-88.509 46.898
-88.522 46.791
-84.922 43.860
-85.172 42.535
-85.249 42.464
-85.529 42.552
-84.690 45.740
-84.670 45.679
-84.493 45.635
-87.875 46.084
-88.085 45.799
-85.469 42.464
-85.469 42.713
-84.509 45.417
-84.450 45.637
-88.066 45.819
-88.109 45.811
-87.896 45.871
-88.004 46.192
-88.059 45.836
-85.371 42.716
-85.241 42.736
-84.562 45.669
-84.423 45.708
-87.913 45.802
-87.768 45.833
-88.054 45.986
-88.034 45.899
-88.065 45.811
-83.445 44.895
-82.915 45.029
-83.490 45.042
-83.820 45.138
-83.795 45.009
-85.483 42.616
-85.367 42.445
-85.332 42.743
-84.545 45.592
-84.670 45.332
-87.705 45.979
-88.049 45.820
-87.973 45.818
-88.054 46.074
-84.329 43.259
-84.043 43.473
-84.002 43.431
-83.980 43.428
-83.911 43.451
-83.938 43.402
-83.922 43.401
-83.929 43.433
-83.899 43.412
-83.925 43.423
-83.982 43.419
-83.926 43.445
-83.871 43.386
-84.087 43.423
-84.042 43.445
-83.906 43.252
-84.024 43.456
-83.984 43.411
-84.419 43.146
-84.672 43.427
-84.910 44.684
-84.552 44.423
-84.750 44.227
-84.430 44.466
-85.394 44.642
-85.757 44.556
-85.629 44.747
-85.470 41.940
-85.719 41.783
-85.829 42.993
-86.123 42.772
-85.872 42.859
-86.142 42.771
-86.190 43.044
-85.849 43.162
-85.814 42.902
-83.913 43.397
-83.842 43.357
-84.083 43.504
-83.878 43.361
-83.884 43.327
-84.021 43.438
-84.327 43.172
-85.031 44.815
-85.031 44.554
-84.795 44.379
-84.673 44.466
-85.732 44.761
-85.637 44.761
-86.051 42.812
-86.148 42.796
-86.083 43.056
-86.180 42.999
-86.161 43.093
-85.814 42.891
-83.967 43.462
-83.981 43.396
-84.230 43.349
-84.330 43.436
-83.899 43.449
-83.758 43.365
-83.759 43.320
-85.152 44.815
-85.215 44.728
-85.180 44.733
-84.909 44.815
-84.636 44.294
-84.430 44.334
-84.551 44.291
-85.674 44.753
-85.624 44.755
-85.473 44.758
-86.193 42.798
-86.174 42.882
-85.893 42.893
-86.112 42.815
-85.857 42.914
-85.842 42.890
-86.167 43.098
-86.024 42.814
-85.946 43.069
-86.064 42.796
-85.961 42.871
-84.109 43.546
-84.005 43.418
-84.229 43.260
-84.106 43.174
-84.080 43.405
-84.200 43.438
-84.595 43.409
-84.437 43.186
-84.660 43.161
-85.032 44.728
-85.153 44.641
-85.273 44.555
-85.597 44.761
-85.661 44.727
-85.516 44.925
-85.671 44.700
-85.925 43.063
-86.110 42.792
-86.114 42.780
-86.163 43.056
-85.804 42.920
-85.842 42.902
-85.859 42.875
-85.871 42.832
-85.910 42.961
-86.655 42.942
-86.096 42.780
-86.221 43.023
-86.057 42.788
-86.190 43.072
-86.178 42.778
-84.225 43.171
-84.066 43.464
-83.970 43.417
-84.140 43.501
-83.991 43.176
-83.922 43.481
-83.938 43.465
-84.011 43.401
-84.005 43.458
-84.005 43.448
-84.005 43.473
-84.035 43.429
-83.952 43.410
-84.054 43.363
-84.656 43.389
-84.541 43.247
-84.777 43.249
-85.269 44.815
-85.272 44.641
-85.631 44.729
-86.235 43.067
-86.130 42.813
-86.084 42.965
-85.989 42.957
-85.960 42.784
-85.950 42.811
-85.932 42.914
-86.227 43.105
-86.123 42.843
-85.741 46.065
-84.926 45.915
-85.739 46.202
-84.502 46.094
-84.711 46.058
-84.747 45.848
-84.355 46.020
-84.726 45.869
-84.463 45.769
-84.958 46.032
-83.986 43.455
-83.940 43.423
-83.924 43.413
-83.964 43.422
-83.988 43.438
-83.978 43.440
-83.958 43.441
-83.856 43.403
-84.125 43.471
-83.857 43.271
-83.739 43.327
-83.913 43.368
-83.988 43.342
-84.005 43.440
-83.956 43.390
-83.792 43.251
-84.109 43.261
-83.898 43.501
-84.669 43.334
-84.661 43.247
-84.778 43.162
-85.033 44.641
-85.823 42.935
-86.148 42.816
-86.194 42.815
-86.167 42.824
-86.047 42.915
-85.804 42.911
-86.073 42.844
-85.854 42.856
-85.891 42.872
-86.087 43.096
-84.622 45.856
-85.298 46.161
-85.174 46.149
-85.443 46.172
-85.570 46.145
-83.912 43.425
-84.136 43.448
-84.120 43.185
-84.131 43.352
-83.947 43.451
-84.057 43.423
-83.992 43.264
-84.260 43.436
-83.853 43.466
-84.330 43.346
-84.542 43.161
-84.675 43.384
-85.620 41.957
-85.351 41.854
-86.123 42.821
-86.001 42.818
-86.176 43.046
-85.912 42.990
-85.944 42.972
-86.152 42.845
-84.852 46.056
-83.742 43.341
-83.758 43.436
-83.969 43.432
-83.746 43.287
-83.988 43.503
-83.952 43.431
-84.029 43.416
-87.542 45.572
-87.759 45.411
-87.719 45.528
-85.592 42.323
-85.548 42.244
-85.567 42.316
-85.652 42.281
-85.495 44.729
-85.347 41.784
-85.589 41.857
-85.874 42.997
-86.096 42.791
-85.971 43.065
-86.115 43.013
-86.074 42.816
-84.137 43.414
-84.149 43.297
-83.731 43.245
-84.079 43.440
-87.542 45.478
-87.531 45.816
-87.507 45.305
-85.560 42.212
-85.709 42.213
-85.657 42.213
-85.541 42.179
-85.602 42.205
-85.451 42.295
-85.504 42.181
-85.418 42.291
-85.355 42.289
-85.676 42.231
-85.674 42.315
-85.589 42.308
-85.656 42.310
-85.634 42.252
-85.725 42.179
-85.471 42.258
-85.636 42.283
-85.589 42.294
-85.353 42.115
-85.727 42.382
-85.541 42.306
-85.596 42.223
-85.741 42.225
-85.605 42.299
-85.455 44.807
-85.395 44.555
-85.470 42.028
-85.590 41.788
-85.475 41.783
-86.108 42.798
-85.828 42.914
-85.842 42.789
-86.195 42.841
-86.069 42.834
-86.037 42.783
-85.892 42.903
-84.649 43.374
-87.388 45.594
-87.621 45.340
-87.379 45.475
-87.537 45.415
-87.645 45.220
-85.604 42.267
-85.508 42.224
-85.459 42.323
-85.565 42.285
-85.627 42.277
-85.493 42.323
-85.567 42.328
-85.543 42.297
-85.621 42.232
-85.388 42.388
-85.738 42.308
-85.506 42.313
-85.338 42.369
-85.510 42.277
-85.639 42.314
-85.634 42.239
-85.560 42.232
-85.554 42.318
-85.586 42.300
-85.572 42.195
-85.537 42.337
-85.610 42.284
-85.579 42.268
-85.729 42.264
-85.583 44.770
-85.544 44.678
-85.705 41.853
-85.403 41.808
-85.826 42.902
-86.187 43.093
-86.092 42.895
-86.014 42.816
-86.166 42.790
-86.222 43.085
-85.990 42.992
-86.028 42.805
-84.621 43.408
-84.429 43.335
-87.624 45.123
-87.737 45.654
-87.640 45.112
-85.629 42.261
-85.627 42.193
-85.602 42.237
-85.572 42.101
-85.474 42.376
-85.626 42.294
-85.646 42.302
-85.354 42.202
-85.558 42.391
-85.682 42.270
-85.634 42.117
-85.577 42.278
-85.588 42.252
-85.623 42.220
-85.550 42.263
-85.596 42.172
-85.604 42.252
-85.571 42.252
-85.596 42.378
-85.584 42.286
-85.614 42.294
-85.639 42.293
-85.447 42.201
-85.633 42.301
-85.564 42.170
-85.666 42.272
-85.694 42.300
-85.542 42.280
-85.449 42.114
-85.593 42.285
-85.597 42.276
-85.628 42.325
-85.587 44.744
-85.387 44.759
-85.428 41.812
-85.645 41.938
-86.203 43.043
-86.233 43.051
-86.210 43.063
-85.815 42.867
-84.546 43.337
-84.546 43.423
-84.600 43.292
-87.609 45.104
-87.336 45.322
-87.398 45.812
-87.642 45.750
-85.556 42.295
-85.589 42.264
-85.631 42.206
-85.513 42.377
-85.630 42.271
-85.512 42.294
-85.435 42.377
-85.543 42.317
-85.705 42.114
-85.585 42.226
-85.619 42.301
-85.608 42.223
-85.580 42.183
-85.672 42.254
-85.603 42.212
-85.668 42.182
-85.508 42.115
-85.620 42.117
-85.538 42.237
-85.681 44.644
-85.731 44.644
-85.619 41.950
-85.407 41.791
-85.870 42.894
-86.202 42.784
-85.850 43.087
-86.074 42.778
-85.992 42.914
-84.429 43.423
-84.786 43.336
-84.426 43.248
-84.786 43.423
-87.609 45.414
-87.669 45.145
-87.617 45.139
-85.616 42.311
-85.519 42.328
-85.641 42.219
-85.625 42.177
-85.678 42.369
-85.629 42.373
-85.555 42.271
-85.549 42.130
-85.556 42.345
-85.623 44.637
-85.781 44.726
-85.554 44.731
-85.666 44.657
-85.586 41.918
-85.351 41.941
-86.037 42.830
-86.152 42.775
-86.201 42.969
-86.154 42.985
-85.817 42.877
-86.100 42.773
-85.636 44.556
-85.607 44.730
-85.605 44.705
-85.426 41.786
-85.352 42.028
-85.578 41.964
-86.127 42.784
-85.811 42.833
-85.792 42.892
-85.842 43.044
-85.860 42.891
-85.960 42.841
-84.693 44.290
-84.794 44.466
-84.674 44.378
-85.515 44.548
-85.482 44.681
-85.719 44.718
-85.515 44.614
-85.625 41.935
-85.587 42.027
-85.665 41.838
-86.183 42.925
-85.798 42.904
-85.877 42.933
-86.058 43.011
-85.799 42.972
-86.098 42.815
-84.772 44.318
-84.444 44.356
-84.489 44.204
-85.568 44.805
-85.665 44.678
-85.515 44.911
-85.703 42.027
-85.704 41.940
-85.470 41.855
-88.541 47.152
-88.608 47.137
-88.804 46.701
-86.438 43.518
-86.099 43.685
-84.389 42.121
-84.381 42.255
-84.407 42.250
-84.417 42.234
-84.390 42.254
-83.883 43.601
-84.109 43.582
-83.942 43.610
-85.015 43.163
-85.144 43.423
-86.296 43.182
-86.198 43.222
-86.184 43.320
-86.446 42.107
-86.359 41.964
-86.247 41.771
-86.274 41.959
-84.509 42.295
-84.410 42.243
-88.702 47.042
-88.844 46.892
-88.495 47.248
-88.572 47.203
-84.381 42.266
-84.185 42.224
-84.397 42.262
-84.556 42.116
-84.300 42.379
-84.472 42.229
-84.458 42.203
-84.410 42.235
-84.498 42.116
-84.107 43.783
-83.897 43.573
-83.950 43.642
-83.749 43.604
-83.911 43.595
-84.076 43.602
-85.025 43.423
-85.503 43.338
-85.057 43.221
-86.136 43.125
-85.849 43.249
-86.180 43.231
-86.258 42.188
-86.635 41.845
-88.349 47.211
-88.373 47.090
-88.550 47.113
-84.384 42.219
-84.280 42.232
-84.448 42.223
-84.400 42.229
-84.348 42.376
-84.463 42.311
-84.207 42.251
-84.550 42.227
-84.425 42.264
-83.841 43.587
-83.973 43.544
-83.875 43.605
-83.869 43.550
-85.503 43.396
-85.024 43.337
-84.905 43.423
-86.227 43.170
-86.287 43.212
-86.298 42.225
-86.300 41.832
-86.490 42.066
-88.658 46.922
-88.525 46.993
-88.593 47.205
-88.595 47.155
-84.284 42.091
-84.659 42.378
-84.441 42.262
-84.559 42.258
-84.424 42.254
-84.247 42.119
-84.441 42.273
-84.171 42.095
-83.861 43.594
-83.897 43.555
-83.882 43.589
-83.888 43.590
-83.884 43.549
-83.868 43.589
-85.383 43.425
-84.905 43.336
-85.010 43.252
-86.338 43.282
-86.187 43.280
-86.284 43.250
-86.126 43.227
-86.268 41.826
-86.481 42.097
-86.513 41.856
-86.285 41.872
-84.009 44.725
-84.312 44.768
-84.008 44.595
-84.242 44.570
-84.191 44.768
-84.271 44.654
-84.010 44.812
-88.486 47.129
-88.378 47.270
-88.453 47.248
-84.407 42.257
-84.295 42.282
-84.382 42.204
-84.554 42.193
-84.427 42.247
-84.399 42.235
-83.884 43.574
-83.872 43.595
-83.818 43.756
-84.001 43.627
-83.903 43.636
-83.988 43.805
-84.090 43.627
-82.827 43.289
-82.575 43.187
-82.833 43.421
-85.134 43.249
-85.263 43.424
-83.944 44.291
-84.308 44.291
-86.235 43.229
-86.303 43.228
-86.192 43.361
-86.173 43.253
-86.248 41.820
-86.411 42.131
-86.377 42.127
-86.474 42.106
-86.620 41.794
-88.540 47.129
-88.438 47.235
-88.527 47.178
-88.776 46.506
-88.608 47.056
-84.191 42.366
-84.439 42.240
-84.541 42.378
-84.300 42.320
-83.837 43.614
-83.897 43.619
-83.895 43.607
-84.162 43.603
-83.995 43.721
-83.909 43.605
-82.618 43.274
-82.689 43.382
-82.942 43.286
-85.273 43.179
-85.503 43.439
-83.946 44.465
-84.235 44.270
-83.944 44.378
-86.250 43.346
-86.341 43.400
-86.305 43.211
-86.242 41.842
-86.526 41.999
-84.569 42.302
-84.260 42.188
-84.261 42.161
-83.886 43.613
-83.989 43.679
-83.982 43.869
-83.890 43.564
-83.877 43.570
-83.773 43.584
-83.844 43.599
-82.811 43.467
-82.935 43.550
-82.815 43.554
-84.895 43.249
-85.145 43.337
-85.079 43.293
-84.897 43.162
-83.944 44.205
-84.111 44.420
-84.187 44.378
-84.256 44.202
-86.288 43.265
-86.288 43.197
-86.253 43.233
-86.235 43.251
-86.514 41.786
-86.362 41.787
-86.844 42.020
-86.249 42.196
-84.381 42.238
-84.656 42.203
-84.454 42.176
-83.849 43.611
-83.862 43.606
-83.903 43.659
-82.938 43.637
-83.081 43.327
-82.377 43.474
-83.049 43.459
-82.988 43.211
-85.134 43.163
-85.252 43.250
-85.238 43.187
-84.232 44.280
-84.122 44.425
-84.184 44.292
-84.097 44.206
-84.121 44.418
-86.340 43.342
-86.257 43.219
-86.105 43.273
-86.492 42.092
-86.719 41.786
-86.524 42.017
-86.410 41.940
-86.281 42.028
-86.458 43.685
-84.454 42.241
-84.172 42.154
-84.393 42.302
-83.922 43.668
-83.818 43.556
-83.994 43.763
-83.859 43.584
-83.923 43.635
-82.931 43.463
-82.927 43.375
-82.818 43.641
-85.239 43.171
-85.289 43.161
-84.847 43.180
-84.186 44.205
-84.065 44.378
-86.232 43.304
-85.968 43.250
-86.266 43.252
-86.304 43.192
-86.496 42.013
-86.314 42.185
-86.338 43.775
-86.370 43.695
-84.652 42.115
-84.426 42.237
-84.445 42.113
-83.819 43.627
-83.906 43.572
-83.050 43.351
-82.711 43.292
-82.696 43.557
-85.264 43.337
-85.376 43.315
-85.223 43.158
-84.096 44.291
-84.317 44.205
-84.037 44.204
-86.160 43.174
-86.347 43.370
-86.283 42.094
-86.279 42.136
-86.742 41.792
-85.740 46.419
-86.099 43.598
-86.099 43.511
-86.808 43.647
-84.414 42.207
-84.332 42.111
-84.369 42.243
-83.934 43.588
-83.935 43.573
-84.106 43.869
-83.873 43.620
-83.910 43.616
-83.902 43.609
-83.053 43.546
-82.705 43.205
-82.585 43.406
-82.822 43.201
-85.389 43.356
-85.258 43.178
-84.291 44.429
-84.035 44.292
-85.968 43.162
-86.177 43.195
-86.224 43.141
-86.364 43.413
-86.217 43.426
-86.146 43.148
-86.752 43.289
-86.256 43.196
-86.247 41.797
-86.548 41.937
-86.374 41.873
-86.420 41.848
-85.499 46.583
-85.597 46.981
-85.427 46.289
-85.739 46.288
-87.946 47.395
-88.378 47.334
-86.424 43.770
-86.218 43.686
-86.336 43.688
-84.659 42.291
-84.433 42.317
-84.249 42.106
-84.397 42.379
-83.923 43.617
-83.924 43.602
-84.147 43.627
-83.909 43.587
-82.586 43.229
-83.057 43.634
-84.097 44.465
-84.242 44.279
-86.268 43.225
-86.251 43.210
-86.073 43.172
-86.269 43.195
-86.231 43.210
-86.215 43.234
-86.236 43.197
-86.272 43.216
-86.277 43.182
-86.250 43.200
-86.366 42.210
-86.296 41.917
-86.437 42.047
-86.597 41.873
-88.209 47.266
-88.234 47.726
-88.766 47.792
-88.514 47.827
-86.218 43.599
-86.098 43.772
-84.336 42.179
-84.463 42.257
-84.419 42.220
-84.501 42.222
-83.869 43.635
-83.754 43.518
-83.899 43.598
-82.938 43.198
-82.606 43.530
-82.807 43.377
-82.693 43.470
-82.680 43.645
-86.278 43.166
-86.205 43.245
-86.243 43.283
-86.214 43.191
-86.276 43.200
-86.422 43.431
-86.098 43.425
-86.328 43.251
-86.247 41.831
-86.565 41.940
-86.385 42.171
-86.438 42.144
-86.445 42.098
-86.444 42.124
-86.499 42.079
-86.483 42.112
-86.341 43.572
-86.337 43.615
-84.456 42.378
-84.380 42.178
-84.345 42.263
-84.105 43.954
-83.885 43.596
-83.892 43.584
-83.889 43.584
-84.107 43.697
-82.589 43.298
-86.280 43.285
-86.338 43.313
-86.249 43.187
-86.203 43.213
-86.196 43.236
-86.241 43.210
-86.370 41.823
-86.229 41.828
-86.308 42.186
-86.482 42.088
-86.444 42.086
-86.388 42.087
-86.459 42.106
-88.450 47.114
-88.594 47.134
-88.465 47.168
-88.930 46.506
-88.847 47.039
-88.488 47.224
-88.544 47.080
-88.712 47.144
-86.338 43.514
-86.219 43.513
-84.414 42.182
-84.195 42.281
-84.384 42.264
-83.877 43.583
-84.001 43.585
-83.964 43.857
-86.061 43.242
-86.236 43.220
-86.263 43.139
-86.252 43.171
-86.160 43.220
-86.098 43.338
-86.472 42.064
-86.465 42.085
-86.446 42.072
-86.341 41.947
-86.505 42.060
-86.477 42.041
-86.477 42.011
-88.590 47.111
-88.588 47.131
-86.465 43.603
-84.524 42.215
-84.410 42.264
-84.463 42.284
-84.344 42.224
-86.349 43.444
-86.300 43.413
-86.485 41.942
-86.362 41.833
-86.426 42.009
-86.371 42.032
-86.515 42.037
-83.261 42.311
-83.083 42.362
-83.078 42.367
-83.062 42.393
-83.068 42.348
-83.474 42.340
-83.271 42.087
-83.076 42.415
-83.240 42.373
-83.231 42.362
-83.115 42.361
-83.287 42.163
-83.261 42.316
-83.369 42.274
-83.212 42.389
-83.209 42.385
-83.249 42.422
-83.159 42.117
-83.403 42.390
-83.365 42.372
-83.505 42.287
-83.142 42.380
-82.952 42.392
-83.154 42.421
-83.074 42.349
-83.067 42.326
-82.998 42.440
-83.212 42.245
-83.303 42.389
-83.474 42.355
-83.202 42.423
-83.256 42.368
-83.381 42.349
-83.225 42.394
-83.122 42.365
-83.321 42.322
-83.159 42.363
-83.448 42.296
-83.288 42.219
-83.066 42.428
-83.452 42.188
-82.935 42.425
-82.995 42.350
-83.039 42.340
-82.892 42.429
-82.909 42.415
-83.156 42.249
-83.239 42.220
-83.453 42.316
-83.324 42.424
-83.270 42.354
-83.249 42.252
-83.079 42.421
-82.992 42.377
-83.524 42.429
-83.420 42.403
-83.295 42.403
-83.024 42.359
-83.382 42.306
-83.442 42.384
-83.461 42.368
-83.398 42.299
-83.394 42.328
-83.145 42.299
-83.249 42.441
-83.529 42.370
-83.321 42.330
-83.240 42.396
-83.403 42.407
-83.149 42.427
-83.151 42.397
-83.221 42.237
-83.201 42.400
-83.196 42.399
-83.123 42.384
-83.198 42.230
-83.447 42.426
-83.106 42.413
-83.111 42.409
-83.089 42.403
-83.221 42.122
-83.256 42.353
-83.384 42.419
-83.065 42.320
-83.055 42.353
-83.194 42.181
-83.537 42.339
-83.176 42.339
-82.922 42.440
-83.000 42.355
-83.236 42.117
-83.298 42.413
-82.942 42.434
-83.175 42.218
-83.204 42.284
-83.191 42.375
-83.254 42.346
-83.236 42.433
-83.496 42.303
-83.047 42.357
-83.134 42.344
-83.220 42.260
-83.474 42.329
-83.278 42.308
-83.200 42.204
-83.186 42.201
-83.298 42.337
-83.267 42.276
-83.297 42.374
-82.921 42.404
-83.304 42.314
-83.268 42.316
-83.358 42.332
-83.365 42.300
-83.440 42.349
-83.269 42.406
-83.532 42.294
-83.156 42.426
-83.161 42.420
-82.942 42.410
-82.915 42.416
-83.364 42.405
-83.157 42.257
-83.148 42.259
-82.967 42.400
-83.000 42.386
-82.940 42.419
-83.295 42.107
-83.247 42.278
-83.487 42.208
-83.362 42.314
-83.311 42.419
-83.292 42.397
-83.071 42.438
-83.019 42.366
-83.326 42.435
-82.975 42.446
-83.124 42.370
-83.142 42.368
-83.356 42.293
-83.148 42.443
-83.153 42.261
-83.150 42.254
-83.404 42.422
-83.283 42.440
-83.207 42.434
-83.208 42.427
-83.193 42.341
-83.451 42.117
-83.296 42.330
-83.352 42.164
-83.207 42.354
-83.214 42.360
-83.211 42.393
-83.225 42.398
-83.215 42.414
-83.148 42.408
-83.090 42.428
-83.085 42.426
-83.054 42.422
-83.027 42.339
-83.032 42.370
-83.119 42.376
-83.108 42.392
-83.472 42.295
-83.253 42.295
-83.364 42.321
-83.261 42.238
-83.202 42.390
-83.207 42.369
-83.157 42.370
-83.103 42.444
-83.166 42.434
-83.323 42.376
-83.384 42.408
-83.273 42.436
-83.197 42.413
-83.227 42.438
-83.409 42.433
-83.065 42.360
-83.160 42.306
-83.397 42.334
-83.400 42.272
-83.340 42.315
-83.138 42.400
-83.404 42.415
-83.398 42.292
-83.048 42.389
-82.894 42.411
-82.953 42.369
-83.514 42.354
-83.229 42.319
-83.182 42.348
-83.191 42.347
-82.984 42.380
-83.497 42.318
-83.156 42.413
-83.279 42.411
-83.155 42.400
-83.156 42.435
-83.110 42.352
-83.241 42.278
-83.296 42.290
-83.113 42.439
-83.108 42.430
-83.172 42.399
-83.541 42.415
-83.185 42.317
-83.018 42.398
-82.925 42.410
-83.530 42.117
-83.513 42.214
-83.381 42.221
-83.132 42.402
-83.440 42.297
-83.323 42.098
-83.206 42.406
-83.198 42.435
-83.252 42.092
-83.281 42.094
-83.213 42.199
-83.187 42.210
-83.447 42.407
-82.996 42.362
-82.952 42.410
-82.972 42.292
-83.148 42.157
-83.193 42.327
-90.175 46.459
-89.214 46.246
-89.876 46.565
-89.933 46.382
-83.043 42.438
-83.119 42.386
-82.993 42.344
-83.143 42.326
-83.255 42.123
-83.188 42.227
-83.337 42.358
-83.321 42.345
-83.222 42.405
-83.146 42.278
-82.923 42.420
-83.252 42.300
-83.466 42.277
-83.270 42.106
-82.995 42.415
-83.224 42.197
-83.383 42.319
-83.193 42.195
-83.020 42.414
-82.938 42.443
-83.314 42.288
-83.454 42.211
-83.181 42.412
-83.175 42.404
-83.172 42.407
-83.213 42.427
-83.169 42.420
-83.034 42.336
-83.302 42.351
-83.399 42.317
-83.484 42.367
-83.391 42.243
-83.314 42.129
-83.174 42.325
-83.181 42.290
-83.297 42.367
-83.302 42.196
-83.224 42.419
-82.989 42.445
-83.100 42.315
-83.070 42.357
-83.017 42.391
-83.334 42.282
-83.328 42.261
-83.344 42.351
-83.341 42.343
-83.348 42.423
-83.243 42.413
-83.433 42.302
-83.032 42.426
-83.457 42.355
-83.441 42.363
-83.254 42.219
-83.163 42.336
-83.189 42.429
-83.191 42.425
-82.982 42.444
-83.121 42.317
-83.068 42.372
-83.098 42.428
-84.671 43.491
-90.050 46.478
-89.934 46.477
-90.065 46.377
-89.592 46.383
-83.211 42.094
-83.058 42.404
-83.053 42.414
-83.245 42.247
-83.050 42.399
-82.965 42.443
-83.266 42.424
-83.212 42.410
-83.413 42.281
-83.244 42.427
-83.189 42.399
-83.324 42.283
-83.307 42.337
-83.167 42.252
-83.296 42.308
-83.173 42.227
-83.382 42.401
-83.224 42.389
-83.194 42.190
-83.188 42.218
-83.296 42.280
-83.307 42.367
-83.260 42.276
-83.259 42.263
-83.168 42.425
-83.163 42.426
-83.070 42.399
-83.115 42.335
-83.114 42.341
-83.095 42.356
-83.061 42.344
-83.473 42.163
-83.223 42.220
-83.419 42.321
-83.213 42.188
-83.225 42.426
-83.284 42.367
-83.226 42.347
-83.229 42.355
-82.997 42.407
-83.126 42.438
-83.262 42.252
-83.255 42.245
-83.091 42.344
-83.058 42.340
-83.124 42.408
-83.147 42.243
-82.979 42.396
-82.940 42.391
-83.234 42.418
-82.999 42.410
-82.947 42.403
-83.195 42.101
-83.219 42.252
-83.322 42.337
-83.451 42.392
-83.204 42.210
-83.398 42.260
-83.172 42.356
-83.178 42.369
-83.235 42.411
-83.039 42.371
-82.953 42.405
-82.954 42.400
-83.128 42.333
-83.117 42.328
-83.324 42.272
-83.191 42.322
-84.908 43.683
-84.764 43.809
-84.788 43.684
-90.163 46.451
-90.141 46.792
-90.156 46.572
-90.163 46.464
-90.141 46.449
-83.078 42.443
-83.237 42.068
-83.099 42.416
-82.934 42.387
-83.285 42.360
-83.421 42.393
-83.210 42.075
-83.515 42.200
-83.306 42.308
-83.298 42.236
-83.193 42.434
-83.091 42.375
-83.072 42.408
-83.013 42.370
-83.230 42.140
-83.177 42.163
-83.289 42.256
-83.304 42.425
-83.377 42.433
-83.095 42.335
-83.023 42.337
-82.903 42.408
-83.056 42.388
-83.052 42.331
-82.987 42.412
-82.983 42.409
-82.978 42.429
-82.972 42.374
-82.991 42.422
-82.914 42.426
-83.162 42.098
-83.150 42.246
-83.288 42.354
-83.392 42.358
-83.153 42.380
-83.169 42.369
-83.147 42.413
-83.242 42.404
-83.082 42.337
-83.152 42.286
-83.463 42.315
-83.461 42.249
-83.304 42.439
-83.002 42.351
-82.901 42.448
-83.019 42.429
-83.125 42.386
-83.051 42.429
-83.010 42.440
-82.943 42.360
-82.950 42.447
-82.945 42.395
-83.133 42.394
-83.133 42.383
-83.131 42.327
-83.269 42.347
-83.302 42.317
-83.274 42.332
-83.006 42.384
-82.939 42.379
-83.005 42.362
-82.928 42.400
-83.354 42.300
-83.345 42.307
-83.091 42.443
-84.781 43.582
-85.026 43.509
-84.789 43.771
-83.495 42.273
-83.071 42.423
-83.088 42.406
-83.108 42.362
-83.187 42.245
-83.188 42.405
-83.215 42.433
-82.988 42.437
-83.197 42.308
-83.464 42.298
-83.197 42.217
-83.138 42.420
-83.520 42.239
-83.166 42.207
-83.204 42.260
-83.275 42.248
-83.425 42.342
-82.905 42.400
-83.234 42.093
-83.172 42.347
-83.301 42.300
-83.282 42.404
-83.120 42.276
-83.206 42.267
-83.408 42.166
-83.290 42.337
-83.291 42.320
-83.278 42.343
-83.281 42.394
-83.498 42.333
-83.417 42.298
-83.092 42.328
-83.196 42.248
-83.176 42.242
-83.320 42.298
-83.147 42.265
-83.188 42.385
-83.138 42.435
-83.195 42.405
-83.178 42.429
-83.184 42.424
-83.142 42.373
-83.164 42.442
-83.098 42.373
-82.931 42.368
-83.153 42.361
-83.532 42.359
-83.151 42.389
-83.163 42.262
-83.436 42.346
-83.440 42.243
-83.208 42.414
-83.205 42.053
-83.021 42.441
-82.985 42.355
-82.969 42.388
-83.517 42.185
-83.521 42.160
-83.302 42.262
-84.765 43.612
-84.907 43.575
-84.760 43.601
-84.787 43.510
-82.990 42.405
-82.997 42.431
-83.178 42.443
-83.232 42.338
-82.964 42.389
-82.915 42.390
-82.924 42.375
-83.010 42.351
-83.134 42.424
-83.133 42.414
-83.194 42.354
-83.179 42.359
-83.205 42.253
-83.249 42.205
-83.181 42.439
-83.320 42.391
-83.237 42.440
-83.082 42.392
-83.133 42.355
-83.117 42.393
-83.135 42.370
-83.108 42.360
-83.480 42.301
-83.165 42.400
-83.145 42.400
-83.212 42.237
-83.077 42.379
-83.089 42.368
-83.093 42.359
-82.956 42.432
-83.437 42.337
-83.182 42.434
-83.196 42.422
-83.254 42.429
-82.963 42.397
-83.117 42.381
-83.026 42.376
-83.344 42.282
-82.951 42.441
-83.111 42.366
-83.185 42.181
-83.124 42.414
-83.166 42.388
-83.235 42.404
-83.180 42.406
-83.136 42.260
-83.184 42.324
-83.275 42.323
-83.257 42.324
-83.492 42.416
-83.252 42.276
-82.966 42.425
-82.967 42.433
-82.995 42.425
-82.958 42.381
-83.125 42.355
-83.039 42.333
-83.157 42.264
-83.249 42.434
-83.213 42.396
-83.477 42.377
-83.192 42.412
-83.174 42.423
-83.048 42.409
-83.028 42.438
-83.129 42.376
-83.032 42.410
-83.235 42.171
-82.944 42.398
-83.144 42.388
-83.258 42.287
-83.357 42.271
-83.158 42.391
-83.228 42.403
-83.418 42.305
-83.193 42.442
-83.394 42.132
-84.908 43.619
-84.909 43.770
-85.027 43.596
-84.668 43.685
-83.485 42.430
-83.159 42.229
-82.974 42.418
-83.449 42.323
-83.470 42.227
-83.348 42.383
-83.155 42.239
-83.256 42.166
-83.292 42.127
-83.411 42.239
-83.009 42.425
-83.236 42.253
-83.206 42.124
-83.147 42.161
-83.257 42.077
-83.116 42.356
-83.006 42.371
-82.991 42.363
-83.314 42.438
-83.325 42.406
-83.062 42.411
-82.979 42.404
-83.277 42.190
-83.144 42.427
-83.190 42.392
-83.176 42.377
-83.150 42.376
-83.191 42.396
-82.962 42.447
-83.043 42.416
-82.983 42.432
-83.138 42.256
-83.279 42.276
-83.294 42.421
-83.265 42.435
-83.259 42.442
-83.208 42.376
-82.944 42.429
-83.103 42.367
-83.211 42.135
-83.169 42.193
-83.171 42.442
-83.001 42.446
-82.987 42.416
-83.282 42.431
-83.339 42.309
-83.154 42.346
-83.215 42.229
-83.496 42.293
-83.278 42.205
-83.118 42.349
-83.044 42.364
-83.156 42.131
-83.492 42.383
-83.103 42.385
-83.207 42.220
-83.106 42.400
-83.321 42.315
-83.299 42.272
-83.195 42.385
-83.247 42.332
-83.205 42.362
-83.202 42.347
-83.217 42.212
-83.314 42.292
-84.815 43.573
-84.745 43.597
-84.662 43.533
-83.206 42.381
-83.085 42.440
-82.955 42.413
-83.402 42.346
-83.344 42.187
-83.157 42.429
-83.132 42.380
-83.132 42.387
-83.089 42.383
-83.077 42.385
-83.083 42.374
-83.226 42.283
-83.273 42.302
-83.177 42.331
-83.227 42.237
-83.157 42.195
-82.929 42.435
-83.193 42.268
-83.219 42.336
-83.035 42.341
-83.032 42.347
-83.489 42.355
-83.288 42.295
-83.326 42.352
-83.379 42.273
-83.326 42.366
-82.986 42.389
-83.131 42.269
-83.380 42.299
-83.258 42.437
-83.142 42.272
-82.989 42.383
-83.002 42.375
-82.943 42.385
-83.014 42.360
-83.176 42.207
-83.527 42.317
-83.499 42.362
-83.242 42.361
-83.339 42.384
-83.244 42.389
-83.314 42.279
-83.306 42.290
-83.266 42.286
-83.118 42.407
-83.064 42.401
-82.964 42.438
-82.983 42.370
-83.369 42.104
-83.232 42.349
-83.078 42.428
-83.008 42.398
-83.304 42.359
-83.464 42.330
-83.372 42.235
-83.139 42.442
-83.443 42.401
-83.202 42.436
-83.162 42.412
-83.228 42.375
-83.232 42.367
-83.241 42.356
-83.241 42.350
-83.227 42.410
-83.226 42.249
-83.265 42.295
-83.363 42.348
-83.219 42.347
-83.188 42.371
-84.665 44.814
-84.469 44.785
-84.797 44.647
-84.738 44.625
-84.792 43.610
-85.028 43.683
-84.777 43.607
-84.667 43.772
-83.312 42.203
-83.040 42.412
-82.970 42.407
-83.032 42.359
-83.340 42.332
-83.246 42.339
-83.047 42.382
-83.082 42.348
-83.070 42.335
-83.292 42.437
-83.369 42.359
-83.354 42.278
-83.163 42.219
-83.085 42.320
-83.174 42.435
-83.059 42.442
-83.168 42.235
-83.240 42.271
-83.282 42.338
-83.252 42.286
-83.380 42.313
-83.263 42.335
-83.161 42.381
-83.144 42.440
-83.099 42.380
-83.120 42.359
-83.068 42.431
-83.272 42.369
-83.329 42.391
-83.363 42.432
-83.340 42.322
-83.229 42.107
-83.309 42.405
-83.415 42.204
-83.129 42.348
-83.183 42.436
-83.222 42.366
-83.212 42.346
-83.230 42.433
-83.386 42.292
-83.244 42.368
-83.235 42.427
-83.189 42.420
-83.184 42.442
-83.056 42.364
-82.907 42.432
-82.883 42.427
-83.516 42.302
-83.215 42.440
-82.966 42.431
-83.227 42.382
-83.027 42.344
-83.138 42.340
-83.186 42.355
-82.951 42.432
-83.109 42.377
-83.245 42.145
-83.273 42.143
-83.183 42.301
-83.521 42.415
-83.283 42.266
-83.344 42.407
-83.132 42.252
-84.709 44.657
-84.669 44.687
-84.565 44.694
-84.730 44.555
-84.668 43.583
-84.815 43.621
-84.755 43.589
-84.776 43.593
-83.416 42.367
-83.107 42.320
-83.282 42.311
-83.368 42.390
-83.343 42.365
-82.921 42.387
-82.938 42.368
-83.299 42.381
-83.490 42.403
-83.135 42.264
-83.426 42.368
-83.011 42.409
-82.903 42.439
-83.308 42.344
-83.307 42.330
-83.207 42.420
-83.415 42.291
-83.396 42.334
-83.197 42.145
-83.162 42.322
-83.286 42.233
-83.259 42.230
-83.375 42.330
-83.090 42.408
-83.011 42.379
-83.383 42.390
-83.442 42.157
-83.318 42.308
-83.264 42.219
-83.414 42.339
-83.267 42.393
-83.202 42.175
-83.501 42.114
-83.188 42.237
-83.205 42.236
-83.310 42.144
-83.366 42.260
-83.371 42.292
-83.154 42.354
-83.137 42.410
-83.175 42.414
-83.180 42.398
-83.103 42.354
-83.177 42.192
-83.213 42.255
-83.483 42.200
-83.474 42.347
-83.059 42.431
-83.274 42.289
-83.275 42.234
-83.483 42.315
-83.094 42.309
-83.092 42.436
-83.094 42.385
-83.081 42.387
-83.370 42.307
-83.456 42.412
-83.483 42.329
-83.213 42.405
-83.125 42.389
-83.262 42.136
-83.252 42.147
-83.247 42.288
-83.284 42.248
-83.304 42.395
-84.668 43.626
-85.028 43.770
-84.906 43.510
-83.356 42.350
-83.370 42.343
-83.398 42.306
-83.146 42.419
-83.214 42.369
-83.274 42.313
-83.166 42.410
-83.073 42.392
-83.070 42.380
-83.087 42.358
-82.996 42.436
-82.955 42.421
-83.102 42.299
-83.094 42.396
-83.087 42.387
-83.023 42.445
-83.019 42.381
-83.378 42.335
-83.155 42.404
-83.166 42.362
-83.159 42.271
-83.153 42.271
-83.269 42.418
-83.202 42.409
-83.051 42.435
-83.110 42.383
-83.100 42.392
-83.179 42.419
-83.106 42.371
-83.066 42.441
-83.133 42.302
-82.909 42.393
-83.226 42.288
-83.374 42.285
-83.323 42.359
-83.202 42.340
-83.138 42.428
-83.249 42.417
-83.136 42.315
-82.990 42.370
-83.048 42.406
-83.424 42.415
-83.236 42.235
-83.214 42.419
-82.975 42.411
-83.087 42.323
-83.415 42.349
-83.392 42.347
-83.290 42.421
-83.254 42.404
-83.191 42.332
-83.284 42.386
-83.475 42.419
-83.344 42.300
-83.096 42.389
-83.013 42.387
-82.920 42.447
-82.964 42.416
-83.225 42.336
-83.306 42.431
-83.499 42.343
-83.281 42.289
-83.365 42.419
-83.188 42.363
-83.171 42.363
-83.214 42.291
-83.239 42.288
-83.306 42.280
-83.274 42.274
-84.787 44.771
-84.470 44.582
-84.513 44.623
-83.181 42.281
-83.267 42.323
-83.357 42.359
-83.347 42.337
-83.155 42.407
-83.144 42.408
-83.489 42.364
-83.187 42.338
-83.285 42.275
-83.347 42.358
-83.201 42.370
-83.212 42.340
-83.186 42.262
-83.465 42.344
-83.457 42.405
-83.321 42.203
-83.233 42.423
-82.955 42.418
-83.187 42.413
-83.164 42.347
-83.281 42.350
-82.978 42.423
-83.184 42.330
-83.220 42.354
-83.250 42.382
-83.241 42.428
-82.963 42.409
-83.099 42.362
-83.460 42.427
-83.203 42.163
-82.945 42.416
-83.145 42.341
-83.398 42.192
-83.283 42.323
-83.248 42.191
-83.248 42.313
-83.190 42.437
-83.208 42.399
-83.200 42.395
-82.980 42.438
-83.136 42.363
-83.359 42.390
-83.348 42.436
-83.475 42.365
-83.240 42.262
-82.896 42.394
-82.950 42.364
-82.929 42.382
-82.959 42.390
-83.462 42.378
-83.194 42.361
-83.150 42.334
-83.210 42.179
-83.460 42.433
-83.130 42.413
-83.129 42.408
-83.223 42.437
-83.124 42.289
-83.470 42.433
-83.268 42.382
-83.251 42.411
-83.486 42.249
-83.248 42.133
-83.327 42.418
-83.100 42.343
-83.073 42.444
-83.043 42.429
-83.461 42.390
-83.451 42.365
-83.349 42.210
-83.133 42.445
-83.207 42.441
-83.142 42.349
-83.394 42.372
-82.954 42.426
-82.947 42.423
-82.939 42.405
-83.198 42.152
-83.212 42.148
-83.105 42.344
-83.198 42.136
-83.433 42.362
-83.421 42.387
-83.282 42.420
-83.112 42.311
-83.113 42.370
-83.095 42.366
-83.009 42.432
-82.935 42.411
-82.933 42.397
-83.227 42.263
-83.398 42.225
-83.033 42.397
-83.004 42.417
-83.187 42.131
-83.173 42.178
-83.194 42.279
-83.149 42.271
-83.121 42.425
-83.334 42.297
-83.421 42.258
-83.156 42.442
-83.148 42.437
-83.086 42.378
-83.062 42.350
-83.146 42.365
-83.147 42.356
-83.053 42.438
-82.921 42.429
-83.051 42.337
-83.115 42.415
-83.119 42.400
-82.954 42.375
-82.997 42.398
-82.970 42.361
-83.176 42.388
-83.058 42.417
-83.228 42.300
-83.234 42.278
-83.110 42.419
-83.118 42.302
-83.411 42.216
-83.146 42.432
-83.131 42.297
-83.148 42.221
-83.530 42.385
-83.402 42.400
-83.153 42.145
-83.343 42.133
-83.166 42.242
-83.130 42.361
-83.101 42.406
-83.304 42.323
-83.133 42.336
-83.518 42.339
-83.292 42.197
-83.177 42.258
-83.436 42.320
-83.357 42.307
-83.435 42.277
-83.126 42.392
-83.113 42.388
-83.226 42.276
-83.453 42.301
-83.484 42.344
-83.163 42.355
-83.105 42.423
-83.133 42.390
-83.137 42.385
-83.375 42.243
-83.163 42.375
-83.222 42.413
-83.141 42.355
-83.268 42.123
-83.169 42.284
-83.332 42.308
-83.335 42.241
-83.530 42.401
-83.237 42.347
-83.296 42.344
-83.044 42.347
-83.036 42.441
-83.079 42.436
-82.930 42.417
-83.525 42.274
-83.047 42.444
-83.265 42.245
-83.452 42.342
-82.946 42.380
-83.247 42.235
-83.284 42.330
-83.146 42.423
-83.237 42.245
-83.255 42.397
-83.262 42.411
-83.218 42.426
-83.473 42.315
-83.174 42.273
-83.153 42.209
-83.205 42.324
-83.714 41.899
-83.619 41.807
-83.628 41.778
-85.739 43.511
-85.861 43.337
-85.959 43.457
-85.718 42.869
-85.569 42.993
-85.632 43.014
-85.705 42.934
-85.500 42.898
-85.645 42.958
-85.581 43.084
-85.607 42.954
-85.600 42.984
-85.626 42.966
-85.732 42.876
-85.519 43.290
-85.762 42.866
-85.641 42.879
-84.884 45.402
-85.091 45.669
-84.989 45.433
-83.888 42.539
-83.945 42.454
-83.741 42.441
-86.190 44.604
-86.494 44.649
-85.877 44.733
-83.395 41.991
-83.396 41.911
-83.505 41.976
-83.405 41.902
-85.979 43.337
-85.802 43.417
-85.613 42.935
-85.752 42.899
-85.654 42.892
-85.691 42.988
-85.732 43.138
-85.456 42.907
-85.660 42.952
-85.487 43.220
-85.690 42.982
-85.369 42.892
-85.754 42.834
-85.765 42.942
-85.534 43.090
-85.758 42.884
-85.527 42.908
-85.596 42.904
-85.563 42.931
-85.620 42.905
-85.621 42.919
-85.654 42.990
-84.914 45.507
-84.945 45.361
-85.041 45.585
-86.122 41.978
-86.049 41.854
-86.167 41.786
-83.783 42.749
-83.733 42.482
-83.768 42.553
-86.090 44.641
-85.988 44.646
-83.430 41.916
-83.279 42.031
-83.442 41.845
-83.549 41.765
-85.741 43.771
-85.742 43.600
-85.653 42.952
-85.636 42.933
-85.693 42.834
-85.495 42.872
-85.776 42.991
-85.654 42.929
-85.712 43.249
-85.577 42.920
-85.667 42.993
-85.713 42.993
-85.707 42.840
-85.644 42.953
-85.661 42.986
-85.631 42.960
-85.737 43.075
-85.709 42.897
-85.645 42.986
-85.613 42.891
-85.644 42.979
-85.741 42.976
-85.621 43.083
-85.724 42.810
-84.909 45.441
-84.792 45.508
-85.022 45.365
-86.209 41.831
-85.934 42.027
-86.022 41.785
-83.979 42.733
-83.773 42.465
-83.887 42.596
-83.942 42.619
-85.878 44.645
-86.233 44.636
-86.100 44.552
-86.145 44.703
-83.442 41.807
-83.622 41.954
-85.947 43.473
-85.622 43.512
-85.676 42.882
-85.674 42.864
-85.335 42.937
-85.653 42.960
-85.584 42.798
-85.460 43.163
-85.635 42.834
-85.622 42.891
-85.629 42.934
-85.635 42.943
-85.650 42.922
-85.515 42.834
-85.635 42.992
-85.683 42.797
-85.600 42.864
-85.737 42.990
-85.469 42.977
-84.911 45.327
-84.795 45.348
-85.015 45.327
-85.819 42.026
-86.048 41.939
-83.717 42.771
-84.092 42.668
-83.843 42.442
-83.729 42.657
-83.814 42.465
-83.819 42.645
-84.059 42.555
-85.878 44.557
-85.791 44.644
-83.345 41.925
-83.471 42.063
-83.413 41.917
-83.636 41.738
-85.741 43.337
-85.741 43.684
-85.702 42.954
-85.457 42.834
-85.691 42.976
-85.569 43.125
-85.510 43.135
-85.683 43.036
-85.616 42.863
-85.635 42.891
-85.729 42.914
-85.593 43.234
-85.676 42.913
-85.387 43.265
-85.524 42.932
-85.596 43.052
-84.792 45.594
-84.896 45.378
-86.170 41.873
-85.933 41.940
-85.817 41.839
-83.856 42.590
-83.813 42.521
-83.823 42.736
-83.998 42.573
-83.773 42.506
-83.812 42.576
-83.226 42.011
-83.488 42.022
-83.426 41.935
-83.386 41.926
-85.860 43.771
-85.979 43.771
-85.657 43.055
-85.558 42.944
-85.528 42.953
-85.645 42.922
-85.627 42.927
-85.655 42.924
-85.412 43.163
-85.519 42.959
-85.334 42.984
-85.447 42.951
-85.748 42.918
-85.600 42.943
-85.661 42.959
-85.635 42.957
-85.628 42.861
-85.695 42.947
-84.787 45.434
-84.959 45.365
-85.933 41.854
-86.097 41.979
-83.850 42.539
-83.923 42.548
-83.935 42.659
-83.850 42.568
-83.723 42.621
-83.596 41.739
-83.413 41.889
-83.537 41.931
-83.279 41.952
-83.303 41.972
-83.333 41.950
-85.861 43.597
-85.861 43.510
-85.772 43.554
-85.726 42.982
-85.694 42.870
-85.733 42.863
-85.663 43.009
-85.654 42.833
-85.709 42.870
-85.662 42.924
-85.651 42.875
-85.656 42.936
-85.487 42.924
-85.484 42.949
-85.682 42.975
-85.620 43.049
-85.722 42.975
-85.661 42.977
-85.369 42.813
-85.635 42.947
-85.718 42.900
-86.167 42.029
-86.080 41.787
-85.935 41.785
-84.095 42.732
-83.894 42.444
-83.990 42.445
-83.692 42.475
-84.115 42.555
-83.597 42.042
-83.591 41.844
-83.359 42.028
-83.392 41.958
-85.980 43.597
-85.980 43.684
-85.722 42.888
-85.632 42.906
-85.553 43.220
-85.400 42.934
-85.593 43.089
-85.638 42.916
-85.669 42.948
-85.657 42.945
-85.697 42.918
-85.610 43.034
-85.643 42.963
-85.602 42.916
-85.694 42.925
-85.729 42.998
-85.585 42.848
-85.717 42.911
-86.150 41.832
-86.048 42.028
-83.708 42.585
-83.849 42.522
-83.897 42.656
-83.768 42.616
-83.881 42.735
-83.700 42.506
-83.548 41.740
-83.501 41.863
-83.482 41.791
-83.291 41.880
-83.716 41.945
-85.863 43.424
-85.741 43.444
-85.722 43.102
-85.723 42.929
-85.678 43.016
-85.681 42.992
-85.625 43.003
-85.660 42.880
-85.696 42.996
-85.641 43.025
-85.641 43.041
-85.551 43.128
-85.729 42.899
-85.488 43.007
-85.674 42.834
-85.761 42.979
-86.121 41.992
-85.818 41.940
-83.695 42.437
-83.761 42.588
-83.983 42.527
-83.988 42.657
-83.780 42.517
-83.779 42.523
-83.716 42.037
-83.450 41.894
-83.593 41.888
-85.860 43.684
-85.622 43.599
-85.622 43.685
-85.654 42.866
-85.676 42.927
-85.700 42.907
-85.674 42.894
-85.393 42.988
-85.526 42.790
-85.603 43.021
-85.776 42.892
-85.357 43.235
-85.635 42.848
-85.585 42.834
-85.755 42.995
-85.632 42.952
-85.637 42.940
-85.669 42.974
-85.635 42.968
-85.619 42.991
-85.840 41.776
-86.167 41.940
-83.950 42.567
-84.083 42.467
-83.786 42.574
-83.696 42.531
-83.737 42.522
-83.726 41.773
-83.274 42.057
-83.402 41.928
-83.686 42.077
-85.622 43.772
-85.981 43.421
-85.622 43.338
-85.486 43.070
-85.605 43.005
-85.654 42.859
-85.685 42.966
-85.480 42.905
-85.617 42.929
-85.637 42.953
-85.658 42.915
-85.574 42.911
-85.700 42.978
-85.491 43.264
-85.738 43.044
-85.530 42.982
-85.701 42.983
-85.669 42.935
-85.646 43.001
-85.358 42.933
-85.640 42.863
-85.642 42.905
-83.887 42.489
-83.820 42.594
-83.737 42.530
-83.925 42.441
-83.701 42.553
-83.853 42.646
-83.616 41.739
-83.616 41.757
-83.702 41.980
-83.510 41.763
-85.738 43.400
-85.623 43.425
-85.674 42.848
-85.569 42.862
-85.739 42.892
-85.621 42.937
-85.649 43.020
-85.744 42.789
-85.377 43.047
-85.489 43.043
-85.618 42.876
-85.727 42.970
-85.455 43.101
-85.663 42.904
-85.678 42.949
-85.683 42.936
-85.709 43.158
-85.690 42.892
-83.802 42.447
-83.879 42.515
-83.966 42.488
-84.091 42.624
-83.894 42.613
-83.788 42.513
-83.895 42.575
-83.451 41.918
-83.637 41.756
-83.362 41.912
-83.577 41.757
-85.982 43.513
-85.557 42.892
-85.641 43.183
-85.633 42.979
-85.624 42.946
-85.646 42.969
-85.712 42.982
-85.584 42.953
-85.368 43.091
-85.697 43.016
-85.644 43.010
-85.708 42.974
-85.643 42.796
-85.646 43.098
-85.665 43.003
-85.656 43.004
-85.678 43.036
-83.809 42.496
-83.719 42.736
-83.867 42.459
-83.947 42.607
-83.753 42.710
-84.074 42.659
-83.421 41.961
-83.393 41.877
-83.597 41.771
-85.731 43.184
-85.583 42.877
-85.598 42.930
-85.645 42.993
-85.700 42.989
-85.609 42.969
-85.771 43.249
-85.654 42.848
-85.693 42.935
-85.754 43.018
-85.765 42.908
-85.659 42.967
-85.643 42.933
-85.635 42.924
-85.678 43.052
-85.641 43.139
-85.494 43.083
-84.948 45.377
-84.913 45.695
-83.742 42.554
-83.779 42.658
-83.694 42.453
-83.815 42.544
-83.577 41.740
-83.578 41.779
-83.400 42.050
-83.357 41.986
-83.557 41.803
-85.586 43.142
-85.715 43.009
-85.601 42.935
-85.710 42.965
-85.696 42.967
-85.587 42.891
-85.653 42.976
-85.332 43.162
-85.586 42.931
-85.660 43.020
-85.569 42.973
-85.645 42.946
-85.606 42.921
-85.560 42.955
-85.630 42.876
-85.509 43.109
-85.745 42.958
-84.792 45.680
-84.779 45.749
-85.011 45.642
-83.704 42.662
-84.004 42.619
-83.634 42.544
-86.183 44.553
-86.196 44.642
-83.667 41.774
-83.433 41.943
-85.809 43.335
-85.615 42.946
-85.581 43.183
-85.672 42.960
-85.467 42.791
-85.373 43.161
-85.626 43.260
-85.526 42.945
-85.521 43.176
-85.700 42.892
-85.691 42.906
-85.622 43.022
-85.713 42.917
-85.563 43.081
-85.571 43.015
-85.571 43.040
-84.914 45.594
-85.022 45.459
-85.041 45.516
-83.841 42.488
-83.788 42.539
-83.923 42.604
-85.999 44.558
-85.998 44.734
-83.358 42.074
-83.370 41.899
-83.710 41.872
-83.300 41.997
-84.101 42.822
-83.982 42.897
-83.974 43.981
-83.856 44.049
-83.992 44.054
-84.107 44.123
-84.638 42.753
-84.777 42.465
-84.780 42.640
-85.226 42.278
-85.157 42.345
-82.562 42.748
-82.475 42.912
-82.466 42.977
-82.488 42.981
-82.433 42.998
-83.693 44.043
-83.625 44.124
-83.987 44.123
-83.757 44.042
-83.573 44.016
-83.862 44.038
-85.016 42.640
-84.615 42.753
-84.660 42.517
-84.925 42.444
-85.201 42.223
-85.164 42.337
-85.255 42.327
-82.496 42.815
-82.726 42.817
-82.493 42.721
-82.589 42.632
-82.492 42.837
-86.243 44.286
-85.941 44.296
-83.747 44.123
-83.644 44.062
-83.920 43.955
-83.976 44.015
-84.106 44.040
-83.954 43.974
-84.657 42.748
-84.742 42.760
-85.015 42.553
-84.971 42.307
-84.745 42.256
-85.211 42.287
-85.190 42.299
-82.559 42.695
-82.694 43.032
-86.321 44.244
-85.879 44.469
-86.121 44.387
-83.695 44.036
-84.007 43.957
-83.954 43.986
-83.867 44.123
-84.676 42.633
-84.660 42.464
-85.179 42.306
-85.177 42.315
-85.001 42.116
-82.502 43.003
-82.524 42.964
-82.468 43.004
-82.633 42.699
-86.308 44.236
-86.161 44.210
-86.311 44.246
-84.846 42.551
-84.829 42.550
-85.044 42.464
-84.531 42.777
-84.582 42.832
-84.547 42.994
-85.119 42.116
-85.188 42.286
-84.747 42.250
-85.240 42.396
-85.198 42.255
-86.053 46.418
-86.178 46.146
-85.929 46.053
-86.476 46.089
-86.245 45.962
-86.260 45.968
-82.591 43.122
-82.673 42.789
-82.501 42.824
-85.880 44.382
-86.000 44.384
-86.318 44.236
-84.894 42.467
-84.782 42.717
-85.015 42.727
-84.483 42.781
-84.523 42.793
-85.100 42.361
-85.128 42.322
-85.196 42.308
-85.247 42.198
-84.886 42.291
-85.150 42.337
-86.233 45.955
-86.387 45.984
-86.053 46.146
-86.263 45.957
-86.136 45.756
-86.349 46.252
-82.517 43.104
-82.797 43.128
-82.491 43.096
-83.983 42.823
-84.226 43.086
-84.191 42.818
-86.222 44.388
-86.326 44.256
-86.602 44.350
-84.660 42.734
-84.652 42.724
-84.607 42.677
-84.846 42.571
-84.452 42.792
-84.661 42.900
-84.778 42.814
-85.208 42.301
-84.774 42.293
-84.765 42.238
-85.229 42.302
-85.256 42.339
-84.952 42.256
-85.005 42.378
-84.744 42.239
-85.927 46.245
-82.811 43.028
-82.477 42.951
-82.528 42.627
-82.445 42.965
-84.350 42.891
-84.319 42.819
-83.994 42.912
-85.942 44.209
-86.338 44.237
-84.819 42.576
-84.642 42.509
-84.778 43.075
-84.660 43.075
-84.590 42.819
-84.568 42.840
-85.260 42.360
-85.272 42.317
-85.004 42.202
-84.764 42.259
-84.774 42.378
-85.197 42.316
-85.156 42.317
-82.498 42.746
-82.486 42.779
-82.430 42.971
-82.554 42.792
-84.178 43.028
-84.001 42.966
-84.181 42.992
-86.324 44.201
-84.656 42.500
-84.985 42.467
-84.745 42.748
-84.779 42.988
-84.580 42.791
-84.556 42.822
-84.425 42.987
-85.135 42.264
-85.224 42.323
-84.768 42.115
-85.024 42.288
-82.540 42.861
-82.805 42.941
-82.458 43.032
-82.452 42.948
-84.104 42.974
-84.186 43.005
-84.167 43.001
-86.214 44.473
-86.333 44.247
-84.807 42.544
-84.757 42.752
-84.744 42.629
-84.426 43.074
-84.574 42.846
-84.779 42.900
-85.276 42.115
-85.194 42.271
-84.885 42.203
-85.120 42.203
-84.885 42.116
-82.433 43.010
-82.480 43.076
-82.441 43.020
-84.166 42.987
-84.326 43.085
-84.104 42.910
-87.081 45.859
-87.084 45.724
-87.225 45.661
-87.138 46.087
-86.890 46.036
-86.696 46.005
-87.100 45.763
-86.541 45.956
-87.051 45.822
-87.096 45.985
-87.039 45.854
-86.000 44.471
-86.121 44.473
-86.122 44.301
-84.782 42.762
-84.632 42.723
-84.896 42.640
-84.543 42.900
-84.558 43.012
-84.691 42.814
-85.195 42.327
-85.260 42.267
-85.236 42.087
-84.767 42.250
-84.972 42.271
-82.683 42.867
-82.926 42.939
-82.934 43.113
-84.221 42.909
-83.989 43.088
-84.106 43.021
-87.021 45.843
-87.225 45.839
-84.662 42.693
-84.624 42.748
-84.897 42.727
-84.633 42.813
-84.405 42.830
-84.394 42.788
-85.277 42.364
-85.223 42.345
-85.196 42.366
-82.709 42.700
-82.541 42.617
-82.580 42.628
-84.320 42.910
-84.162 43.010
-84.250 42.822
-87.289 45.711
-87.275 45.923
-87.119 45.858
-87.049 45.911
-86.867 45.871
-86.901 45.769
-84.736 42.742
-84.631 42.644
-84.608 42.734
-84.614 42.721
-84.460 42.835
-84.661 42.988
-84.541 42.985
-84.563 42.993
-85.174 42.334
-85.169 42.322
-84.772 42.200
-82.817 43.115
-82.671 42.745
-82.684 42.704
-82.605 43.027
-82.769 42.900
-82.730 42.809
-82.481 43.021
-82.560 42.926
-84.326 42.999
-83.981 42.917
-83.987 43.007
-87.058 45.743
-86.646 45.671
-87.084 45.745
-86.791 45.604
-87.177 45.790
-84.630 42.556
-84.689 42.709
-84.628 42.697
-84.516 42.827
-84.424 42.900
-84.542 43.074
-85.089 42.296
-85.219 42.117
-82.520 43.146
-82.448 43.002
-82.488 42.893
-82.518 42.861
-82.699 43.119
-82.575 42.972
-84.231 42.820
-84.109 43.087
-87.139 45.751
-84.691 42.748
-84.685 42.734
-84.899 42.553
-84.690 42.554
-84.639 42.671
-84.648 42.749
-84.888 42.378
-85.218 42.308
-85.136 42.393
-82.506 42.713
-82.482 42.927
-82.655 42.828
-82.465 43.052
-82.552 43.043
-82.434 42.959
-82.613 42.592
-82.929 43.027
-84.239 43.013
-83.996 42.941
-84.667 42.763
-84.753 42.555
-84.625 42.738
-85.141 42.298
-85.195 42.341
-82.500 43.050
-82.447 42.980
-82.551 42.644
-82.609 42.645
-82.431 42.982
-82.682 42.945
-82.581 42.860
-84.227 42.969
-84.193 42.987
-84.116 42.984
-85.233 43.104
-84.922 42.970
-85.225 43.088
-85.877 42.362
-85.935 42.113
-85.828 42.277
-85.821 42.113
-82.963 42.620
-82.896 42.765
-82.837 42.697
-82.953 42.756
-82.910 42.636
-82.905 42.496
-82.913 42.499
-82.908 42.507
-82.889 42.507
-82.894 42.518
-82.901 42.518
-82.884 42.527
-82.979 42.583
-83.020 42.584
-83.078 42.582
-83.080 42.589
-83.062 42.495
-83.033 42.484
-83.057 42.502
-83.038 42.522
-83.074 42.502
-83.077 42.509
-82.927 42.618
-82.884 42.696
-82.968 42.704
-82.968 42.697
-82.955 42.690
-84.296 41.856
-84.172 42.053
-84.082 41.916
-84.896 42.814
-85.242 43.091
-84.906 42.875
-85.085 42.975
-85.012 42.989
-86.024 42.202
-86.272 42.410
-82.900 42.636
-82.779 42.660
-82.943 42.676
-82.985 42.663
-82.878 42.532
-82.876 42.547
-82.871 42.538
-82.858 42.550
-83.044 42.677
-83.041 42.608
-83.061 42.601
-83.061 42.590
-83.026 42.591
-83.023 42.599
-83.055 42.512
-83.023 42.511
-83.012 42.520
-83.023 42.518
-82.967 42.682
-82.909 42.676
-82.959 42.666
-82.935 42.665
-82.926 42.664
-84.297 41.760
-84.173 41.765
-85.015 42.900
-84.897 43.076
-85.256 43.072
-84.865 42.987
-86.168 42.376
-86.690 42.330
-85.937 42.376
-82.769 42.892
-82.890 42.593
-82.879 42.588
-82.894 42.606
-82.885 42.604
-83.005 42.677
-83.025 42.699
-83.006 42.699
-82.986 42.700
-83.034 42.662
-83.003 42.605
-82.986 42.596
-82.977 42.596
-82.982 42.608
-83.002 42.596
-83.068 42.520
-83.080 42.519
-83.064 42.524
-83.055 42.525
-83.078 42.531
-82.897 42.665
-82.894 42.646
-82.884 42.649
-82.905 42.649
-84.214 42.021
-83.944 41.862
-83.933 41.999
-85.251 42.927
-85.268 42.888
-85.076 42.986
-86.245 42.371
-85.935 42.290
-82.876 42.622
-82.877 42.606
-82.837 42.661
-82.870 42.592
-83.047 42.646
-83.025 42.630
-83.078 42.657
-83.022 42.612
-83.081 42.601
-83.062 42.617
-83.003 42.614
-82.982 42.616
-82.880 42.568
-82.796 42.729
-83.016 42.525
-83.002 42.525
-82.992 42.531
-82.984 42.534
-82.974 42.534
-82.929 42.647
-82.920 42.649
-82.952 42.633
-82.951 42.641
-82.984 42.653
-83.802 41.887
-83.942 41.768
-84.305 42.059
-85.253 42.987
-85.154 42.971
-85.137 42.783
-86.279 42.389
-85.891 42.218
-86.165 42.114
-82.908 42.593
-82.910 42.611
-82.881 42.575
-83.062 42.644
-83.038 42.626
-83.007 42.631
-83.001 42.622
-82.982 42.623
-82.945 42.610
-83.021 42.621
-83.081 42.616
-83.022 42.533
-82.931 42.578
-83.062 42.691
-83.017 42.591
-82.938 42.605
-82.922 42.622
-82.924 42.608
-82.902 42.624
-84.095 41.885
-84.069 41.843
-84.051 41.910
-84.059 41.766
-85.858 42.175
-85.821 42.377
-85.918 42.231
-82.775 42.842
-82.924 42.872
-82.892 42.583
-82.895 42.574
-82.904 42.577
-82.810 42.710
-82.721 42.692
-83.013 42.637
-83.024 42.648
-83.004 42.648
-83.082 42.632
-83.063 42.705
-82.813 42.686
-83.078 42.451
-83.075 42.459
-83.069 42.452
-83.058 42.451
-83.059 42.459
-83.049 42.455
-82.926 42.584
-82.932 42.589
-83.059 42.532
-82.863 42.617
-83.082 42.497
-83.018 42.529
-83.947 42.017
-84.021 41.909
-85.030 44.902
-84.918 45.074
-85.785 42.215
-86.258 42.402
-86.166 42.205
-82.922 42.828
-83.002 42.832
-83.030 42.473
-83.019 42.474
-83.022 42.480
-82.737 42.694
-82.751 42.681
-82.759 42.706
-82.771 42.671
-83.074 42.687
-83.084 42.677
-83.072 42.676
-83.064 42.634
-83.055 42.466
-83.070 42.466
-83.079 42.473
-83.077 42.488
-83.069 42.476
-82.911 42.551
-83.027 42.743
-83.047 42.741
-83.035 42.773
-82.916 42.572
-85.153 44.294
-83.864 41.832
-83.961 42.013
-84.345 41.857
-84.909 44.988
-85.161 45.076
-85.151 44.902
-83.594 44.283
-82.850 44.329
-83.837 44.430
-83.485 44.288
-83.368 44.480
-83.803 44.234
-83.824 44.204
-83.704 44.292
-83.328 44.481
-86.052 42.376
-86.081 42.199
-82.835 42.613
-82.821 42.598
-82.836 42.638
-82.797 42.581
-83.043 42.794
-82.806 42.693
-82.838 42.681
-82.973 42.485
-82.958 42.485
-83.060 42.677
-83.045 42.699
-83.085 42.691
-83.083 42.705
-83.046 42.719
-82.916 42.560
-82.905 42.559
-83.058 42.473
-83.050 42.473
-83.063 42.488
-83.061 42.480
-82.961 42.558
-82.959 42.564
-82.926 42.563
-82.936 42.561
-85.277 44.382
-84.915 44.379
-85.035 44.380
-83.936 41.943
-84.304 41.943
-85.301 45.164
-85.262 44.895
-85.256 44.983
-85.349 45.043
-83.584 44.468
-83.525 44.268
-83.730 44.384
-83.472 44.314
-83.703 44.206
-83.523 44.381
-83.379 44.434
-86.273 42.312
-86.286 42.268
-82.839 42.590
-82.847 42.580
-82.860 42.574
-82.868 42.560
-82.959 42.490
-82.946 42.491
-82.955 42.483
-82.929 42.491
-82.936 42.484
-82.930 42.473
-83.026 42.721
-83.004 42.663
-83.059 42.627
-83.078 42.538
-83.077 42.546
-83.039 42.460
-83.030 42.451
-83.029 42.462
-83.020 42.452
-83.022 42.459
-83.011 42.455
-82.936 42.571
-82.945 42.560
-82.959 42.571
-82.939 42.546
-85.153 44.208
-84.914 44.292
-83.980 41.970
-83.946 42.056
-83.830 42.042
-85.279 45.078
-85.343 44.911
-85.030 44.989
-85.152 44.991
-85.419 45.064
-85.398 44.895
-83.824 44.291
-83.366 44.382
-83.598 44.201
-86.051 42.288
-86.168 42.287
-82.867 42.581
-82.865 42.600
-82.849 42.567
-82.834 42.572
-82.883 42.518
-82.942 42.476
-82.922 42.484
-82.908 42.485
-82.927 42.498
-82.942 42.499
-82.778 42.683
-83.048 42.543
-82.817 42.659
-83.061 42.554
-83.025 42.545
-83.007 42.460
-82.991 42.453
-82.996 42.457
-82.996 42.471
-83.021 42.467
-83.011 42.467
-83.011 42.474
-82.959 42.593
-82.965 42.588
-82.963 42.578
-82.968 42.603
-82.960 42.606
-85.156 44.382
-85.033 44.207
-85.208 44.330
-84.188 41.943
-84.047 41.896
-84.909 44.902
-85.039 45.075
-85.802 42.224
-86.284 42.353
-82.872 42.454
-82.786 42.545
-82.881 42.459
-82.801 42.785
-82.760 42.817
-82.747 42.803
-82.958 42.498
-82.958 42.505
-82.979 42.497
-82.936 42.506
-82.945 42.506
-82.925 42.506
-82.929 42.518
-82.995 42.542
-83.005 42.545
-82.977 42.546
-82.984 42.557
-83.002 42.533
-82.996 42.482
-82.981 42.472
-83.010 42.485
-83.001 42.489
-82.984 42.488
-82.981 42.455
-82.977 42.465
-82.941 42.596
-82.947 42.589
-82.933 42.625
-82.967 42.459
-82.966 42.468
-82.953 42.469
-85.034 44.294
-85.215 44.196
-85.276 44.209
-84.021 41.867
-84.217 41.723
-84.179 41.857
-85.622 43.945
-85.622 44.031
-85.678 44.039
-85.826 43.856
-85.743 44.076
-85.981 44.032
-85.853 43.904
-85.741 43.858
-85.862 44.032
-82.796 42.743
-82.953 42.703
-82.967 42.690
-82.866 42.637
-82.952 42.515
-82.974 42.512
-82.966 42.520
-82.958 42.520
-82.956 42.528
-82.935 42.535
-82.936 42.528
-82.917 42.528
-83.020 42.558
-83.002 42.557
-82.986 42.564
-83.016 42.563
-82.974 42.456
-82.971 42.476
-83.015 42.798
-82.999 42.808
-83.061 42.816
-82.959 42.476
-82.939 42.469
-82.935 42.462
-83.076 42.738
-82.955 42.461
-85.276 44.469
-85.155 44.467
-84.974 44.467
-85.134 43.076
-85.046 42.978
-85.853 43.894
-85.624 44.120
-85.742 43.945
-85.622 43.859
-82.926 42.696
-82.928 42.635
-82.916 42.655
-82.913 42.667
-82.845 42.651
-82.910 42.517
-82.917 42.536
-82.896 42.534
-82.973 42.519
-82.978 42.505
-83.016 42.570
-83.082 42.553
-83.077 42.559
-83.078 42.568
-82.891 42.562
-82.879 42.560
-83.042 42.483
-83.051 42.483
-82.821 42.860
-82.958 42.453
-82.945 42.461
-82.943 42.454
-84.912 44.205
-85.276 44.296
-85.266 44.119
-83.852 41.865
-83.937 42.015
-88.624 46.079
-88.487 46.326
-88.285 46.016
-85.060 42.991
-85.015 42.814
-85.204 42.900
-85.132 42.908
-85.979 43.858
-85.886 43.857
-85.863 44.120
-85.982 44.121
-86.166 42.200
-82.825 42.651
-82.803 42.670
-82.841 42.666
-82.805 42.679
-82.926 42.548
-82.915 42.544
-82.894 42.547
-82.903 42.453
-82.894 42.458
-82.891 42.464
-83.047 42.559
-83.045 42.573
-83.004 42.564
-83.041 42.498
-83.026 42.495
-83.023 42.503
-83.014 42.496
-83.012 42.503
-83.013 42.483
-83.022 42.487
-83.047 42.863
-82.922 42.477
-82.952 42.548
-82.954 42.535
-82.963 42.545
-82.854 42.561
-84.029 41.894
-83.824 41.771
-84.305 42.016
-84.035 41.883
-88.651 46.108
-88.180 46.263
-88.623 46.258
-85.134 42.814
-85.016 43.076
-85.252 42.813
-85.980 43.946
-85.861 43.945
-85.801 42.179
-85.815 42.303
-86.113 42.312
-82.793 42.682
-82.801 42.658
-82.965 42.639
-82.941 42.635
-82.971 42.650
-82.962 42.650
-82.906 42.469
-82.888 42.474
-82.910 42.462
-82.920 42.455
-82.928 42.461
-82.986 42.572
-83.065 42.572
-83.081 42.576
-83.049 42.587
-83.002 42.496
-82.994 42.496
-82.997 42.504
-83.003 42.511
-82.993 42.511
-82.983 42.512
-82.983 42.519
-82.828 42.585
-82.815 42.583
-82.756 42.652
-82.752 42.699
-82.810 42.561
-84.152 42.007
-84.067 41.956
-84.071 41.896
-83.831 41.966
-88.628 46.101
-88.645 46.081
-84.891 42.863
-84.920 43.018
-84.897 42.903
-85.134 43.010
-86.050 42.114
-85.850 42.222
-85.945 42.196
-82.965 42.632
-82.984 42.645
-82.983 42.635
-82.948 42.653
-82.945 42.646
-82.944 42.621
-82.997 42.736
-82.906 42.477
-82.892 42.483
-82.903 42.493
-82.888 42.494
-83.021 42.576
-83.004 42.577
-82.996 42.577
-83.004 42.586
-82.902 42.566
-83.002 42.518
-82.992 42.520
-83.013 42.511
-82.982 42.526
-82.972 42.527
-82.792 42.738
-83.072 42.495
-82.877 42.441
-82.887 42.446
-82.864 42.661
-82.750 42.682
-83.970 42.069
-84.069 42.028
-83.961 41.998
-88.627 46.065
-88.782 46.247
-88.818 46.136
-88.317 46.243
-88.326 46.097
-88.605 46.056
-88.180 46.133
-84.434 42.708
-84.201 42.556
-84.531 42.730
-84.340 42.730
-84.592 42.757
-84.420 42.748
-84.469 42.727
-84.425 42.531
-85.668 44.914
-86.078 45.189
-86.019 44.922
-86.004 44.820
-85.680 44.800
-85.651 44.778
-85.650 45.154
-83.946 45.285
-83.822 45.246
-83.828 45.425
-83.524 43.633
-83.165 43.370
-83.640 43.416
-84.500 42.750
-84.179 42.664
-84.571 42.665
-84.571 42.745
-84.498 42.732
-84.593 42.631
-84.507 42.675
-84.534 42.629
-84.496 42.636
-85.765 44.818
-85.860 45.053
-85.874 44.910
-83.947 45.412
-83.387 45.489
-83.698 45.248
-83.801 45.411
-83.401 43.442
-83.205 43.629
-83.146 43.631
-84.283 42.678
-84.545 42.760
-84.561 42.728
-84.416 42.572
-84.565 42.650
-84.518 42.638
-85.762 44.907
-85.655 44.996
-85.679 44.843
-85.385 44.030
-83.824 45.332
-84.193 45.531
-83.889 45.433
-83.837 45.416
-83.641 43.522
-83.655 43.243
-83.168 43.456
-83.371 43.490
-84.500 42.700
-84.418 42.761
-84.495 42.736
-84.433 42.451
-84.423 42.697
-84.375 42.743
-84.419 42.712
-85.875 44.820
-84.002 45.072
-84.189 45.028
-84.310 45.028
-85.385 43.858
-85.503 43.858
-85.385 44.119
-85.504 44.031
-85.503 43.945
-84.981 41.954
-83.287 43.454
-83.492 43.351
-83.630 43.277
-84.164 42.471
-84.533 42.646
-84.311 42.469
-84.494 42.763
-84.402 42.710
-84.533 42.749
-84.521 42.691
-84.591 42.747
-85.130 45.155
-85.165 45.162
-85.266 45.307
-84.252 44.898
-84.224 45.156
-83.982 45.157
-83.950 44.943
-85.266 44.030
-85.147 44.119
-85.000 41.785
-85.233 41.785
-85.191 41.873
-84.884 41.785
-83.434 43.481
-83.556 43.264
-83.403 43.365
-84.485 42.718
-84.466 42.734
-84.473 42.744
-84.569 42.675
-84.543 42.657
-84.398 42.654
-84.391 42.722
-84.542 42.466
-84.794 45.246
-85.039 45.160
-84.072 44.986
-84.071 44.899
-85.147 43.857
-85.384 43.944
-85.504 44.120
-85.235 42.029
-84.988 41.933
-85.234 41.941
-83.413 43.627
-83.522 43.437
-83.171 43.543
-86.274 43.951
-86.218 43.861
-86.424 43.971
-86.220 44.126
-86.100 44.033
-86.751 43.997
-86.440 43.966
-84.439 42.757
-84.454 42.743
-84.501 42.670
-84.459 42.761
-84.539 42.688
-84.383 42.697
-84.575 42.709
-84.473 42.751
-85.517 44.209
-85.392 44.203
-85.761 44.295
-85.518 44.468
-85.268 45.247
-85.345 45.249
-84.917 45.161
-85.058 45.295
-85.147 44.030
-85.147 43.944
-85.507 43.872
-85.117 41.785
-84.884 42.029
-85.117 41.855
-83.640 43.458
-83.577 43.372
-83.369 43.540
-83.626 43.595
-86.457 44.022
-86.218 43.947
-86.101 44.123
-86.407 43.857
-86.327 43.870
-86.340 44.036
-86.099 43.859
-86.356 44.124
-84.544 42.736
-84.518 42.732
-84.311 42.557
-84.578 42.716
-84.472 42.759
-84.516 42.610
-84.474 42.739
-84.210 42.731
-85.519 44.295
-85.520 44.382
-85.761 44.208
-85.640 44.381
-85.407 44.238
-85.639 44.208
-85.399 44.381
-85.426 44.253
-85.640 44.295
-85.396 44.299
-85.758 44.469
-85.026 45.245
-85.154 45.322
-85.152 45.241
-85.265 43.856
-85.266 43.945
-85.274 43.900
-84.883 41.854
-84.912 41.942
-85.000 41.855
-83.552 43.350
-83.293 43.627
-83.627 43.713
-86.436 43.945
-86.345 43.956
-84.470 42.719
-84.563 42.619
-84.464 42.696
-84.449 42.718
-84.572 42.553
-84.543 42.709
-84.411 42.689
-84.579 42.688
-84.557 42.687
-85.637 44.469
-85.761 44.381
-85.401 44.411
-85.394 44.257
-84.914 45.247
-84.796 45.159
-85.235 41.853
-85.118 42.029
-83.427 43.538
-83.290 43.541
-83.284 43.367
-86.453 43.954
-86.416 43.919
-86.099 43.946
-86.453 44.052
-84.576 42.728
-84.527 42.739
-84.509 42.732
-84.575 42.699
-84.284 42.693
-84.594 42.739
-84.517 42.750
-85.397 44.469
-85.249 45.322
-85.013 45.214
-85.268 45.311
-85.497 45.606
-85.016 41.951
-84.855 41.942
-85.002 42.030
-85.000 41.942
-83.496 43.267
-83.407 43.278
-86.292 43.963
-86.437 43.953
-86.220 44.034
-86.446 44.004
-84.513 42.553
-84.534 42.720
-84.591 42.700
-84.498 42.715
-84.482 42.731
-85.253 45.309
-85.020 41.935
-85.118 41.941
-83.523 43.523
-83.642 43.349
-86.455 43.968
-86.434 43.959
-89.043 46.740
-89.457 46.593
-89.580 46.584
-89.047 46.446
-89.220 46.405
-89.274 46.827
-84.517 42.651
-84.222 42.466
-84.437 42.696
-84.206 42.642
-84.593 42.708
-84.597 42.690
-84.558 42.698
-84.292 42.734
-84.447 42.582
-86.218 43.774
-89.669 46.596
-89.080 46.836
-89.680 46.737
-89.313 46.879
-88.975 46.911
-89.500 47.217
-89.249 46.692
-84.389 42.760
-84.460 42.650
-84.561 42.710
-84.575 42.737
-84.314 42.641
-84.555 42.676
-84.550 42.715
-82.834 44.682
-83.357 44.555
-83.464 44.641
-84.788 44.944
-89.303 46.506
-88.927 46.723
-89.129 46.600
-84.589 42.675
-84.491 42.741
-84.568 42.762
-84.545 42.665
-84.409 42.739
-84.594 42.725
-84.489 42.751
-84.417 42.610
-83.525 44.727
-83.445 44.802
-83.766 44.553
-83.797 44.726
-83.351 44.645
-83.646 44.640
-83.523 44.554
-83.345 44.727
-83.615 44.825
-83.295 44.657
-84.662 45.033
-84.685 45.014
-84.674 45.072
-84.460 42.579
-84.437 42.732
-84.452 42.730
-84.544 42.698
-84.571 42.752
-84.666 44.901
-84.796 45.072
-84.551 45.070
-84.228 45.359
-83.705 45.345
-84.187 45.409
-84.069 45.432
-84.423 42.466
-84.594 42.765
-84.555 42.738
-84.510 42.746
-84.428 42.579
-84.526 42.712
-84.546 44.943
-84.551 45.157
-84.637 44.987
-84.697 44.978
-84.682 45.036
-84.429 44.986
-84.067 45.283
-83.580 45.280
-84.187 45.280
-85.384 43.598
-85.264 43.511
-85.475 43.686
-83.406 43.211
-83.046 43.023
-83.053 43.110
-83.493 42.941
-83.660 42.887
-83.687 43.149
-83.606 43.009
-83.712 43.194
-83.489 43.071
-83.692 43.120
-83.786 43.053
-83.683 43.031
-83.659 43.045
-83.889 42.884
-83.704 43.022
-83.685 43.128
-83.589 42.226
-83.725 42.264
-83.820 42.278
-83.709 42.240
-83.838 42.234
-83.595 42.270
-83.626 42.333
-83.772 42.182
-84.260 43.666
-84.380 43.678
-84.230 43.547
-87.303 46.376
-88.046 46.377
-87.250 46.194
-87.854 46.831
-87.397 46.518
-87.553 46.545
-87.212 46.460
-85.500 43.773
-85.503 43.511
-85.508 43.683
-83.894 42.942
-83.607 43.070
-83.648 43.060
-83.668 42.948
-83.893 43.176
-83.701 43.037
-83.733 43.003
-83.846 43.200
-83.698 43.060
-83.680 43.016
-83.489 43.115
-83.700 43.095
-83.759 43.112
-83.733 42.800
-83.722 42.937
-83.639 42.247
-83.758 42.137
-83.835 42.124
-83.732 42.310
-83.744 42.402
-83.719 42.256
-83.636 42.216
-83.729 42.186
-84.429 43.510
-84.238 43.657
-84.548 43.684
-84.548 43.510
-87.662 46.501
-87.545 46.246
-87.389 46.556
-87.412 46.572
-85.381 43.769
-85.383 43.511
-85.265 43.771
-83.900 43.153
-83.878 43.051
-83.703 43.115
-83.593 43.052
-83.704 42.856
-83.826 43.071
-83.660 43.019
-83.491 42.895
-83.654 43.123
-83.747 43.054
-83.728 42.951
-83.676 43.035
-83.899 43.074
-83.779 42.164
-83.732 42.255
-83.705 42.295
-83.743 42.249
-83.590 42.239
-83.693 42.239
-83.737 42.233
-83.881 42.282
-83.813 42.298
-83.634 42.179
-83.754 42.275
-84.197 43.585
-84.291 43.634
-87.430 46.422
-87.852 46.636
-87.593 46.491
-85.384 43.685
-85.265 43.684
-85.503 43.598
-83.547 43.116
-83.618 42.947
-83.798 43.024
-83.725 43.047
-83.626 42.909
-83.713 43.071
-83.744 43.031
-83.774 42.821
-83.776 42.976
-83.856 42.951
-83.700 43.051
-83.762 42.797
-83.685 43.045
-83.712 43.041
-83.685 43.000
-83.697 42.808
-83.789 43.014
-83.725 42.273
-83.766 42.294
-83.609 42.253
-83.677 42.239
-84.012 42.313
-83.872 42.363
-83.788 42.290
-83.578 42.225
-84.268 43.638
-84.229 43.623
-84.433 43.709
-84.244 43.595
-87.606 46.515
-87.419 46.252
-87.422 46.556
-87.515 46.604
-84.493 43.879
-85.262 43.574
-85.267 43.617
-85.145 43.597
-83.405 43.166
-83.331 43.042
-83.615 42.887
-83.660 43.031
-83.688 42.987
-83.720 43.002
-83.720 42.994
-83.712 43.014
-83.856 42.974
-83.834 42.953
-83.629 43.002
-83.624 43.087
-83.719 43.024
-83.597 43.040
-83.686 42.935
-83.646 42.997
-83.786 43.149
-83.600 42.300
-83.640 42.254
-83.755 42.285
-83.869 42.406
-83.622 42.239
-83.774 42.288
-83.694 42.311
-83.955 42.295
-83.581 42.265
-83.602 42.255
-84.311 43.590
-84.545 43.772
-84.263 43.612
-84.197 43.619
-87.409 46.551
-87.804 46.420
-84.327 43.871
-84.424 43.943
-84.227 44.123
-85.492 43.689
-85.145 43.510
-83.369 42.926
-83.270 43.118
-83.171 43.106
-83.738 42.994
-83.748 43.068
-83.732 43.038
-83.668 43.200
-83.517 43.015
-83.647 43.011
-83.846 43.057
-83.703 43.003
-83.721 42.922
-83.728 43.011
-83.546 43.012
-83.750 42.892
-83.720 43.086
-83.860 43.081
-83.862 42.268
-83.592 42.216
-83.629 42.128
-84.076 42.293
-83.716 42.273
-83.762 42.235
-83.568 42.258
-83.937 42.370
-83.717 42.311
-83.639 42.236
-87.687 46.628
-87.551 46.404
-88.002 46.655
-87.715 46.483
-84.478 43.983
-84.227 43.870
-84.480 43.877
-84.425 44.009
-83.397 42.988
-83.267 43.196
-83.295 43.280
-83.586 42.892
-83.673 43.160
-83.701 43.017
-83.719 43.055
-83.824 43.062
-83.795 43.109
-83.826 42.826
-83.904 43.199
-83.718 42.966
-83.724 43.097
-83.490 43.195
-83.562 43.032
-83.785 43.073
-83.722 43.039
-84.073 42.205
-83.615 42.397
-83.654 42.237
-83.744 42.273
-83.607 42.235
-83.677 42.286
-83.702 42.315
-83.743 42.278
-83.731 42.293
-83.708 42.251
-83.867 42.313
-83.673 42.249
-83.732 42.271
-84.429 43.575
-87.394 46.546
-87.680 46.361
-87.492 46.939
-87.608 46.718
-84.227 43.998
-84.497 43.985
-84.427 44.117
-83.124 42.932
-83.379 43.099
-83.635 43.068
-83.749 43.021
-83.637 42.975
-83.598 43.122
-83.766 43.022
-83.586 42.954
-83.749 43.201
-83.708 43.057
-83.703 43.044
-83.752 43.041
-83.698 42.990
-83.727 43.148
-83.635 43.110
-83.607 42.245
-83.839 42.192
-83.738 42.265
-83.760 42.304
-83.951 42.123
-83.947 42.408
-83.570 42.114
-83.630 42.243
-83.809 42.263
-83.711 42.380
-84.193 43.636
-84.437 43.666
-84.232 43.615
-87.923 46.377
-87.179 46.333
-87.477 46.064
-87.301 46.291
-87.307 46.083
-87.330 46.449
-84.547 43.944
-84.326 43.955
-83.304 43.002
-83.000 43.213
-83.019 42.938
-83.841 43.126
-83.724 42.791
-83.725 43.073
-83.726 43.064
-83.672 42.937
-83.633 42.923
-83.611 43.201
-83.709 43.081
-83.710 43.031
-83.672 42.973
-83.686 43.065
-83.673 43.025
-83.671 42.910
-83.659 42.928
-83.791 42.896
-83.841 42.961
-83.509 42.915
-83.542 43.039
-83.660 43.026
-83.792 43.192
-83.559 42.225
-83.954 42.209
-83.780 42.268
-83.746 42.271
-83.807 42.332
-83.670 42.232
-83.769 42.210
-83.654 42.251
-83.554 42.209
-83.562 42.240
-84.328 43.785
-84.291 43.653
-84.236 43.640
-84.200 43.714
-84.429 43.618
-87.419 46.530
-87.668 46.479
-84.547 43.858
-84.427 44.052
-84.327 44.040
-83.175 43.195
-83.428 42.925
-83.058 43.219
-83.692 43.030
-83.769 42.922
-83.519 43.151
-83.482 43.028
-83.583 42.987
-83.606 42.981
-83.524 43.038
-83.553 42.999
-83.715 43.048
-83.754 43.172
-83.785 42.835
-83.789 43.038
-83.725 43.018
-83.842 43.156
-83.833 43.082
-83.725 42.847
-83.860 43.063
-83.687 42.295
-83.633 42.420
-83.563 42.187
-84.035 42.149
-83.757 42.247
-83.627 42.256
-84.073 42.115
-84.177 43.625
-84.350 43.591
-84.222 43.644
-84.328 44.122
-84.547 44.032
-84.491 43.885
-84.425 43.857
-83.268 42.928
-83.178 43.282
-83.077 43.028
-83.744 43.026
-83.645 43.029
-83.860 43.027
-83.670 43.045
-83.835 43.103
-83.637 43.053
-83.595 43.095
-83.660 42.997
-83.664 42.968
-83.624 42.932
-83.611 42.919
-83.813 42.318
-83.790 42.279
-83.622 42.247
-83.774 42.279
-83.671 42.221
-83.692 42.251
-83.763 42.280
-83.696 42.265
-83.601 42.195
-84.427 43.770
-84.329 43.699
-84.222 43.634
-84.547 44.118
-83.435 43.101
-83.136 43.019
-83.195 43.018
-83.717 42.812
-83.747 42.831
-83.587 43.068
-83.643 43.046
-83.524 43.024
-83.606 42.953
-83.702 42.952
-83.894 43.110
-83.592 42.966
-83.755 42.996
-83.735 43.177
-83.701 42.975
-83.699 42.963
-83.540 42.976
-83.644 42.199
-83.682 42.091
-83.718 42.148
-83.725 42.240
-83.989 42.371
-83.738 42.296
-83.567 42.251
-84.250 43.641
-84.240 43.627
-84.216 43.654
-84.202 43.632
-83.402 43.022
-83.325 42.926
-83.078 42.931
-83.830 42.911
-83.808 42.970
-83.733 43.029
-83.687 42.970
-83.612 43.056
-83.883 42.803
-83.647 42.951
-83.601 42.927
-83.734 43.023
-83.721 43.030
-83.552 42.919
-83.889 42.913
-83.710 43.064
-83.662 43.002
-83.710 42.893
-83.561 42.270
-83.748 42.278
-83.737 42.271
-84.028 42.313
-83.706 42.203
-83.766 42.272
-83.628 42.230
-83.598 42.182
-84.548 43.597
-84.315 43.644
-84.214 43.620
-84.587 43.759
-83.320 43.057
-83.322 43.186
-83.184 42.930
-83.076 43.013
-83.670 43.007
-83.705 42.828
-83.662 42.986
-83.786 43.000
-83.595 43.021
-83.669 43.067
-83.700 43.071
-83.686 43.089
-83.738 42.969
-83.672 42.990
-83.845 43.069
-83.682 42.953
-83.701 42.119
-84.074 42.381
-83.773 42.262
-83.571 42.159
-83.709 42.231
-83.673 42.210
-83.746 42.285
-84.212 43.634
-84.262 43.706
-84.380 43.707
-85.475 43.693
-83.269 43.074
-83.343 43.055
-83.328 43.106
-83.753 43.012
-83.730 43.056
-83.626 43.037
-83.910 43.000
-83.549 43.193
-83.791 42.988
-83.696 43.010
-83.486 42.985
-83.842 43.003
-83.549 43.072
-83.512 43.025
-83.717 43.127
-83.744 43.090
-83.590 42.374
-83.723 42.292
-83.672 42.256
-83.775 42.406
-83.737 42.277
-83.878 42.331
-84.202 43.650
-84.330 43.525
-84.342 43.631
-85.475 43.711
-85.463 43.682
-85.146 43.683
-85.147 43.770
-85.486 43.705
-83.252 43.021
-83.304 43.052
-83.411 43.046
-83.699 42.789
-83.670 43.100
-83.512 43.037
-83.887 42.847
-83.790 42.818
-83.619 43.158
-83.691 43.012
-83.726 43.110
-83.586 42.927
-83.710 43.095
-83.787 42.964
-83.781 42.943
-83.659 43.036
-83.751 42.980
-83.728 42.280
-83.789 42.173
-83.694 42.281
-83.812 42.382
-83.600 42.208
-83.759 42.263
-83.722 42.329
-83.733 42.285
-84.207 43.598
-84.230 43.503
-84.228 43.784
-84.202 43.672
-85.688 42.721
-85.954 42.463
-85.570 42.734
-86.187 42.758
-86.156 42.727
-85.721 42.638
-86.184 42.548
-86.105 42.594
-86.154 42.488
-86.071 42.463
-85.763 42.625
-85.843 42.533
-85.641 42.672
-85.680 42.466
-86.087 42.749
-86.133 42.765
-85.957 42.637
-85.734 42.735
-85.603 42.487
-86.071 42.718
-85.720 42.572
-86.261 42.421
-85.620 42.721
-86.635 42.596
-85.639 42.537
-86.119 42.754
-86.108 42.765
-85.597 42.443
-86.073 42.550
-86.201 42.456
-85.600 42.635
-85.956 42.550
-86.175 42.634
-85.841 42.724
-86.208 42.641
-85.710 42.735
-85.864 42.557
-85.723 42.529
-85.741 42.465
-85.697 42.457
-85.762 42.720
-85.803 42.549
-85.857 42.522
-85.837 42.464
-86.205 42.657
-85.643 42.446
-85.958 42.725
-85.840 42.638
-85.602 42.552
-86.074 42.639
-86.187 42.706
-83.196 42.463
-83.231 42.664
-83.104 42.667
-83.464 42.445
-83.464 42.650
-83.139 42.629
-83.374 42.647
-83.431 42.573
-83.659 42.449
-83.138 42.486
-83.544 42.475
-83.510 42.542
-83.243 42.553
-83.218 42.598
-83.327 42.462
-83.506 42.517
-83.194 42.732
-83.392 42.480
-83.121 42.526
-83.099 42.571
-83.120 42.600
-83.157 42.449
-83.195 42.597
-83.245 42.783
-83.390 42.622
-83.275 42.561
-83.195 42.537
-83.445 42.463
-83.405 42.465
-83.365 42.798
-83.419 42.692
-83.376 42.586
-83.235 42.506
-83.342 42.781
-83.100 42.555
-83.109 42.470
-83.294 42.537
-83.332 42.551
-83.109 42.484
-83.144 42.681
-83.176 42.687
-83.452 42.519
-83.328 42.478
-83.609 42.592
-83.276 42.589
-83.144 42.454
-83.348 42.478
-83.372 42.632
-83.385 42.450
-83.191 42.639
-83.194 42.610
-83.195 42.492
-83.176 42.536
-83.365 42.765
-83.351 42.550
-83.312 42.551
-83.275 42.477
-83.318 42.673
-83.252 42.506
-83.230 42.455
-83.484 42.475
-83.480 42.634
-83.338 42.634
-83.585 42.689
-83.492 42.465
-83.229 42.726
-83.256 42.773
-83.508 42.639
-83.231 42.754
-83.276 42.628
-83.395 42.645
-83.172 42.458
-83.378 42.466
-83.660 42.830
-83.106 42.466
-83.542 42.761
-83.129 42.469
-83.190 42.628
-83.394 42.681
-83.354 42.664
-83.229 42.683
-83.223 42.489
-83.099 42.585
-83.428 42.816
-83.320 42.748
-83.161 42.689
-83.245 42.585
-83.495 42.557
-83.199 42.453
-83.146 42.473
-83.145 42.860
-83.189 42.527
-83.386 42.462
-83.409 42.520
-83.390 42.535
-83.237 42.513
-83.578 42.588
-83.537 42.586
-83.214 42.521
-83.295 42.754
-83.597 42.833
-83.481 42.817
-83.534 42.564
-83.159 42.610
-83.342 42.489
-83.398 42.768
-83.178 42.478
-83.443 42.851
-83.328 42.447
-83.127 42.485
-83.559 42.678
-83.281 42.618
-83.301 42.643
-83.508 42.584
-83.420 42.604
-83.271 42.675
-83.149 42.599
-83.198 42.760
-83.288 42.644
-83.155 42.516
-83.454 42.513
-83.242 42.616
-83.164 42.655
-83.493 42.685
-83.342 42.679
-83.547 42.539
-83.310 42.496
-83.168 42.469
-83.157 42.501
-83.507 42.471
-83.465 42.736
-83.540 42.817
-83.509 42.620
-83.408 42.505
-83.300 42.524
-83.503 42.856
-83.122 42.757
-83.493 42.448
-83.152 42.493
-83.593 42.597
-83.098 42.473
-83.434 42.519
-83.643 42.455
-83.370 42.549
-83.143 42.664
-83.537 42.604
-83.204 42.604
-83.210 42.536
-83.451 42.540
-83.545 42.718
-83.217 42.583
-83.303 42.563
-83.107 42.454
-83.227 42.614
-83.235 42.607
-83.152 42.537
-83.151 42.544
-83.479 42.754
-83.088 42.497
-83.307 42.449
-83.138 42.570
-83.247 42.569
-83.312 42.537
-83.259 42.679
-83.306 42.514
-83.533 42.447
-83.263 42.608
-83.174 42.498
-83.157 42.530
-83.484 42.554
-83.375 42.563
-83.340 42.591
-83.421 42.734
-83.174 42.472
-83.353 42.567
-83.230 42.792
-83.189 42.687
-83.462 42.581
-83.456 42.501
-83.255 42.498
-83.148 42.481
-83.308 42.586
-83.268 42.785
-83.456 42.637
-83.406 42.472
-83.415 42.678
-83.187 42.462
-83.301 42.653
-83.175 42.529
-83.457 42.562
-83.370 42.673
-83.102 42.522
-83.282 42.495
-83.300 42.490
-83.388 42.553
-83.470 42.620
-83.485 42.517
-83.101 42.616
-83.344 42.642
-83.369 42.741
-83.340 42.522
-83.093 42.459
-83.208 42.482
-83.216 42.477
-83.631 42.801
-83.525 42.476
-83.206 42.470
-83.276 42.697
-83.119 42.585
-83.351 42.540
-83.154 42.508
-83.363 42.782
-83.173 42.569
-83.267 42.494
-83.131 42.526
-83.270 42.483
-83.163 42.753
-83.180 42.702
-83.273 42.504
-83.316 42.843
-83.386 42.712
-83.230 42.466
-83.198 42.499
-83.254 42.523
-83.434 42.629
-83.204 42.702
-83.607 42.641
-83.139 42.585
-83.239 42.600
-83.538 42.670
-83.254 42.600
-83.427 42.555
-83.230 42.448
-83.483 42.541
-83.125 42.479
-83.256 42.822
-83.430 42.712
-83.120 42.488
-83.121 42.499
-83.112 42.538
-83.319 42.648
-83.154 42.577
-83.493 42.441
-83.576 42.641
-83.404 42.734
-83.367 42.460
-83.135 42.509
-83.114 42.683
-83.274 42.600
-83.292 42.619
-83.110 42.631
-83.599 42.506
-83.255 42.650
-83.159 42.470
-83.159 42.461
-83.192 42.717
-83.269 42.461
-83.204 42.691
-83.633 42.737
-83.210 42.553
-83.259 42.622
-83.291 42.680
-83.314 42.574
-83.307 42.621
-83.534 42.509
-83.197 42.561
-83.189 42.478
-83.348 42.713
-83.310 42.504
-83.329 42.503
-83.448 42.624
-83.229 42.775
-83.096 42.509
-83.527 42.532
-83.178 42.677
-83.187 42.470
-83.198 42.476
-83.596 42.477
-83.095 42.487
-83.413 42.592
-83.479 42.663
-83.656 42.641
-83.177 42.464
-83.176 42.552
-83.401 42.566
-83.330 42.574
-83.321 42.692
-83.161 42.480
-83.234 42.528
-83.654 42.500
-83.330 42.603
-83.504 42.778
-83.418 42.484
-83.092 42.502
-83.307 42.635
-83.369 42.505
-83.427 42.505
-83.101 42.501
-83.295 42.737
-83.119 42.728
-83.095 42.495
-83.115 42.456
-83.249 42.450
-83.418 42.460
-83.277 42.607
-83.344 42.698
-83.461 42.595
-83.359 42.463
-83.401 42.447
-83.600 42.581
-83.416 42.612
-83.216 42.627
-83.123 42.452
-83.239 42.611
-83.118 42.469
-83.129 42.461
-83.216 42.613
-83.215 42.462
-83.333 42.617
-83.403 42.695
-83.210 42.499
-83.492 42.586
-83.212 42.508
-83.227 42.554
-83.141 42.557
-83.120 42.512
-83.365 42.618
-83.264 42.642
-83.275 42.534
-83.296 42.809
-83.121 42.640
-83.197 42.470
-83.168 42.487
-83.123 42.648
-83.263 42.736
-83.370 42.853
-83.261 42.517
-83.361 42.696
-83.137 42.537
-83.388 42.504
-83.278 42.518
-83.316 42.659
-83.090 42.468
-83.337 42.657
-83.346 42.464
-83.369 42.718
-83.152 42.459
-83.415 42.665
-83.102 42.694
-83.173 42.515
-83.184 42.503
-83.190 42.702
-83.099 42.452
-83.135 42.516
-83.132 42.550
-83.545 42.632
-83.123 42.664
-83.339 42.738
-83.319 42.720
-83.155 42.786
-83.142 42.531
-83.668 42.741
-83.475 42.535
-83.278 42.648
-83.349 42.505
-83.393 42.726
-83.465 42.772
-83.271 42.468
-83.373 42.448
-83.491 42.722
-83.344 42.609
-83.128 42.705
-83.295 42.721
-83.593 42.592
-83.594 42.660
-83.370 42.521
-83.214 42.449
-83.191 42.653
-83.643 42.622
-83.648 42.659
-83.345 42.532
-83.405 42.631
-83.578 42.545
-83.227 42.510
-83.196 42.507
-83.198 42.523
-83.199 42.479
-83.427 42.865
-83.160 42.725
-83.141 42.678
-83.411 42.550
-83.294 42.634
-83.217 42.686
-83.591 42.745
-83.397 42.655
-83.197 42.584
-83.348 42.625
-83.274 42.659
-83.273 42.574
-83.465 42.460
-83.102 42.645
-83.373 42.664
-83.374 42.813
-83.344 42.579
-83.169 42.507
-83.424 42.447
-83.188 42.485
-83.120 42.820
-83.143 42.657
-83.230 42.697
-83.493 42.572
-83.244 42.482
-83.426 42.519
-83.100 42.544
-83.467 42.482
-83.409 42.712
-83.306 42.465
-83.230 42.641
-83.136 42.450
-83.286 42.667
-83.254 42.490
-83.104 42.523
-83.435 42.652
-83.659 42.471
-83.409 42.581
-83.294 42.552
-83.429 42.773
-83.112 42.496
-83.208 42.454
-83.175 42.492
-83.645 42.471
-83.267 42.451
-83.435 42.731
-83.220 42.540
-83.189 42.618
-83.419 42.638
-83.310 42.610
-83.303 42.596
-83.162 42.541
-83.444 42.456
-83.216 42.470
-83.210 42.492
-83.101 42.465
-83.390 42.546
-83.174 42.522
-83.229 42.476
-83.231 42.495
-83.243 42.496
-83.233 42.521
-83.219 42.528
-83.197 42.485
-83.127 42.687
-83.209 42.528
-83.141 42.687
-83.183 42.451
-83.409 42.534
-83.389 42.520
-83.444 42.446
-83.430 42.590
-83.251 42.856
-83.178 42.485
-83.601 42.447
-83.191 42.836
-83.319 42.632
-83.259 42.663
-83.240 42.804
-83.292 42.574
-83.110 42.502
-83.139 42.497
-83.280 42.637
-83.288 42.655
-83.272 42.545
-83.118 42.570
-83.524 42.547
-83.255 42.552
-83.168 42.483
-83.096 42.516
-83.302 42.479
-83.143 42.470
-83.644 42.587
-83.099 42.603
-83.216 42.566
-83.166 42.703
-83.358 42.649
-83.129 42.497
-83.204 42.544
-83.494 42.494
-83.215 42.513
-83.325 42.627
-83.196 42.670
-83.203 42.684
-83.102 42.597
-83.498 42.606
-83.495 42.455
-83.353 42.449
-83.205 42.463
-83.095 42.480
-83.616 42.797
-83.445 42.482
-83.149 42.618
-83.306 42.781
-83.144 42.464
-83.280 42.550
-83.192 42.456
-83.282 42.835
-83.305 42.664
-83.251 42.469
-83.231 42.627
-83.161 42.633
-83.151 42.523
-83.167 42.463
-83.483 42.457
-83.251 42.537
-83.163 42.674
-83.288 42.463
-83.383 42.696
-83.174 42.584
-83.463 42.607
-83.435 42.688
-83.371 42.536
-83.237 42.538
-83.232 42.547
-83.373 42.483
-83.377 42.606
-83.167 42.450
-83.288 42.450
-83.293 42.504
-83.309 42.680
-83.194 42.551
-83.243 42.627
-83.361 42.685
-83.192 42.565
-83.178 42.598
-83.429 42.534
-83.274 42.811
-83.142 42.644
-83.647 42.682
-83.193 42.514
-83.089 42.452
-83.120 42.615
