-94.675 43.544
-95.754 43.544
-96.592 46.413
-96.467 46.587
-95.035 43.718
-95.171 43.723
-95.035 43.804
-95.154 43.804
-94.915 43.805
-93.418 44.701
-96.466 46.413
-96.342 46.413
-95.274 43.805
-95.206 43.828
-94.987 43.638
-93.446 44.704
-93.486 44.794
-96.343 46.501
-96.286 46.473
-95.002 43.626
-95.000 43.616
-93.339 44.780
-93.335 44.756
-93.349 44.755
-93.346 44.737
-93.522 44.796
-96.342 46.326
-94.981 43.616
-95.155 43.631
-93.512 44.792
-93.496 44.784
-93.376 44.773
-93.513 44.776
-96.327 46.238
-96.312 46.277
-94.914 43.718
-95.395 43.630
-93.491 44.773
-93.487 44.754
-93.437 44.782
-93.366 44.743
-93.364 44.727
-95.395 43.544
-95.321 43.798
-95.286 43.711
-93.430 44.735
-93.403 44.741
-93.408 44.715
-95.171 43.684
-95.155 43.544
-95.275 43.631
-95.169 43.675
-95.035 43.544
-95.275 43.544
-95.317 43.739
-93.838 44.581
-93.764 44.619
-93.686 44.655
-93.711 44.583
-93.584 44.589
-94.914 43.544
-93.461 44.587
-93.464 44.667
-93.339 44.589
-96.466 46.326
-96.467 46.500
-93.359 44.674
-93.460 44.731
-93.382 44.751
-93.338 44.567
-93.578 44.551
-93.576 44.674
-96.593 46.587
-96.343 46.587
-93.538 44.795
-93.556 44.770
-96.327 46.152
-96.330 46.068
-96.483 46.153
-96.477 46.064
-96.550 46.237
-93.549 44.783
-93.509 44.740
-96.450 46.239
-96.486 46.185
-96.583 46.257
-93.579 44.740
-93.636 44.676
-96.591 46.272
-96.573 46.331
-96.582 46.276
-93.634 44.658
-93.534 44.776
-95.394 43.718
-96.405 46.098
-96.454 46.044
-96.306 46.038
-96.678 46.426
-96.696 46.503
-96.593 46.500
-96.709 46.590
-93.455 44.736
-93.410 44.728
-95.394 43.805
-94.914 43.631
-94.872 43.639
-95.041 43.631
-96.683 46.438
-96.737 46.563
-94.069 43.805
-94.018 43.768
-94.188 43.806
-92.509 43.631
-92.629 43.630
-92.509 43.711
-92.868 43.740
-92.630 43.718
-92.751 43.717
-94.568 45.629
-94.578 45.629
-94.572 45.542
-94.702 45.543
-94.706 45.628
-94.578 45.724
-94.449 45.631
-94.461 45.609
-94.212 45.570
-94.247 45.565
-92.985 44.153
-92.861 44.153
-92.739 44.152
-92.899 44.153
-92.851 44.029
-93.828 43.802
-93.900 43.766
-94.089 43.507
-93.949 43.543
-92.703 43.720
-92.748 43.805
-95.077 45.629
-95.078 45.723
-94.954 45.722
-94.450 45.724
-94.348 45.632
-94.394 45.580
-94.446 45.542
-95.069 45.455
-94.248 45.580
-94.173 45.577
-94.176 45.567
-94.166 45.543
-94.300 45.568
-94.240 45.606
-92.847 43.890
-92.754 44.066
-94.188 43.544
-93.926 43.585
-93.708 43.543
-92.706 43.660
-92.510 43.791
-92.570 43.706
-92.629 43.797
-92.990 43.805
-94.274 45.701
-95.000 45.451
-94.945 45.456
-94.311 45.721
-95.116 45.500
-95.069 45.543
-94.446 45.456
-94.716 45.729
-94.953 45.737
-94.832 45.523
-94.251 45.589
-94.323 45.421
-94.237 45.643
-93.674 43.605
-94.188 43.716
-93.711 43.537
-92.508 43.513
-92.640 43.558
-92.941 43.506
-94.947 45.542
-94.057 45.425
-94.429 45.458
-94.326 45.542
-94.825 45.456
-94.700 45.369
-94.573 45.370
-94.573 45.456
-94.445 45.370
-94.545 45.331
-94.287 45.542
-94.313 45.353
-94.107 45.397
-94.215 45.631
-94.216 45.643
-93.949 43.805
-93.827 43.841
-94.170 43.764
-92.480 43.776
-92.870 43.805
-92.830 43.605
-92.801 43.806
-92.875 43.820
-94.947 45.563
-94.192 45.358
-94.200 45.450
-94.667 45.503
-94.706 45.723
-94.859 45.601
-94.824 45.543
-94.738 45.458
-94.287 45.626
-94.689 45.663
-94.829 45.628
-94.953 45.629
-94.830 45.726
-94.813 45.676
-94.869 45.626
-94.472 45.730
-94.301 45.314
-94.612 45.689
-94.797 45.462
-94.688 45.455
-94.382 44.901
-94.220 45.581
-94.516 45.456
-94.215 45.621
-94.234 45.637
-94.208 45.602
-94.443 44.937
-94.441 44.846
-94.071 44.847
-94.071 44.761
-94.186 45.577
-94.146 45.491
-94.637 45.432
-94.753 45.631
-94.722 45.379
-94.246 45.526
-94.209 45.507
-94.324 45.463
-94.193 44.849
-94.075 44.934
-94.038 44.883
-94.311 44.846
-94.274 44.826
-94.285 45.496
-94.224 45.544
-94.170 45.551
-94.315 44.762
-94.351 44.732
-94.487 44.724
-93.948 43.630
-94.154 45.526
-94.158 45.557
-94.150 45.553
-94.436 44.762
-94.196 44.761
-94.158 44.765
-93.947 43.717
-94.068 43.717
-94.065 43.629
-92.750 43.543
-92.719 43.565
-94.157 45.550
-94.164 45.561
-94.183 45.560
-94.318 45.552
-94.182 45.552
-92.862 43.892
-94.163 44.775
-94.136 44.768
-94.140 44.777
-94.195 44.936
-94.111 43.644
-94.188 43.630
-94.092 43.642
-92.869 43.543
-92.751 43.629
-92.629 43.543
-92.996 43.669
-92.982 43.687
-92.992 43.722
-92.974 43.690
-92.964 43.676
-94.173 45.558
-94.155 45.542
-94.191 45.557
-92.862 43.979
-92.985 43.979
-94.315 44.938
-94.198 44.904
-94.106 43.630
-94.068 43.544
-92.984 43.652
-93.006 43.659
-92.992 43.623
-94.193 45.541
-94.203 45.550
-92.862 44.068
-92.985 43.892
-94.391 44.877
-93.828 43.543
-93.813 43.561
-93.828 43.717
-92.941 43.672
-92.870 43.631
-92.869 43.718
-94.227 45.558
-94.178 45.542
-93.043 43.867
-92.739 43.978
-92.758 44.031
-92.737 44.068
-92.740 44.034
-94.358 44.883
-94.040 44.772
-93.828 43.630
-93.708 43.630
-93.728 43.743
-92.990 43.544
-92.509 43.544
-94.188 45.568
-94.195 45.573
-92.739 43.892
-92.985 44.067
-92.998 44.045
-94.437 44.674
-94.315 44.674
-94.050 44.959
-93.707 43.716
-93.708 43.804
-95.351 46.760
-95.361 47.108
-94.185 46.362
-94.173 46.348
-94.168 46.374
-94.111 46.385
-94.192 46.573
-94.218 46.606
-94.221 46.674
-94.092 46.693
-94.080 46.589
-94.108 46.496
-94.204 46.500
-94.006 46.530
-94.300 46.439
-94.010 46.456
-96.113 46.847
-95.234 47.108
-95.226 46.761
-95.923 47.102
-93.947 46.488
-93.967 46.490
-96.130 47.021
-96.131 47.108
-96.000 47.108
-95.234 47.021
-95.353 46.806
-93.926 46.511
-93.998 46.481
-94.089 46.762
-92.766 45.512
-92.721 45.430
-92.835 45.431
-92.884 45.554
-92.853 45.337
-92.814 45.394
-92.848 45.387
-92.892 45.381
-92.974 45.335
-92.758 45.343
-92.959 45.428
-94.555 44.152
-94.679 44.152
-96.180 45.369
-96.172 45.262
-96.297 45.282
-96.163 45.232
-96.429 45.371
-96.431 45.456
-96.551 45.442
-96.000 47.021
-95.887 46.807
-94.139 46.735
-93.967 46.673
-94.251 46.200
-93.862 46.540
-94.125 46.287
-94.125 46.200
-94.298 46.500
-93.953 46.590
-93.082 45.601
-93.068 45.688
-94.799 44.152
-94.685 44.239
-94.925 44.239
-94.920 44.152
-94.903 44.111
-95.040 44.152
-94.806 44.239
-95.049 44.239
-96.111 46.934
-95.986 46.847
-95.981 46.863
-95.861 46.855
-95.985 46.761
-93.838 46.604
-93.841 46.673
-92.993 45.603
-92.753 45.390
-92.960 45.534
-92.929 45.689
-94.991 44.236
-94.971 44.238
-94.804 44.326
-94.847 44.283
-95.985 46.934
-95.702 46.728
-95.733 46.761
-93.900 46.473
-93.966 46.760
-93.840 46.760
-94.363 46.169
-92.994 45.382
-92.960 45.491
-94.459 44.292
-94.436 44.239
-94.429 44.152
-95.606 46.760
-95.865 46.754
-95.846 46.789
-95.820 46.797
-95.732 46.847
-94.312 46.762
-94.217 46.762
-92.966 45.688
-94.556 44.240
-96.431 45.542
-94.482 44.312
-96.306 45.455
-95.870 47.021
-95.912 46.982
-93.826 46.300
-93.874 46.200
-94.000 46.287
-94.309 46.682
-92.666 45.412
-92.986 45.338
-96.441 45.463
-94.438 44.297
-96.305 45.369
-96.449 45.318
-94.812 44.421
-94.836 44.355
-94.494 44.149
-94.566 44.327
-96.405 45.294
-94.688 44.352
-96.705 45.547
-96.555 45.543
-95.858 46.934
-95.868 47.108
-95.679 47.020
-94.016 46.506
-94.049 46.459
-92.958 45.572
-92.917 45.338
-92.909 45.760
-92.828 45.254
-94.730 44.298
-94.718 44.300
-94.475 44.332
-95.360 47.021
-95.352 46.934
-94.330 46.652
-94.000 46.200
-94.298 46.587
-94.100 46.652
-94.248 46.338
-94.259 46.361
-94.299 46.322
-96.672 45.460
-94.493 44.322
-95.225 46.935
-95.226 46.848
-94.305 46.358
-96.714 45.558
-94.455 44.311
-96.436 45.569
-96.306 45.542
-95.352 46.847
-95.477 46.934
-94.206 46.347
-94.462 44.304
-94.469 44.320
-96.294 45.572
-96.331 45.262
-96.438 45.299
-96.560 45.558
-96.112 46.761
-96.099 46.884
-95.890 46.819
-95.849 46.827
-94.219 46.328
-94.248 46.280
-94.344 46.219
-94.259 46.412
-94.178 46.421
-95.742 47.107
-95.615 47.108
-95.488 47.064
-94.000 46.374
-95.730 46.934
-95.604 46.890
-93.874 46.374
-93.871 46.459
-93.875 46.286
-94.217 46.370
-95.478 46.846
-95.478 46.760
-94.195 46.336
-94.201 46.363
-95.953 43.995
-95.884 43.979
-95.951 43.931
-96.005 43.892
-95.883 43.892
-95.643 44.065
-95.667 44.070
-95.522 44.065
-95.522 44.152
-95.883 44.153
-95.125 43.866
-95.110 43.880
-92.490 44.412
-92.511 44.372
-95.857 43.999
-95.642 44.152
-95.786 43.915
-95.763 44.152
-95.763 44.066
-95.764 43.978
-95.110 43.859
-94.919 43.891
-92.732 44.328
-92.731 44.413
-92.855 44.413
-92.729 44.507
-96.032 47.803
-96.003 47.817
-96.287 47.914
-95.884 44.066
-95.758 43.990
-95.548 44.054
-92.611 44.413
-92.489 44.498
-96.288 47.949
-96.418 47.949
-92.849 44.498
-96.160 47.949
-96.031 47.905
-95.902 47.906
-94.919 43.979
-94.927 43.941
-95.402 43.891
-95.319 44.040
-95.437 44.043
-92.897 44.504
-92.908 44.522
-96.160 47.890
-96.043 47.915
-92.980 44.486
-92.731 44.239
-95.774 47.906
-95.903 47.804
-96.244 47.868
-94.651 48.734
-92.856 44.240
-92.980 44.238
-96.160 47.803
-96.288 47.804
-96.154 44.677
-94.607 48.719
-94.725 48.604
-92.856 44.327
-92.978 44.414
-93.030 44.409
-92.611 44.500
-92.645 44.600
-95.851 47.839
-96.418 47.891
-96.032 44.674
-96.032 44.761
-96.053 44.717
-94.572 48.709
-94.497 48.664
-92.555 44.548
-92.289 44.465
-92.361 44.496
-96.263 47.886
-96.272 47.876
-96.271 44.720
-96.268 44.709
-96.277 44.673
-96.278 44.762
-95.787 44.761
-94.559 48.498
-95.033 48.543
-94.754 48.756
-92.416 44.552
-92.626 44.401
-92.610 44.326
-92.534 44.534
-96.280 47.886
-96.315 47.869
-95.808 44.791
-95.422 44.584
-95.411 44.622
-95.428 44.681
-94.901 48.734
-94.953 48.768
-94.884 48.776
-94.757 48.832
-92.506 44.548
-92.980 44.327
-92.986 44.273
-95.544 44.586
-96.395 44.762
-94.897 48.842
-94.978 49.100
-95.013 48.847
-95.088 48.798
-94.610 48.706
-95.195 44.056
-95.160 44.065
-95.401 44.066
-95.402 44.152
-92.678 44.296
-92.787 44.303
-92.663 44.291
-96.395 44.674
-95.787 44.848
-95.664 44.761
-95.160 43.978
-95.280 44.065
-92.607 44.242
-92.645 44.204
-95.788 44.674
-95.910 44.761
-95.665 44.848
-95.161 44.152
-95.281 43.891
-95.281 43.978
-95.402 43.978
-92.593 44.574
-92.557 44.563
-92.542 44.563
-92.726 44.614
-92.544 44.556
-95.551 44.811
-95.550 44.757
-95.666 44.674
-95.619 44.692
-95.717 44.748
-95.544 44.674
-95.643 43.979
-95.646 43.949
-95.522 43.891
-95.644 43.892
-95.522 43.978
-95.281 44.152
-95.040 43.891
-95.046 43.909
-95.040 43.978
-92.528 44.554
-92.530 44.545
-92.530 44.564
-95.910 44.674
-96.155 44.762
-96.169 44.642
-95.535 44.651
-95.763 43.891
-95.602 43.869
-96.004 44.066
-96.004 44.153
-96.005 43.979
-95.040 44.065
-94.920 44.064
-94.905 44.107
-95.166 43.894
-95.139 43.881
-92.511 44.565
-94.070 44.007
-93.954 44.219
-93.829 44.218
-91.675 43.726
-91.323 43.688
-95.432 44.934
-95.431 45.109
-93.291 45.877
-93.334 45.858
-93.327 45.774
-96.865 48.761
-96.999 48.760
-96.943 48.766
-96.046 48.139
-95.787 48.140
-92.994 45.046
-92.998 45.025
-93.026 45.003
-92.997 44.970
-93.034 44.921
-93.192 44.927
-96.179 45.455
-96.175 45.573
-92.787 46.113
-92.739 46.202
-92.782 46.189
-92.829 45.941
-92.959 45.943
-92.995 46.027
-92.926 46.012
-93.073 45.948
-94.189 43.891
-93.981 44.205
-91.281 43.700
-91.437 43.634
-91.425 43.708
-91.316 43.762
-95.432 45.021
-95.554 45.021
-95.553 45.108
-93.708 44.066
-93.708 44.154
-93.587 44.066
-93.175 45.732
-93.205 45.773
-95.903 47.992
-95.774 47.992
-95.787 48.064
-93.015 44.966
-93.014 44.973
-93.019 44.979
-93.015 44.954
-92.996 44.989
-93.194 44.915
-93.172 44.931
-93.168 44.917
-93.182 44.899
-95.915 45.578
-95.935 45.540
-95.894 45.584
-95.810 45.543
-92.741 46.027
-92.616 46.027
-92.668 45.953
-94.069 43.892
-93.859 44.082
-93.995 44.187
-93.954 44.178
-93.990 44.166
-91.322 43.607
-91.501 43.640
-91.501 43.629
-89.759 47.962
-90.246 47.563
-89.968 47.934
-90.156 47.923
-90.603 47.999
-90.298 47.766
-95.525 44.811
-95.532 44.846
-95.684 44.937
-95.554 44.934
-93.708 43.979
-93.467 44.153
-93.461 44.063
-93.452 45.776
-93.204 45.861
-95.646 47.978
-95.804 48.144
-92.993 44.961
-93.014 44.987
-92.995 44.940
-93.027 44.948
-93.190 44.977
-93.158 44.966
-93.198 44.950
-93.172 44.960
-93.172 44.951
-95.933 45.456
-95.942 45.717
-96.014 45.689
-96.071 45.718
-92.489 46.114
-92.360 46.114
-94.158 43.888
-94.068 43.978
-93.948 43.978
-95.359 47.545
-93.993 44.158
-91.551 43.544
-91.551 43.710
-91.302 43.536
-90.351 47.759
-90.463 47.750
-90.704 47.764
-95.675 45.021
-95.914 45.112
-95.309 45.022
-93.587 44.153
-93.587 43.892
-93.708 43.891
-93.587 43.979
-93.205 45.943
-93.242 46.115
-95.657 48.064
-93.010 44.946
-92.995 44.925
-92.994 44.905
-93.214 45.084
-93.226 45.113
-93.212 45.050
-93.077 45.107
-93.190 44.938
-93.175 44.944
-93.188 44.945
-93.185 44.934
-93.099 44.980
-93.135 44.972
-94.432 44.500
-94.310 44.499
-96.068 45.629
-96.192 45.716
-95.820 45.629
-92.402 46.230
-92.460 46.034
-93.949 44.066
-94.795 43.805
-94.674 43.805
-95.404 47.524
-95.240 47.456
-95.240 47.369
-95.233 47.282
-94.006 44.159
-93.959 44.149
-93.979 44.151
-94.002 44.148
-94.013 44.161
-91.431 43.544
-91.464 43.508
-90.832 47.774
-90.331 47.757
-90.585 47.773
-95.308 45.109
-95.468 44.905
-95.717 44.957
-93.466 43.892
-93.676 44.196
-93.711 44.121
-93.117 46.115
-93.244 46.027
-93.153 45.796
-96.031 47.992
-96.047 48.063
-96.305 48.141
-96.175 48.144
-96.142 48.063
-96.160 48.123
-93.127 45.039
-93.155 45.045
-93.068 45.071
-93.219 45.042
-93.215 45.064
-93.115 44.974
-93.099 44.970
-93.071 44.986
-93.116 44.968
-93.071 44.976
-93.036 44.981
-94.361 44.543
-94.315 44.587
-94.190 44.500
-94.072 44.586
-94.076 44.608
-93.952 44.587
-95.895 45.592
-95.947 45.632
-95.820 45.716
-92.981 46.115
-92.993 46.376
-93.828 43.978
-94.794 43.718
-94.308 43.804
-95.361 47.369
-95.387 47.717
-95.428 47.696
-93.963 44.161
-93.989 44.147
-94.032 44.161
-94.000 44.143
-91.350 43.760
-91.344 43.817
-91.446 43.787
-90.960 47.693
-95.713 44.941
-95.800 45.010
-93.494 43.894
-93.467 43.979
-93.512 44.092
-93.368 46.113
-93.423 45.830
-93.118 46.026
-93.175 45.915
-96.177 48.125
-96.187 48.127
-93.148 45.028
-93.147 44.999
-93.173 45.043
-93.134 45.086
-93.184 45.028
-93.196 45.063
-93.169 45.116
-93.044 45.107
-93.101 45.093
-93.133 45.072
-93.081 44.948
-93.083 44.980
-93.057 44.984
-93.051 44.973
-93.036 44.975
-94.070 44.500
-94.193 44.588
-94.072 44.674
-94.437 44.587
-94.563 44.586
-94.559 44.499
-94.212 44.556
-94.193 44.674
-93.836 44.646
-95.809 45.455
-95.796 45.498
-92.870 46.374
-92.942 46.362
-92.991 46.289
-92.993 46.202
-92.867 46.290
-93.082 45.943
-93.045 45.865
-92.741 46.288
-93.948 43.890
-94.309 44.065
-94.307 43.717
-95.533 47.879
-95.259 47.782
-95.259 47.717
-95.397 47.792
-95.490 47.543
-94.019 44.150
-93.921 44.219
-93.998 44.152
-94.034 44.141
-91.545 43.791
-91.571 43.760
-93.697 43.933
-93.518 44.081
-93.513 44.070
-96.188 48.120
-96.197 48.109
-93.170 45.058
-93.040 45.058
-93.167 45.086
-93.194 45.122
-93.111 44.959
-93.003 45.017
-93.127 45.028
-93.141 45.014
-93.038 44.968
-93.060 44.972
-93.069 44.967
-93.053 44.962
-93.035 44.965
-93.054 44.956
-93.036 44.960
-94.524 44.535
-94.564 44.673
-96.056 45.456
-95.917 45.595
-95.911 45.596
-92.668 46.281
-92.614 46.288
-92.489 46.288
-92.893 45.811
-92.616 46.201
-92.617 46.376
-94.309 44.152
-94.321 44.222
-94.192 44.156
-94.309 43.978
-94.308 43.630
-94.430 43.717
-94.349 43.693
-94.632 43.532
-95.363 47.630
-95.240 47.544
-95.361 47.457
-95.267 47.651
-95.241 47.630
-95.516 47.716
-95.490 47.630
-93.983 44.138
-93.831 43.849
-93.999 44.136
-93.955 43.926
-91.647 43.814
-93.490 44.088
-93.501 44.079
-93.499 44.069
-91.790 43.631
-91.910 43.631
-91.909 43.544
-92.028 43.629
-91.906 43.715
-91.910 43.804
-92.026 43.721
-92.030 43.805
-91.792 43.803
-92.269 43.544
-95.742 47.455
-95.742 47.368
-96.209 48.062
-95.658 48.140
-96.157 47.991
-96.165 48.111
-96.178 48.102
-93.194 44.984
-93.180 44.989
-93.218 45.116
-93.203 44.994
-93.082 45.054
-93.164 45.012
-93.131 44.984
-93.120 44.981
-93.142 44.983
-93.010 44.917
-93.067 44.954
-93.036 44.954
-93.015 44.960
-93.012 45.090
-94.005 44.680
-93.949 44.674
-93.909 44.528
-93.957 44.501
-95.892 45.574
-92.584 46.339
-92.825 45.868
-92.870 46.257
-93.120 45.871
-92.741 46.375
-92.423 46.374
-93.082 45.774
-94.795 43.544
-94.775 43.561
-94.308 43.544
-94.430 43.544
-94.674 43.718
-95.488 47.456
-95.512 47.739
-95.516 47.804
-93.783 44.008
-94.017 44.186
-94.166 43.963
-91.296 43.826
-91.308 43.836
-96.602 48.945
-96.471 48.848
-96.471 48.946
-96.997 48.847
-92.389 43.544
-92.389 43.631
-92.390 43.687
-92.269 43.631
-92.427 43.614
-92.149 43.544
-95.615 47.368
-95.742 47.281
-96.171 48.118
-96.175 48.111
-93.154 44.984
-93.162 44.981
-93.191 44.966
-93.162 44.994
-93.136 44.958
-93.136 44.965
-93.121 44.961
-93.152 44.959
-93.112 44.951
-93.131 44.954
-93.099 44.960
-93.162 44.959
-93.021 44.938
-93.132 45.052
-93.915 44.478
-94.232 44.673
-92.616 46.114
-92.863 46.201
-92.925 46.205
-94.794 43.631
-94.466 43.644
-94.483 43.644
-95.233 47.196
-95.488 47.281
-95.361 47.282
-91.315 43.815
-91.637 43.561
-96.997 48.945
-97.142 48.947
-93.832 44.848
-93.830 44.760
-93.707 44.762
-93.828 44.695
-93.793 44.769
-93.950 44.846
-92.150 43.630
-92.030 43.544
-91.930 43.530
-91.791 43.544
-92.150 43.717
-95.869 47.368
-96.001 47.456
-95.972 47.443
-96.254 43.888
-96.124 44.153
-93.031 45.078
-93.116 45.013
-93.019 45.047
-93.182 44.953
-93.103 44.946
-93.151 44.949
-93.162 44.948
-93.118 44.946
-93.136 44.943
-93.116 45.063
-93.131 45.111
-93.038 45.071
-92.995 45.078
-92.835 46.320
-92.970 45.834
-92.864 46.129
-94.189 43.979
-94.309 43.891
-94.471 43.615
-94.554 43.629
-94.486 43.666
-94.410 43.622
-94.460 43.652
-95.361 47.195
-95.260 47.530
-95.384 47.921
-93.951 44.935
-93.973 44.886
-93.890 44.887
-93.951 44.760
-93.604 44.873
-93.656 44.877
-93.610 44.835
-93.716 44.844
-93.710 44.693
-91.972 43.718
-92.148 43.802
-92.181 43.840
-92.269 43.804
-92.269 43.718
-95.869 47.456
-96.000 47.369
-95.869 47.281
-95.615 47.281
-96.124 44.066
-96.246 44.154
-93.189 45.009
-93.087 45.024
-93.098 45.016
-93.141 44.948
-93.145 44.936
-93.129 44.949
-93.121 44.943
-93.108 44.936
-93.155 44.929
-93.009 45.061
-93.000 45.111
-93.201 45.115
-92.824 46.387
-93.828 43.892
-94.454 43.635
-94.429 43.645
-94.438 43.664
-96.845 48.674
-93.628 44.791
-93.628 44.759
-93.964 44.733
-93.827 44.933
-93.920 44.772
-93.806 44.845
-93.784 44.838
-92.387 43.718
-92.266 43.709
-92.134 43.741
-92.008 43.554
-95.615 47.455
-95.742 47.194
-96.105 44.178
-96.380 44.154
-96.380 44.067
-93.096 44.999
-93.112 45.027
-93.078 45.031
-93.094 45.070
-93.125 44.939
-93.135 44.936
-93.141 44.924
-93.157 44.932
-93.159 44.938
-93.196 45.098
-93.217 45.100
-94.068 44.065
-93.950 44.142
-93.828 44.065
-93.827 44.152
-94.608 43.666
-94.674 43.630
-94.554 43.717
-94.716 43.761
-94.697 43.847
-96.452 48.587
-96.585 48.587
-96.517 48.578
-96.453 48.674
-96.844 48.587
-96.715 48.587
-96.976 48.587
-93.608 44.800
-93.533 44.883
-93.843 44.960
-93.660 44.853
-91.790 43.717
-91.923 43.734
-92.391 43.803
-95.940 47.184
-95.869 47.194
-96.418 47.992
-96.306 48.064
-96.123 43.979
-96.124 43.893
-96.246 43.980
-96.190 43.955
-96.097 44.011
-96.380 43.893
-93.057 45.044
-93.123 44.999
-93.043 45.016
-93.098 44.988
-93.116 44.988
-93.083 44.961
-93.124 44.932
-93.093 44.953
-93.083 44.969
-94.727 43.655
-94.430 43.803
-94.436 43.736
-96.732 48.847
-96.602 48.847
-96.898 48.576
-96.583 48.674
-96.601 48.761
-93.531 44.864
-93.543 44.858
-93.630 44.832
-96.976 48.674
-97.106 48.764
-96.597 48.660
-97.122 48.849
-96.734 48.761
-96.714 48.674
-97.095 48.921
-96.911 48.643
-95.921 45.104
-93.453 45.944
-91.768 43.520
-91.833 43.787
-92.083 43.672
-96.001 47.195
-96.001 47.281
-96.214 48.014
-96.152 48.111
-96.436 48.065
-96.397 43.853
-96.371 43.912
-96.130 43.875
-96.246 43.892
-93.048 44.996
-93.078 44.998
-93.083 44.988
-93.000 45.010
-93.030 44.988
-93.071 44.959
-93.156 44.901
-93.179 44.909
-93.133 44.918
-93.075 44.924
-93.884 44.162
-94.553 43.544
-94.437 43.828
-94.553 43.804
-93.816 44.205
-94.090 44.139
-96.865 48.945
-96.867 48.847
-96.802 48.858
-93.562 44.876
-93.545 44.823
-93.571 44.859
-96.664 48.732
-96.734 48.945
-97.075 48.675
-97.226 48.970
-97.095 48.585
-96.471 48.761
-95.797 45.108
-95.675 45.108
-95.794 45.024
-93.369 46.026
-93.328 45.943
-91.753 43.813
-95.967 47.314
-95.615 47.194
-96.288 47.992
-96.435 48.142
-96.247 44.066
-96.194 44.090
-96.384 43.979
-92.997 45.002
-93.072 45.005
-93.051 45.006
-93.093 44.934
-93.067 44.934
-93.166 44.906
-93.152 44.920
-93.107 44.924
-96.056 45.542
-96.051 45.575
-94.188 44.064
-94.219 44.105
-91.554 43.630
-91.671 43.630
-91.672 43.543
-93.582 44.800
-93.589 44.827
-95.308 44.934
-95.367 44.958
-93.454 45.864
-95.917 48.063
-95.917 48.139
-96.320 44.005
-96.305 43.988
-93.013 44.995
-93.043 44.989
-93.039 45.028
-93.007 45.029
-93.088 44.925
-93.172 44.938
-93.168 44.924
-93.182 44.920
-93.156 44.973
-96.192 45.629
-96.179 45.542
-92.864 46.028
-93.330 45.337
-93.402 45.216
-93.184 45.272
-93.235 45.325
-93.328 45.182
-93.329 45.193
-95.930 48.673
-96.339 48.761
-93.396 45.199
-93.412 45.206
-93.398 45.241
-93.382 45.188
-93.344 45.181
-93.356 45.183
-93.367 45.187
-93.328 45.171
-93.345 45.166
-93.408 45.444
-93.225 45.441
-93.195 45.515
-96.206 48.761
-96.207 48.849
-95.548 48.756
-93.376 45.194
-93.431 45.399
-93.271 45.401
-93.200 45.389
-93.149 45.138
-93.327 45.158
-93.290 45.185
-93.293 45.174
-93.081 45.442
-93.328 45.601
-95.539 48.670
-95.407 48.675
-93.173 45.132
-93.210 45.142
-93.285 45.147
-93.282 45.159
-93.306 45.171
-93.328 45.515
-93.242 45.562
-93.241 45.493
-93.450 45.515
-93.205 45.686
-93.171 45.722
-93.201 45.606
-93.450 45.602
-95.538 48.583
-95.669 48.673
-93.171 45.138
-93.170 45.168
-93.237 45.130
-93.132 45.135
-93.242 45.160
-93.305 45.148
-93.276 45.116
-93.306 45.162
-93.187 45.337
-93.451 45.689
-93.327 45.688
-93.082 45.514
-95.418 48.843
-95.549 48.843
-93.230 45.173
-93.258 45.133
-93.256 45.144
-93.259 45.116
-93.282 45.131
-93.253 45.087
-93.255 45.099
-93.272 45.099
-93.247 45.117
-93.316 45.417
-93.213 45.561
-95.401 48.941
-96.193 48.589
-96.323 48.588
-96.167 48.554
-96.323 48.675
-93.224 45.192
-93.188 45.204
-93.128 45.191
-93.165 45.153
-93.237 45.101
-93.264 45.080
-93.275 45.078
-93.239 45.088
-93.234 45.115
-95.942 48.946
-95.807 48.869
-95.942 48.848
-96.074 48.946
-95.680 48.848
-93.155 45.149
-93.249 45.172
-93.245 45.183
-93.253 45.191
-93.239 45.078
-93.215 45.280
-93.212 45.233
-95.618 48.946
-95.668 48.583
-96.184 48.700
-95.811 48.761
-95.800 48.673
-95.680 48.762
-93.827 44.324
-93.835 44.324
-93.254 45.158
-93.243 45.144
-93.263 45.159
-93.246 45.199
-93.061 45.194
-93.104 45.135
-93.471 45.237
-95.798 48.584
-95.928 48.586
-95.762 48.844
-95.329 48.919
-95.287 48.843
-93.830 44.260
-93.936 44.292
-93.829 44.413
-93.707 44.326
-93.711 44.244
-93.706 44.414
-93.927 44.241
-93.707 44.500
-93.585 44.499
-93.829 44.501
-93.678 44.207
-93.587 44.241
-93.251 45.206
-93.170 45.234
-93.261 45.178
-93.274 45.176
-93.466 45.280
-93.232 45.071
-93.131 45.166
-95.153 48.849
-95.101 48.807
-96.074 48.848
-96.292 48.918
-95.830 48.960
-93.626 44.493
-93.969 44.290
-93.918 44.405
-93.586 44.412
-93.572 44.538
-93.306 45.280
-93.373 45.276
-93.327 45.248
-93.270 45.156
-93.450 45.342
-93.050 45.138
-93.216 45.175
-93.186 45.183
-95.210 48.756
-93.732 44.386
-93.895 44.477
-93.580 44.445
-93.586 44.327
-93.574 44.224
-93.672 44.208
-93.367 45.242
-93.413 45.284
-93.368 45.339
-93.496 45.268
-93.094 45.162
-93.316 45.399
-93.290 45.344
-93.913 44.450
-93.574 44.316
-93.324 45.227
-93.340 45.216
-93.279 45.223
-93.318 45.204
-93.054 45.164
-93.253 45.042
-93.264 45.041
-93.274 45.055
-93.261 45.056
-93.253 45.057
-93.424 45.258
-93.415 45.236
-93.346 45.205
-93.370 45.211
-93.370 45.221
-93.349 45.225
-93.243 45.052
-93.242 45.040
-93.232 45.043
-93.250 45.054
-93.235 45.057
-93.252 45.069
-93.435 45.234
-93.304 45.221
-96.076 48.761
-93.286 45.248
-93.250 45.234
-93.274 45.198
-93.236 45.067
-93.081 45.370
-96.021 48.777
-96.060 48.587
-93.295 45.201
-93.250 45.277
-93.383 45.216
-93.081 45.269
-96.062 48.674
-96.194 48.674
-95.942 48.761
-95.069 45.105
-95.054 45.103
-96.768 48.190
-96.190 48.413
-95.027 45.111
-95.014 45.120
-95.038 45.117
-96.058 48.413
-96.059 48.500
-95.053 45.100
-95.179 44.848
-95.927 48.412
-96.171 48.328
-96.191 48.501
-95.927 48.499
-96.566 48.228
-96.435 48.229
-96.977 48.500
-97.094 48.501
-96.322 48.501
-96.321 48.413
-96.453 48.500
-95.917 48.324
-95.796 48.410
-95.787 48.324
-95.658 48.324
-95.787 48.227
-95.658 48.227
-95.185 45.196
-95.193 45.282
-95.193 45.370
-95.071 45.282
-96.173 48.229
-96.043 48.227
-96.046 48.325
-95.917 48.226
-96.303 48.230
-96.195 48.293
-96.435 48.327
-94.777 45.136
-94.820 45.109
-95.065 44.935
-95.023 44.943
-94.825 45.369
-94.948 45.369
-94.948 45.282
-95.070 45.369
-95.064 45.197
-95.071 45.103
-94.940 45.195
-95.051 45.136
-94.819 44.936
-94.942 44.936
-96.715 48.413
-96.697 48.326
-95.624 48.300
-96.303 48.326
-96.453 48.414
-94.880 44.946
-94.819 45.023
-95.187 44.935
-95.185 45.022
-96.584 48.413
-96.566 48.326
-96.696 48.228
-95.666 48.496
-95.236 45.018
-95.187 45.108
-94.941 45.110
-94.941 45.023
-96.827 48.326
-96.956 48.228
-96.998 48.193
-96.816 48.333
-95.667 48.409
-95.064 45.023
-94.818 45.196
-94.940 45.233
-96.846 48.500
-96.715 48.500
-95.796 48.497
-94.825 45.283
-95.187 44.935
-94.932 45.132
-95.175 45.146
-94.948 45.297
-95.240 45.347
-94.840 45.405
-95.032 45.123
-96.584 48.500
-97.092 48.412
-97.078 48.328
-96.977 48.413
-97.078 48.227
-96.770 48.200
-96.162 48.435
-96.845 48.412
-96.330 48.356
-95.060 45.129
-95.075 45.135
-95.084 45.117
-95.049 45.118
-96.957 48.326
-96.831 48.184
-96.827 48.239
-97.132 48.195
-96.877 48.452
-96.448 48.489
-96.407 48.218
-92.503 44.090
-92.523 44.088
-92.548 44.075
-93.514 47.414
-93.513 47.326
-94.354 47.803
-93.233 47.347
-93.268 47.300
-94.042 44.197
-92.481 44.025
-92.479 44.015
-93.387 47.414
-93.400 47.343
-93.429 47.300
-92.502 44.027
-92.449 43.993
-92.498 43.983
-92.471 43.977
-92.473 43.949
-93.469 47.262
-94.101 47.803
-94.192 47.504
-93.963 47.370
-93.843 47.351
-92.496 43.910
-92.498 44.037
-93.188 47.551
-93.428 47.501
-93.212 47.422
-93.411 47.585
-93.640 47.239
-93.743 47.264
-93.638 47.325
-93.644 47.411
-93.138 47.719
-93.464 47.747
-93.274 47.851
-93.686 47.771
-93.652 47.748
-93.674 47.679
-92.498 44.047
-92.519 44.060
-92.501 44.010
-92.527 44.035
-93.381 47.069
-93.385 47.153
-93.508 47.069
-92.529 44.027
-92.521 44.007
-92.467 44.025
-93.513 47.152
-93.382 47.238
-93.257 47.154
-93.403 47.296
-93.364 47.327
-92.465 44.015
-92.451 44.014
-92.440 44.025
-92.422 44.016
-93.838 47.456
-93.839 47.542
-92.435 44.006
-92.411 44.000
-92.474 44.038
-93.839 47.629
-93.677 47.590
-93.639 47.840
-93.676 47.500
-93.748 47.387
-92.466 44.031
-92.425 44.053
-92.445 44.068
-93.796 47.341
-93.785 47.320
-94.049 44.183
-94.077 44.223
-92.452 44.040
-92.441 44.034
-93.257 47.239
-93.130 47.196
-94.059 44.176
-94.049 44.169
-94.187 44.240
-94.064 44.300
-92.443 44.048
-92.451 44.057
-93.254 47.068
-93.266 47.137
-94.027 44.179
-94.016 44.196
-92.642 44.038
-92.467 44.092
-92.186 43.853
-92.134 43.970
-92.139 43.977
-92.138 43.891
-92.480 44.048
-92.466 44.051
-94.351 47.629
-94.098 47.629
-93.123 47.068
-93.129 47.327
-93.248 47.331
-93.518 47.234
-94.017 44.179
-94.431 44.392
-94.311 44.413
-94.310 44.346
-94.193 44.327
-94.330 44.288
-92.232 43.988
-92.260 43.977
-92.379 44.151
-92.374 44.067
-92.521 43.876
-92.616 44.067
-92.474 44.062
-92.489 44.056
-93.515 47.213
-93.510 47.260
-93.491 47.230
-93.553 47.259
-93.464 47.218
-93.541 47.214
-94.098 47.716
-93.294 47.328
-94.347 44.270
-94.190 44.413
-94.051 44.349
-94.393 44.447
-94.554 44.413
-94.036 44.415
-92.370 43.973
-92.401 44.012
-92.620 44.150
-92.259 43.891
-92.540 44.161
-92.494 44.150
-92.580 44.188
-92.378 43.891
-92.139 44.064
-92.494 44.065
-92.482 44.068
-92.480 44.075
-92.517 43.971
-93.269 47.320
-93.673 47.069
-93.678 47.155
-93.970 47.538
-94.188 44.274
-94.008 44.180
-94.009 44.171
-94.019 44.169
-92.476 44.001
-92.444 44.002
-92.618 43.892
-92.618 43.978
-92.489 43.860
-92.259 44.064
-94.223 47.629
-94.225 47.715
-93.970 47.630
-93.166 47.381
-93.083 47.400
-94.038 44.170
-94.030 44.189
-93.974 44.311
-92.467 43.992
-92.497 44.074
-92.423 43.985
-92.539 44.099
-92.545 44.043
-92.472 44.074
-94.354 47.716
-94.226 47.802
-93.970 47.716
-93.840 47.760
-93.972 47.804
-94.138 47.627
-93.971 44.339
-94.675 44.432
-93.952 44.342
-93.967 44.324
-94.067 44.179
-92.992 46.463
-93.001 46.635
-92.639 46.489
-94.267 47.875
-93.211 48.355
-93.367 48.459
-93.283 48.556
-93.179 48.576
-93.436 48.188
-92.770 44.913
-92.765 44.925
-92.908 44.888
-92.813 44.904
-92.997 44.882
-92.997 44.864
-92.973 44.902
-92.689 46.505
-92.359 46.461
-92.702 46.445
-92.742 46.549
-92.489 46.548
-93.418 48.331
-93.691 48.370
-92.820 44.971
-92.770 44.950
-92.795 45.032
-92.783 45.017
-92.818 45.010
-92.975 44.965
-92.972 44.980
-92.975 45.019
-93.000 46.723
-92.883 46.726
-93.007 46.672
-93.545 48.368
-93.219 48.091
-93.294 47.963
-93.767 47.928
-94.575 45.107
-92.901 44.975
-92.906 45.018
-92.952 44.981
-92.831 45.044
-92.836 45.070
-92.358 46.548
-92.423 46.660
-94.037 47.975
-94.170 48.285
-93.842 48.410
-93.693 48.461
-94.213 47.921
-94.696 45.109
-94.696 45.023
-92.833 45.032
-92.807 45.046
-92.968 45.046
-92.818 45.067
-92.948 44.935
-92.928 44.930
-92.390 46.668
-92.453 46.695
-92.529 46.726
-92.491 46.707
-92.456 46.718
-94.040 48.592
-93.861 48.583
-94.696 45.196
-94.682 45.148
-94.569 44.936
-94.520 44.943
-92.978 45.060
-92.823 44.811
-92.885 44.821
-92.936 44.905
-92.913 44.928
-92.954 44.898
-92.955 44.915
-92.916 44.912
-92.430 46.706
-92.440 46.719
-92.458 46.748
-92.360 46.715
-93.933 48.467
-93.360 48.588
-93.390 48.590
-93.409 48.584
-93.444 48.566
-94.569 45.023
-94.697 44.936
-94.440 45.023
-92.918 44.814
-92.954 44.791
-92.999 44.803
-92.983 44.833
-92.990 45.238
-92.929 45.236
-92.805 45.068
-92.812 45.056
-92.820 45.051
-92.618 46.723
-92.631 46.657
-92.873 46.680
-92.873 46.635
-92.865 46.462
-92.878 46.486
-92.763 46.445
-92.384 46.622
-92.352 46.615
-93.436 48.591
-93.561 48.463
-94.317 45.023
-94.317 45.111
-94.695 44.935
-92.973 44.819
-92.963 44.842
-92.964 44.855
-92.933 44.825
-92.852 45.046
-92.846 45.061
-92.947 44.958
-92.891 44.916
-92.489 46.461
-92.753 46.720
-95.832 46.064
-93.558 48.396
-93.347 48.612
-93.472 48.524
-95.454 45.892
-95.389 45.894
-95.310 45.893
-95.348 45.895
-94.442 45.110
-94.413 45.096
-94.506 45.125
-94.515 45.136
-92.947 44.829
-92.940 44.840
-92.915 44.829
-92.873 44.911
-92.883 44.896
-92.924 44.874
-95.816 46.093
-95.820 45.890
-95.895 45.912
-95.947 45.889
-96.192 45.892
-96.068 45.891
-94.240 48.608
-94.365 48.624
-95.356 45.883
-95.376 45.859
-94.440 45.196
-94.314 45.083
-94.319 45.218
-92.927 44.852
-92.914 44.839
-92.993 44.847
-92.997 44.824
-96.080 45.978
-96.068 45.803
-95.955 45.977
-95.978 45.990
-95.404 45.855
-95.324 45.802
-95.450 45.801
-95.334 45.977
-95.209 45.977
-95.265 45.887
-95.204 45.891
-95.209 46.064
-95.583 45.977
-94.573 45.282
-94.546 45.322
-94.568 45.196
-94.445 45.282
-92.965 45.072
-96.204 45.978
-95.595 45.966
-95.457 45.978
-95.572 45.890
-95.708 45.976
-95.583 46.064
-95.292 45.973
-95.334 46.064
-95.687 46.006
-95.696 45.890
-94.411 45.315
-94.311 45.196
-94.536 45.136
-94.519 45.116
-92.967 45.098
-92.909 45.083
-92.936 45.280
-93.002 45.283
-96.079 46.066
-95.832 45.977
-95.822 45.801
-95.788 45.834
-95.707 46.064
-95.357 45.789
-94.536 45.111
-94.702 45.283
-92.972 45.267
-92.937 45.152
-92.982 45.189
-96.194 45.803
-96.197 45.869
-96.141 45.810
-95.944 45.803
-95.495 45.939
-95.572 45.803
-95.696 45.804
-95.202 45.802
-93.001 45.142
-92.925 45.190
-92.831 45.163
-92.813 45.100
-96.204 46.065
-95.956 46.065
-96.101 46.036
-95.458 46.064
-95.697 45.778
-95.557 46.069
-95.293 46.046
-92.954 45.037
-93.001 44.839
-92.853 44.753
-92.891 44.939
-92.468 46.638
-93.797 48.123
-95.157 45.864
-95.355 45.864
-95.368 45.910
-92.955 45.009
-92.972 44.999
-92.761 44.948
-92.974 44.935
-92.618 46.613
-92.617 46.563
-92.751 46.632
-92.866 46.549
-92.992 46.550
-93.809 48.180
-94.354 47.890
-94.293 47.976
-94.159 47.889
-95.375 45.909
-92.839 44.896
-92.787 44.883
-92.814 44.936
-92.977 44.950
-92.969 44.957
-92.983 45.054
-92.957 45.054
-92.778 45.198
-94.132 45.563
-94.297 45.819
-94.150 45.564
-94.157 45.570
-94.085 45.571
-96.379 47.195
-96.379 47.282
-96.802 47.176
-96.516 47.456
-94.190 45.620
-94.170 45.605
-94.162 45.596
-96.500 47.195
-96.820 47.458
-96.259 47.259
-96.506 47.180
-94.184 45.606
-94.145 45.596
-94.139 45.611
-94.124 45.602
-94.131 45.567
-94.189 45.636
-96.500 47.281
-96.524 47.299
-96.509 47.299
-96.516 47.369
-96.644 47.368
-96.627 47.281
-96.765 47.281
-96.775 47.369
-96.644 47.456
-96.132 47.456
-96.131 47.369
-93.949 45.693
-93.947 45.780
-94.071 45.780
-93.949 45.736
-96.260 47.456
-96.258 47.195
-93.910 45.664
-93.946 45.604
-94.070 45.692
-93.823 45.692
-93.821 45.604
-94.215 45.788
-96.131 47.195
-96.131 47.282
-93.824 45.779
-96.258 47.282
-94.172 45.695
-94.232 45.753
-94.067 45.605
-96.259 47.369
-96.266 47.373
-96.784 47.455
-96.387 47.369
-94.143 45.572
-94.152 45.625
-94.157 45.583
-96.388 47.456
-96.825 47.351
-96.627 47.195
-96.810 47.264
-96.761 47.195
-94.967 46.325
-93.090 44.676
-92.974 44.586
-96.574 45.629
-96.934 47.978
-97.018 47.937
-97.021 47.945
-97.029 47.986
-92.974 44.673
-93.218 44.587
-93.222 44.509
-92.769 47.499
-92.719 47.517
-92.365 46.938
-92.114 46.784
-92.160 46.790
-92.132 46.798
-92.141 46.753
-92.270 46.721
-93.011 47.476
-92.968 47.405
-93.013 47.339
-92.945 47.425
-92.928 47.421
-92.935 47.409
-92.941 47.344
-92.918 47.404
-93.225 44.644
-93.191 44.679
-93.245 44.668
-93.130 44.508
-93.193 44.476
-93.002 44.609
-92.974 44.529
-92.933 44.604
-92.833 44.738
-92.879 44.735
-92.865 44.747
-93.053 44.843
-93.030 44.872
-93.032 44.890
-93.034 44.839
-93.272 44.689
-93.239 44.693
-93.272 44.703
-93.114 44.904
-93.122 44.882
-93.070 44.508
-93.020 44.526
-93.136 44.736
-93.054 44.909
-93.163 44.663
-92.886 44.726
-92.864 44.728
-94.958 46.238
-96.699 45.629
-96.801 45.626
-97.041 47.947
-95.643 47.805
-96.955 48.064
-97.056 48.070
-97.077 48.142
-96.676 47.891
-92.239 46.895
-92.113 46.897
-92.127 46.761
-92.166 46.831
-92.116 47.560
-92.492 46.982
-92.117 47.758
-92.767 44.683
-92.929 44.747
-92.863 44.716
-93.022 44.851
-93.044 44.827
-93.042 44.806
-93.071 44.893
-93.066 44.879
-93.064 44.866
-93.089 44.888
-93.131 44.909
-93.133 44.895
-93.161 44.887
-93.073 44.906
-93.073 44.916
-92.964 44.674
-93.089 44.918
-93.089 44.910
-93.087 44.900
-92.881 44.744
-93.152 44.721
-93.151 44.728
-93.208 44.723
-93.190 44.725
-93.215 44.752
-95.142 46.449
-95.118 46.446
-94.880 46.637
-95.655 44.414
-95.654 44.327
-95.084 46.237
-95.063 46.266
-96.320 45.891
-96.320 45.803
-96.515 47.630
-96.417 47.717
-92.762 47.870
-93.002 47.239
-92.998 47.112
-92.157 46.735
-92.210 46.826
-92.374 47.758
-92.835 48.065
-92.877 48.336
-92.776 48.195
-92.833 44.718
-93.101 44.914
-93.099 44.899
-93.270 44.642
-93.299 44.666
-93.222 44.686
-93.186 44.648
-93.154 44.680
-93.257 44.745
-93.264 44.725
-93.290 44.724
-93.303 44.749
-94.939 46.374
-94.967 46.413
-95.087 46.408
-94.848 46.675
-94.968 46.587
-94.975 46.674
-95.101 46.675
-95.088 46.629
-95.656 44.239
-95.776 44.327
-95.898 44.240
-95.871 44.233
-95.655 44.500
-95.085 46.150
-94.843 45.808
-94.964 45.814
-93.274 44.736
-96.320 45.716
-96.497 45.800
-96.449 45.716
-96.805 47.891
-96.955 48.141
-96.257 47.543
-96.290 47.534
-92.761 47.761
-92.631 47.759
-92.745 47.681
-92.811 47.153
-92.161 46.749
-92.178 46.751
-92.207 46.786
-92.210 46.684
-92.825 48.060
-93.056 44.896
-93.055 44.887
-94.967 46.499
-95.011 46.397
-95.101 46.763
-94.975 46.761
-95.101 46.747
-94.804 46.378
-95.149 46.433
-96.277 44.587
-95.772 44.407
-96.018 44.240
-96.019 44.327
-96.019 44.415
-95.947 44.320
-95.665 44.586
-95.672 44.611
-95.775 44.240
-95.761 44.214
-96.033 44.588
-94.829 45.890
-94.705 45.810
-94.833 46.063
-93.239 44.726
-93.243 44.744
-93.231 44.740
-93.227 44.723
-96.448 45.629
-96.573 45.716
-96.423 45.717
-96.803 47.717
-96.675 47.716
-96.678 47.805
-96.605 47.763
-96.387 47.543
-96.799 47.799
-95.756 47.584
-92.865 47.674
-92.890 47.763
-92.856 47.069
-92.747 47.414
-92.789 47.269
-92.867 47.336
-92.588 47.563
-92.624 47.414
-92.204 46.747
-92.253 46.665
-93.019 47.850
-92.406 47.509
-91.969 48.082
-94.836 46.505
-94.843 46.587
-94.843 46.419
-96.154 44.587
-96.140 44.501
-95.983 44.563
-96.019 44.501
-96.063 44.594
-95.802 44.455
-95.775 44.503
-95.898 44.501
-95.788 44.587
-95.765 44.449
-96.053 44.237
-94.865 46.081
-94.833 45.976
-94.710 45.977
-94.710 46.064
-94.705 45.890
-93.248 44.706
-93.228 44.710
-93.229 44.761
-96.320 45.629
-96.491 45.806
-96.546 47.717
-96.643 47.630
-96.791 47.632
-96.805 47.978
-96.131 47.543
-92.617 46.984
-92.618 46.898
-92.743 46.983
-92.561 47.451
-92.493 47.414
-92.620 47.285
-92.648 47.538
-92.608 47.419
-92.200 46.718
-91.918 46.811
-92.228 46.742
-91.800 47.928
-92.497 47.590
-94.849 46.761
-95.093 46.585
-95.093 46.500
-96.262 44.502
-96.139 44.417
-95.893 44.511
-95.910 44.587
-95.898 44.415
-95.787 44.431
-95.881 44.397
-95.896 44.327
-95.616 44.238
-95.084 45.976
-95.084 46.063
-93.246 44.768
-93.220 44.789
-93.200 44.782
-93.191 44.739
-93.214 44.734
-96.504 45.805
-96.480 45.979
-96.478 45.890
-96.328 45.977
-96.320 46.011
-96.688 45.701
-96.695 48.065
-96.825 48.065
-96.696 48.141
-96.004 47.542
-96.259 47.630
-91.984 47.155
-91.858 47.069
-91.856 47.155
-91.862 46.962
-92.367 47.328
-92.239 47.414
-92.688 47.840
-91.985 46.982
-92.493 47.328
-92.551 47.523
-92.492 47.068
-96.181 44.381
-96.264 44.330
-96.262 44.416
-96.388 44.415
-94.687 45.866
-94.959 46.151
-94.949 46.128
-95.034 46.164
-93.202 44.767
-93.198 44.752
-93.170 44.768
-96.833 45.595
-96.566 48.065
-96.677 47.978
-96.226 47.717
-96.387 47.630
-96.144 47.697
-95.623 47.768
-91.985 47.069
-92.626 47.675
-92.627 47.839
-92.430 47.241
-92.430 47.154
-92.621 47.153
-92.669 47.067
-92.869 46.983
-91.926 47.889
-91.852 47.905
-92.369 47.673
-92.497 47.673
-92.385 48.106
-93.062 48.095
-96.252 44.465
-96.256 44.240
-96.388 44.328
-94.834 46.151
-94.959 46.063
-93.174 44.755
-93.165 44.745
-93.133 44.758
-96.031 47.717
-95.902 47.717
-95.646 47.891
-95.698 47.783
-96.644 47.542
-92.503 47.758
-92.867 46.895
-92.744 46.854
-92.030 46.824
-91.978 46.855
-92.023 46.847
-92.048 46.852
-91.988 46.904
-92.243 47.672
-92.244 47.757
-93.031 48.457
-92.534 47.524
-92.548 47.514
-96.388 44.241
-96.395 44.587
-96.386 44.501
-94.719 46.321
-94.709 46.239
-94.709 46.151
-94.833 46.238
-94.844 46.323
-95.132 45.867
-95.077 45.890
-95.078 45.810
-94.749 45.824
-95.090 46.324
-93.177 44.783
-93.136 44.784
-93.166 44.728
-93.175 44.702
-93.189 44.714
-93.209 44.709
-96.003 47.628
-96.015 47.666
-96.131 47.629
-96.548 47.978
-96.547 47.891
-96.782 47.543
-96.817 47.528
-97.010 47.886
-95.875 47.543
-95.886 47.637
-92.618 46.811
-92.043 46.831
-92.066 46.809
-92.547 47.471
-92.523 47.470
-92.524 47.495
-92.240 47.531
-96.427 44.509
-96.140 44.239
-96.135 44.279
-94.960 45.976
-93.150 44.752
-93.139 44.725
-93.142 44.855
-96.515 47.543
-96.527 47.543
-95.747 47.542
-95.747 47.631
-95.875 47.630
-95.772 47.717
-95.644 47.717
-95.987 47.538
-93.050 44.746
-93.032 44.716
-92.855 44.586
-91.920 47.329
-91.920 47.242
-92.239 47.328
-92.083 46.811
-92.053 46.818
-92.083 46.850
-92.083 46.831
-92.462 47.491
-92.567 47.468
-96.140 44.329
-96.292 44.264
-94.953 45.889
-94.863 45.978
-94.799 46.359
-95.090 45.798
-94.645 45.912
-93.257 44.802
-93.205 44.834
-93.233 44.788
-96.566 48.141
-96.825 48.141
-96.922 47.808
-96.804 47.804
-96.895 47.723
-92.853 44.672
-92.819 44.599
-93.165 44.874
-93.125 44.868
-93.094 44.872
-93.046 44.858
-92.154 47.271
-92.112 47.430
-91.907 47.485
-92.239 47.111
-91.926 47.759
-91.946 47.645
-92.118 47.672
-92.746 47.555
-92.867 47.553
-92.857 47.432
-92.082 46.796
-92.073 46.800
-92.891 47.850
-92.892 47.936
-93.265 44.783
-93.283 44.768
-93.310 44.780
-93.296 44.766
-95.773 47.805
-96.812 47.609
-95.618 47.543
-95.619 47.630
-95.634 47.515
-93.135 44.840
-93.180 44.823
-93.177 44.840
-93.129 44.826
-93.157 44.826
-92.879 47.488
-92.943 47.452
-92.634 47.971
-92.102 46.807
-92.086 46.820
-92.120 46.832
-92.871 46.809
-92.919 46.917
-92.995 46.896
-93.319 44.755
-93.268 44.764
-93.247 44.781
-93.285 44.743
-96.587 47.785
-96.623 47.765
-93.083 44.849
-93.089 44.804
-92.765 47.957
-92.584 48.150
-92.231 48.111
-92.247 47.544
-92.323 47.555
-92.372 47.495
-92.368 47.415
-92.500 47.530
-92.381 47.589
-92.229 47.847
-92.093 46.804
-92.089 46.788
-92.056 46.741
-92.239 46.981
-92.112 47.025
-93.295 44.709
-93.315 44.730
-93.149 44.638
-96.602 47.771
-96.613 47.784
-93.200 44.819
-93.188 44.808
-93.213 44.797
-93.157 44.812
-93.197 44.798
-92.118 47.931
-92.104 47.845
-92.283 47.810
-92.101 46.768
-92.163 46.773
-93.018 47.763
-92.996 47.676
-92.999 47.588
-92.508 48.315
-92.393 47.889
-95.092 46.326
-93.095 44.586
-93.130 44.635
-96.602 47.791
-96.533 47.808
-96.411 47.801
-96.931 47.890
-96.998 47.913
-97.009 47.923
-93.112 44.802
-93.130 44.812
-93.156 44.798
-93.177 44.797
-93.131 44.800
-92.491 46.895
-92.492 46.809
-92.365 46.808
-92.602 46.865
-92.102 46.794
-92.114 46.800
-92.124 46.771
-92.994 46.983
-92.998 46.810
-92.270 46.808
-91.681 44.050
-91.638 44.045
-91.623 44.044
-94.727 47.193
-94.973 46.935
-94.974 46.849
-95.047 46.921
-95.100 46.848
-94.727 47.107
-94.757 47.215
-95.873 43.717
-95.993 43.717
-95.299 44.585
-95.329 44.607
-94.926 44.326
-95.675 45.195
-95.552 45.195
-95.984 46.673
-95.859 46.674
-96.277 46.475
-95.330 46.153
-96.086 46.570
-93.635 46.900
-93.368 46.289
-96.204 43.662
-96.223 43.655
-96.258 47.021
-96.718 46.826
-96.698 46.879
-96.611 46.847
-94.604 47.058
-94.457 46.588
-93.967 47.020
-94.095 47.022
-94.871 47.694
-94.741 47.716
-91.644 44.047
-91.626 44.052
-91.631 44.043
-91.615 44.044
-94.842 46.965
-95.073 46.914
-95.993 43.805
-95.948 43.749
-95.574 43.646
-95.047 44.326
-94.926 44.413
-95.431 45.195
-95.677 45.377
-95.809 45.369
-95.804 46.655
-95.844 46.586
-96.218 46.326
-95.574 46.599
-95.626 46.506
-95.872 46.287
-93.368 46.201
-93.241 46.202
-96.217 43.666
-96.075 43.644
-96.739 46.887
-96.239 46.848
-96.239 46.761
-96.237 46.934
-94.710 46.409
-94.212 46.988
-94.362 46.588
-94.600 47.280
-94.549 47.127
-93.838 47.020
-94.864 47.628
-94.992 47.629
-94.996 47.506
-95.048 46.900
-92.511 44.367
-95.167 44.326
-95.171 44.240
-95.130 44.210
-95.290 44.239
-95.810 45.282
-95.756 45.281
-93.226 43.979
-96.218 46.413
-95.585 46.237
-95.631 46.275
-93.380 46.725
-93.242 46.376
-96.192 43.618
-96.484 46.848
-96.730 46.762
-96.654 46.779
-96.500 47.109
-94.723 46.673
-94.724 46.760
-93.912 47.057
-93.838 47.107
-94.377 46.675
-94.633 46.342
-94.472 47.368
-94.607 47.455
-94.485 47.802
-92.491 44.325
-92.370 44.325
-92.426 44.285
-92.409 44.226
-92.509 44.239
-95.047 44.413
-95.055 44.380
-95.186 44.586
-95.213 44.598
-95.109 44.552
-95.087 44.566
-93.106 43.979
-93.106 44.066
-93.347 43.892
-95.708 46.151
-95.832 46.239
-95.217 46.326
-93.368 46.376
-93.495 46.290
-93.336 46.808
-93.396 46.813
-96.506 47.075
-96.500 47.021
-96.627 47.108
-94.717 46.587
-94.470 46.850
-94.515 46.821
-94.480 46.330
-93.966 47.108
-93.864 47.273
-94.427 47.785
-94.741 47.802
-94.740 47.626
-95.270 48.237
-91.895 44.063
-91.944 44.064
-91.358 43.912
-96.290 45.109
-96.298 45.198
-96.405 45.207
-96.168 45.132
-96.402 45.023
-96.290 45.023
-96.290 44.936
-93.204 44.428
-93.227 44.417
-93.151 44.440
-93.215 44.331
-92.540 44.274
-92.259 44.151
-92.247 44.125
-95.170 44.498
-95.310 44.655
-95.534 44.239
-95.533 44.327
-93.609 45.513
-93.546 45.515
-93.346 43.979
-93.297 43.872
-93.108 43.893
-95.957 46.152
-95.346 46.415
-95.162 46.431
-95.598 46.584
-95.606 46.672
-95.915 46.174
-93.634 46.725
-93.489 46.712
-96.379 47.108
-96.610 46.934
-94.384 46.745
-94.374 46.767
-94.472 46.762
-94.343 46.849
-94.398 46.722
-94.582 46.388
-94.717 46.499
-93.841 47.192
-94.585 47.089
-95.400 48.238
-95.119 47.456
-94.125 46.027
-94.177 45.948
-94.105 45.867
-91.422 43.890
-96.419 45.010
-96.442 45.068
-96.403 45.110
-93.342 44.414
-93.184 44.464
-92.250 44.237
-95.533 44.414
-95.411 44.326
-93.589 45.554
-93.603 45.422
-93.056 43.868
-93.226 43.892
-93.226 44.056
-93.223 44.133
-93.209 44.106
-96.080 46.152
-96.204 46.152
-96.083 46.234
-95.718 46.326
-95.594 46.499
-95.843 46.499
-95.720 46.586
-93.242 46.289
-93.275 46.242
-93.738 46.639
-93.116 46.202
-96.627 47.021
-96.756 47.109
-96.796 47.078
-96.757 47.020
-96.580 46.872
-96.259 46.978
-94.587 46.500
-94.167 47.347
-94.206 47.340
-93.839 46.846
-94.485 47.978
-94.445 47.944
-94.279 45.870
-94.297 45.945
-94.265 46.027
-94.366 46.057
-94.273 46.116
-94.345 45.995
-94.292 45.832
-94.388 45.807
-94.436 45.885
-94.408 45.819
-91.336 43.871
-91.311 43.850
-92.019 44.062
-92.018 44.086
-92.014 43.978
-96.403 44.936
-95.809 44.931
-95.920 44.935
-95.910 44.849
-96.032 44.849
-96.043 44.936
-96.284 45.136
-93.219 44.237
-92.137 44.149
-92.370 44.411
-91.353 47.374
-95.411 44.413
-95.290 44.413
-95.413 44.410
-93.696 45.516
-93.835 45.417
-93.874 45.381
-93.993 45.436
-93.944 45.516
-93.821 45.516
-93.226 44.107
-93.252 44.106
-93.346 44.153
-93.225 44.175
-95.719 46.412
-95.843 46.412
-95.719 46.499
-95.322 46.391
-95.470 46.412
-95.343 46.326
-95.718 46.553
-95.969 46.586
-93.750 46.550
-93.706 46.530
-93.623 46.550
-93.604 46.820
-93.749 46.461
-93.252 46.897
-93.253 46.983
-93.208 46.955
-93.737 46.900
-93.594 46.986
-95.193 45.456
-95.193 45.542
-96.258 47.109
-96.361 46.761
-96.237 46.674
-96.729 46.941
-93.966 46.847
-93.839 46.933
-94.468 46.937
-94.470 47.067
-94.488 48.062
-94.483 47.889
-95.130 47.521
-94.094 45.897
-93.949 45.867
-94.071 45.946
-94.125 46.113
-93.999 46.027
-94.101 45.978
-94.530 45.948
-94.588 45.981
-94.578 45.889
-92.020 44.150
-95.901 44.851
-95.931 45.021
-96.052 45.109
-96.043 45.022
-96.165 45.023
-96.049 44.929
-96.277 44.849
-93.256 44.290
-93.269 44.307
-93.296 44.313
-95.994 43.630
-95.933 43.633
-92.250 44.324
-92.359 44.258
-91.996 44.317
-91.301 47.255
-91.545 47.276
-91.508 47.689
-91.214 47.632
-91.241 47.343
-91.287 47.283
-95.094 44.540
-95.107 44.544
-95.046 44.502
-95.411 44.240
-93.696 45.429
-93.727 45.339
-93.604 45.300
-93.657 45.346
-93.346 44.066
-93.106 44.153
-93.248 44.169
-95.601 46.410
-95.968 46.413
-95.731 46.672
-96.094 46.588
-93.125 46.810
-93.127 46.723
-93.117 46.463
-95.316 45.542
-95.245 45.578
-96.759 46.899
-96.764 46.876
-94.346 47.023
-94.342 46.936
-95.130 47.717
-95.065 47.781
-95.003 47.872
-95.271 48.323
-94.856 47.893
-94.684 47.660
-94.581 46.064
-94.508 46.151
-94.449 46.062
-94.511 46.240
-94.501 46.089
-94.449 45.979
-94.551 45.808
-94.494 45.834
-91.780 43.890
-91.899 43.890
-92.019 43.890
-91.899 43.977
-91.723 44.074
-96.395 44.849
-96.166 44.936
-96.154 44.849
-96.171 45.164
-93.352 44.330
-93.096 44.419
-93.041 44.408
-93.464 44.327
-95.873 43.630
-95.633 43.544
-92.129 44.323
-92.130 44.237
-92.135 44.395
-91.267 47.304
-91.088 47.657
-91.432 47.996
-91.738 46.998
-91.663 47.022
-91.661 47.035
-91.725 47.412
-91.786 46.964
-95.289 44.500
-95.411 44.499
-95.268 44.231
-95.289 44.326
-93.602 45.360
-93.998 45.446
-94.070 45.513
-93.542 45.432
-93.595 45.320
-93.552 45.317
-93.208 44.083
-93.206 44.073
-93.228 44.075
-93.248 44.075
-95.966 46.327
-95.841 46.326
-95.957 46.239
-96.110 46.674
-95.832 46.151
-94.836 44.054
-94.799 44.065
-94.799 43.978
-94.429 43.891
-93.116 46.332
-93.242 46.462
-95.198 45.626
-95.133 45.509
-96.765 46.870
-96.730 46.867
-94.516 46.927
-94.216 46.935
-94.217 46.848
-94.092 46.891
-95.001 47.717
-94.725 47.883
-94.758 47.588
-94.488 48.193
-94.567 45.810
-94.483 45.922
-91.705 44.062
-91.688 44.081
-91.708 44.041
-91.743 44.082
-91.787 44.109
-91.780 43.977
-94.727 47.021
-94.728 47.001
-96.189 45.013
-93.464 44.414
-93.467 44.502
-93.277 44.276
-93.290 44.287
-95.689 43.506
-95.642 43.632
-95.516 43.544
-95.753 43.718
-95.752 43.805
-92.057 44.369
-92.015 44.368
-91.919 44.234
-91.673 47.023
-91.686 47.031
-91.733 47.101
-91.287 47.136
-93.719 45.196
-93.662 45.236
-93.620 45.266
-94.195 45.196
-94.074 45.195
-94.073 45.284
-93.949 45.239
-94.074 45.109
-94.120 45.260
-94.200 45.275
-93.818 45.198
-93.863 45.195
-93.877 45.158
-93.887 45.178
-93.955 45.173
-95.361 44.222
-95.553 44.418
-94.925 44.416
-95.168 44.413
-95.469 44.225
-94.932 44.491
-95.331 44.476
-94.094 45.544
-94.139 45.556
-93.596 45.448
-94.138 45.548
-93.194 44.098
-93.224 44.065
-93.215 44.095
-96.039 46.296
-96.097 46.335
-95.708 46.238
-95.583 46.151
-95.335 46.151
-95.209 46.151
-94.554 43.892
-93.117 46.550
-93.125 46.653
-93.127 46.635
-95.439 45.456
-96.758 46.862
-96.768 46.860
-96.774 46.856
-94.094 47.110
-94.224 47.111
-94.224 47.024
-94.365 47.129
-94.240 47.196
-94.092 47.197
-94.702 47.973
-94.841 48.095
-94.637 48.063
-94.902 47.481
-94.861 47.446
-94.830 47.477
-94.991 47.455
-94.889 47.497
-94.608 47.541
-94.480 47.455
-94.898 47.513
-95.270 48.050
-94.113 45.965
-93.873 46.027
-93.951 45.947
-93.995 46.113
-94.380 45.975
-94.038 46.119
-93.888 46.008
-93.830 45.946
-93.828 45.866
-91.660 43.890
-91.781 44.043
-91.770 44.027
-94.724 46.934
-93.288 44.272
-93.345 44.239
-95.874 43.806
-95.515 43.719
-95.465 43.697
-91.999 44.308
-92.374 44.222
-92.009 44.236
-92.281 44.439
-92.249 44.404
-93.802 45.121
-93.813 45.276
-93.952 45.112
-94.044 45.364
-94.044 45.410
-93.952 45.329
-94.195 45.111
-94.188 45.077
-94.195 45.022
-93.518 45.240
-93.792 45.038
-93.832 45.034
-93.952 45.019
-93.668 45.163
-94.065 45.063
-94.074 45.020
-95.534 44.500
-95.255 44.402
-95.414 44.507
-95.213 44.315
-93.599 45.437
-93.766 45.356
-93.733 45.325
-93.738 45.315
-93.609 45.312
-93.566 45.321
-93.532 45.288
-93.548 45.352
-93.732 45.362
-95.317 45.282
-95.307 45.196
-95.717 46.286
-95.218 46.586
-95.216 46.502
-95.208 46.239
-95.458 46.152
-95.511 46.125
-95.460 46.239
-94.429 43.978
-94.435 43.924
-94.794 43.958
-94.682 43.979
-93.251 46.639
-93.379 46.898
-93.253 46.810
-95.439 45.542
-95.562 45.542
-95.336 45.623
-95.696 45.716
-95.573 45.716
-95.448 45.716
-95.518 45.705
-95.574 45.630
-96.733 46.673
-96.757 46.838
-96.780 46.829
-94.124 47.168
-93.966 47.196
-94.597 46.761
-94.878 47.482
-94.860 47.544
-94.888 47.482
-94.994 47.546
-94.735 47.540
-94.735 47.453
-94.061 46.039
-93.874 46.113
-94.358 45.968
-91.440 43.963
-91.543 43.978
-94.854 47.021
-95.109 46.940
-95.107 47.022
-93.342 44.501
-93.422 44.478
-93.465 44.240
-93.445 44.225
-95.754 43.631
-95.799 43.620
-92.261 44.441
-92.276 44.450
-92.296 44.244
-91.878 44.199
-94.006 45.233
-93.919 45.072
-93.967 45.065
-93.798 45.298
-93.747 45.093
-94.217 45.293
-93.617 45.218
-93.701 45.145
-93.844 45.185
-93.924 45.052
-94.088 45.053
-95.919 45.195
-96.018 45.194
-96.056 45.283
-95.393 45.223
-95.911 45.244
-95.933 45.284
-95.344 46.586
-95.226 46.673
-95.234 46.470
-95.218 46.413
-96.093 46.413
-96.131 46.380
-96.093 46.500
-95.334 46.239
-96.097 46.484
-94.800 43.892
-94.553 43.979
-94.429 44.066
-94.554 44.065
-94.571 44.071
-94.679 43.892
-94.743 43.867
-93.369 46.462
-93.370 46.550
-93.380 46.638
-95.619 45.753
-95.562 45.456
-96.611 46.674
-96.610 46.761
-96.728 46.855
-96.710 46.838
-94.597 46.848
-94.588 46.587
-95.400 48.323
-95.529 48.324
-94.595 46.302
-94.644 46.334
-94.439 46.302
-91.540 43.890
-91.662 43.976
-91.640 44.019
-91.617 44.031
-91.868 43.983
-91.901 44.149
-95.108 47.109
-94.981 47.022
-94.724 46.848
-94.849 46.848
-93.102 44.326
-93.064 44.343
-93.158 44.466
-95.514 43.804
-95.467 43.844
-92.170 44.169
-92.169 44.161
-92.042 44.385
-95.562 45.369
-95.604 45.320
-95.932 45.369
-96.056 45.369
-95.320 45.192
-95.343 46.499
-96.204 46.238
-96.127 46.284
-95.969 46.499
-96.218 46.501
-96.058 46.303
-96.079 46.298
-94.420 44.048
-94.679 44.065
-94.699 43.852
-93.306 46.609
-93.243 46.550
-93.749 46.331
-93.622 46.461
-95.686 45.542
-95.316 45.456
-95.356 45.649
-95.397 45.660
-96.413 46.651
-96.414 46.656
-96.420 46.645
-96.485 46.675
-96.358 46.675
-96.259 47.078
-96.712 46.834
-94.598 46.674
-94.472 46.675
-94.608 47.366
-94.599 47.379
-93.966 46.934
-95.529 48.238
-95.049 48.346
-94.482 47.715
-94.481 47.629
-94.638 45.917
-91.866 44.191
-91.750 44.092
-91.819 44.100
-94.982 47.196
-94.982 47.109
-93.143 44.457
-93.173 44.468
-93.180 44.443
-95.633 43.718
-96.018 43.520
-95.577 43.621
-95.828 43.765
-95.615 43.609
-95.559 45.279
-95.686 45.282
-95.797 45.195
-96.027 45.204
-96.040 45.199
-95.469 45.260
-96.089 46.271
-96.107 46.295
-95.472 46.326
-94.620 43.984
-94.635 43.982
-93.634 46.639
-93.506 46.638
-93.507 46.725
-95.460 45.635
-95.326 45.716
-95.201 45.715
-95.686 45.456
-95.269 45.714
-95.429 45.651
-95.738 45.615
-95.696 45.629
-95.993 43.544
-96.234 43.807
-96.113 43.805
-96.114 43.717
-96.373 43.631
-96.362 43.613
-96.373 43.718
-96.484 46.761
-96.746 46.659
-96.318 46.877
-94.596 46.935
-94.356 46.406
-94.411 46.339
-94.480 47.542
-94.607 47.627
-94.548 47.726
-94.613 47.715
-95.120 47.630
-95.120 47.543
-92.059 43.969
-91.949 43.977
-91.680 44.034
-91.648 44.049
-94.855 47.108
-95.108 47.196
-94.850 46.934
-94.735 47.367
-94.727 47.280
-94.855 47.281
-94.863 47.367
-95.119 47.369
-93.161 44.449
-93.102 44.240
-93.172 44.459
-95.633 43.805
-95.482 43.826
-95.629 43.621
-95.616 43.618
-95.591 43.621
-95.609 45.311
-95.439 45.369
-95.686 45.369
-96.050 46.259
-96.057 46.280
-95.594 46.326
-95.442 46.323
-95.559 46.427
-93.496 46.550
-93.495 46.462
-95.533 45.612
-95.168 45.714
-96.373 43.544
-96.232 43.544
-96.250 43.632
-96.263 43.514
-96.372 43.805
-96.232 43.718
-96.197 43.774
-96.358 43.526
-96.403 43.846
-96.361 46.934
-96.365 46.846
-94.448 46.416
-94.455 46.500
-94.612 47.976
-91.652 44.051
-91.659 44.053
-91.670 44.051
-94.991 47.368
-95.108 47.282
-94.983 47.282
-94.855 47.195
-95.874 43.544
-95.512 43.630
-95.471 43.537
-95.603 43.624
-95.598 43.628
-95.588 43.629
-95.610 43.635
-95.317 45.369
-95.439 45.282
-95.479 46.673
-95.351 46.673
-95.470 46.586
-95.470 46.499
-95.372 46.521
-95.534 46.261
-96.218 46.587
-93.495 46.376
-93.255 46.724
-93.623 46.332
-93.637 46.987
-93.596 46.980
-96.113 43.544
-96.114 43.630
-96.073 43.754
-96.217 43.646
-96.484 46.934
-96.379 47.020
-94.361 46.500
-94.215 47.241
-94.434 47.206
-94.410 47.278
-94.601 47.193
-94.613 47.890
-94.613 47.802
-94.871 47.760
-93.229 43.717
-93.485 43.804
-93.246 43.650
-93.109 43.543
-93.163 43.563
-93.109 43.630
-93.451 43.725
-94.929 44.578
-94.813 44.586
-94.798 44.506
-95.048 44.595
-95.083 44.570
-95.170 44.669
-95.056 44.672
-93.109 43.717
-93.109 43.805
-94.985 44.553
-94.885 44.531
-93.423 43.561
-94.935 44.673
-94.935 44.759
-94.895 44.765
-94.935 44.848
-95.057 44.759
-94.998 44.777
-94.692 44.848
-94.564 44.849
-93.386 43.672
-94.563 44.761
-94.690 44.761
-94.813 44.848
-94.618 44.737
-94.690 44.586
-94.683 44.498
-93.375 43.674
-93.348 43.719
-93.353 43.669
-94.723 44.528
-95.177 44.759
-95.300 44.847
-95.057 44.848
-93.381 43.653
-93.394 43.646
-93.342 43.620
-93.341 43.653
-93.469 43.629
-93.348 43.626
-95.103 44.791
-95.295 44.738
-95.214 44.788
-95.422 44.847
-95.414 44.765
-93.229 43.629
-93.349 43.543
-94.713 44.742
-94.691 44.673
-93.588 43.717
-93.573 43.669
-93.589 43.629
-94.813 44.761
-94.813 44.673
-93.588 43.543
-93.469 43.717
-95.351 44.782
-93.349 43.805
-93.329 43.762
-93.229 43.804
-93.468 43.804
-93.588 43.804
-93.528 43.615
-93.469 43.543
-93.485 43.507
-93.564 43.766
-93.282 43.574
-93.227 43.542
-93.268 43.822
-93.205 43.760
-93.594 45.573
-93.651 45.701
-93.667 46.070
-93.522 46.120
-93.496 46.025
-93.620 46.159
-93.698 45.604
-93.710 45.732
-93.460 46.142
-93.497 46.108
-93.492 46.200
-93.704 45.866
-93.580 45.945
-93.621 46.025
-93.747 46.157
-93.748 46.026
-93.705 45.946
-93.580 45.865
-93.651 45.758
-93.704 45.781
-93.700 45.691
-93.571 45.606
-93.574 45.691
-93.553 45.784
-93.576 45.778
-93.415 44.902
-93.456 44.905
-93.467 44.931
-93.340 44.798
-93.358 44.819
-93.356 44.841
-93.268 44.952
-93.306 44.894
-93.297 44.902
-93.293 44.912
-93.302 44.922
-93.330 45.001
-93.314 45.001
-93.303 45.003
-93.297 45.005
-93.284 45.009
-93.285 45.018
-93.414 45.057
-93.411 45.039
-93.411 45.028
-93.438 45.055
-93.412 45.076
-93.425 45.074
-93.478 44.951
-93.471 44.970
-93.514 44.971
-93.315 44.801
-93.343 44.812
-93.336 44.823
-93.296 44.933
-93.280 44.941
-93.279 44.946
-93.288 44.942
-93.292 44.947
-93.295 44.941
-93.311 44.902
-93.290 45.029
-93.303 45.010
-93.313 45.015
-93.301 45.015
-93.301 45.020
-93.313 45.026
-93.303 45.031
-93.428 45.041
-93.426 45.015
-93.409 45.016
-93.412 44.993
-93.396 45.015
-93.381 45.014
-93.456 45.071
-93.583 45.089
-93.568 44.891
-93.391 44.913
-93.392 44.899
-93.356 44.914
-93.341 44.912
-93.500 44.949
-93.492 44.937
-93.505 44.933
-93.493 44.924
-93.341 44.836
-93.338 44.853
-93.319 44.857
-93.315 44.846
-93.315 44.909
-93.316 44.915
-93.321 44.922
-93.317 44.929
-93.290 45.039
-93.315 45.036
-93.290 45.047
-93.309 45.045
-93.325 45.029
-93.362 45.013
-93.359 44.998
-93.372 44.992
-93.390 45.002
-93.648 45.155
-93.727 45.087
-93.688 45.100
-93.661 45.009
-93.334 44.923
-93.339 44.901
-93.340 44.893
-93.324 44.897
-93.324 44.879
-93.340 44.882
-93.480 44.923
-93.469 44.912
-93.477 44.904
-93.312 44.833
-93.318 44.821
-93.319 44.940
-93.306 44.944
-93.293 44.952
-93.282 44.951
-93.276 44.957
-93.285 44.957
-93.291 44.959
-93.327 45.013
-93.342 45.024
-93.342 45.034
-93.329 45.051
-93.420 44.999
-93.379 45.017
-93.359 44.978
-93.387 44.983
-93.708 45.022
-93.748 44.905
-93.721 44.927
-93.341 44.873
-93.323 44.866
-93.339 44.867
-93.361 44.870
-93.489 44.906
-93.512 44.919
-93.502 44.901
-93.316 44.813
-93.298 44.814
-93.277 44.813
-93.299 44.956
-93.322 44.957
-93.310 44.950
-93.299 45.056
-93.301 45.069
-93.301 45.082
-93.358 45.157
-93.373 45.170
-93.404 45.165
-93.682 44.958
-93.678 44.928
-93.676 44.940
-93.659 44.931
-93.654 44.944
-93.359 44.882
-93.382 44.869
-93.516 44.903
-93.508 44.885
-93.510 44.874
-93.285 44.820
-93.252 44.822
-93.227 44.848
-93.258 44.841
-93.308 44.961
-93.294 44.966
-93.277 44.964
-93.284 44.967
-93.336 45.081
-93.328 45.070
-93.336 45.065
-93.286 45.095
-93.405 45.186
-93.449 45.187
-93.495 45.223
-93.497 45.177
-93.644 44.924
-93.632 44.937
-93.623 44.913
-93.623 44.900
-93.590 44.915
-93.556 44.928
-93.553 44.896
-93.386 44.882
-93.355 44.901
-93.370 44.893
-93.489 44.868
-93.482 44.885
-93.258 44.855
-93.278 44.855
-93.299 44.855
-93.283 44.844
-93.287 44.834
-93.269 44.833
-93.312 44.972
-93.282 44.971
-93.272 44.972
-93.236 44.958
-93.248 44.955
-93.299 45.091
-93.316 45.095
-93.309 45.104
-93.297 45.113
-93.543 45.199
-93.561 45.185
-93.589 45.185
-93.536 44.909
-93.552 44.909
-93.371 44.910
-93.361 44.929
-93.385 44.938
-93.470 44.879
-93.456 44.880
-93.307 44.885
-93.314 44.871
-93.304 44.871
-93.287 44.871
-93.281 44.885
-93.257 44.956
-93.261 44.961
-93.249 44.961
-93.258 44.964
-93.242 44.966
-93.235 44.967
-93.332 45.093
-93.331 45.104
-93.346 45.097
-93.323 45.114
-93.584 45.132
-93.509 45.135
-93.567 44.901
-93.589 44.939
-93.585 44.933
-93.376 44.943
-93.365 44.945
-93.355 44.944
-93.344 44.926
-93.338 44.938
-93.470 44.852
-93.501 44.856
-93.503 44.841
-93.257 44.885
-93.272 44.875
-93.265 44.870
-93.253 44.871
-93.216 44.882
-93.214 44.899
-93.250 44.969
-93.261 44.969
-93.257 44.976
-93.244 44.975
-93.321 45.118
-93.321 45.128
-93.479 45.137
-93.447 45.143
-93.422 45.135
-93.633 44.958
-93.581 44.962
-93.589 44.989
-93.569 44.984
-93.530 44.922
-93.517 44.937
-93.514 44.950
-93.341 44.946
-93.338 44.950
-93.364 44.954
-93.387 44.949
-93.352 44.955
-93.443 44.858
-93.452 44.840
-93.234 44.901
-93.236 44.910
-93.214 44.906
-93.216 44.912
-93.273 44.980
-93.256 44.987
-93.244 44.986
-93.238 44.983
-93.233 44.976
-93.324 45.140
-93.349 45.136
-93.409 45.146
-93.424 45.103
-93.436 44.986
-93.470 44.988
-93.492 44.987
-93.512 44.988
-93.379 44.957
-93.365 44.965
-93.385 44.965
-93.343 44.961
-93.444 44.876
-93.490 44.822
-93.442 44.815
-93.411 44.818
-93.411 44.829
-93.205 44.913
-93.209 44.921
-93.234 44.920
-93.235 44.928
-93.226 44.970
-93.215 44.961
-93.217 44.972
-93.219 44.984
-93.274 44.989
-93.378 45.131
-93.346 45.116
-93.399 45.118
-93.410 45.129
-93.448 45.127
-93.441 45.120
-93.514 45.004
-93.499 45.008
-93.401 44.966
-93.388 44.925
-93.398 44.932
-93.413 44.938
-93.426 44.837
-93.415 44.850
-93.211 44.927
-93.214 44.933
-93.209 44.943
-93.223 44.938
-93.238 44.936
-93.221 44.996
-93.231 45.006
-93.216 45.016
-93.234 45.011
-93.237 45.016
-93.388 45.094
-93.351 45.104
-93.367 45.105
-93.367 45.098
-93.450 45.111
-93.467 45.116
-93.481 45.002
-93.454 45.011
-93.485 45.018
-93.407 44.913
-93.419 44.919
-93.413 44.925
-93.417 44.877
-93.516 44.862
-93.373 44.858
-93.266 44.896
-93.285 44.895
-93.280 44.901
-93.267 44.906
-93.248 44.995
-93.250 45.002
-93.266 44.995
-93.267 45.005
-93.255 45.016
-93.355 45.091
-93.364 45.084
-93.360 45.072
-93.380 45.070
-93.392 45.075
-93.491 45.118
-93.509 45.100
-93.493 45.101
-93.514 45.020
-93.507 45.030
-93.503 45.054
-93.495 45.040
-93.420 44.946
-93.412 44.955
-93.415 44.968
-93.385 44.844
-93.393 44.830
-93.254 44.906
-93.256 44.918
-93.269 44.918
-93.281 44.910
-93.283 44.921
-93.269 45.020
-93.237 45.022
-93.218 45.030
-93.237 45.031
-93.263 45.031
-93.350 45.058
-93.369 45.058
-93.366 45.045
-93.354 45.043
-93.479 45.097
-93.501 45.075
-93.466 45.055
-93.467 45.037
-93.445 45.038
-93.472 45.027
-93.432 44.961
-93.435 44.938
-93.451 44.957
-93.389 44.817
-93.388 44.803
-93.255 44.926
-93.255 44.931
-93.269 44.929
-93.251 44.937
-93.259 44.937
-93.269 44.937
-93.284 44.930
-93.279 44.931
-93.271 44.944
-93.298 44.981
-93.281 44.991
-93.296 44.988
-93.291 44.996
-93.351 45.024
-93.365 45.027
-93.381 45.016
-93.375 45.035
-93.380 45.052
-93.472 45.083
-93.461 45.092
-93.555 45.047
-93.596 45.026
-93.635 45.055
-93.266 44.957
-93.512 44.897
-93.445 44.975
-93.442 44.931
-93.439 44.923
-93.436 44.905
-93.367 44.797
-93.371 44.827
-93.260 44.944
-93.251 44.944
-93.241 44.944
-93.233 44.948
-93.222 44.947
-93.218 44.955
-93.253 44.950
-93.284 45.003
-93.304 44.994
-93.313 44.989
-93.336 44.977
-93.339 44.997
-93.385 45.035
-93.396 45.041
-93.395 45.054
-93.393 45.062
-93.379 45.061
-93.396 45.028
-93.453 45.083
-93.438 45.081
