-94.559 36.962
-91.985 38.063
-92.130 38.043
-91.711 39.909
-91.534 39.883
-91.737 39.838
-91.450 39.818
-91.456 39.790
-91.745 39.734
-91.569 39.775
-91.453 39.736
-91.564 39.719
-91.394 39.737
-91.418 39.704
-91.409 39.725
-91.372 39.720
-91.421 39.706
-94.289 40.521
-94.375 40.521
-94.568 40.527
-94.460 40.515
-91.397 39.714
-91.343 39.695
-94.651 39.682
-94.443 39.705
-94.544 40.429
-94.423 40.428
-94.290 40.428
-91.376 39.711
-91.398 39.708
-91.371 39.707
-91.593 37.223
-91.366 39.698
-91.379 39.702
-91.733 39.661
-91.444 37.354
-91.256 37.330
-91.307 37.179
-91.433 37.081
-91.268 37.005
-91.602 37.001
-91.497 36.983
-91.416 36.964
-91.580 36.921
-94.272 39.695
-94.542 39.627
-94.423 39.587
-94.282 39.586
-94.538 39.499
-94.416 39.492
-94.284 39.492
-91.738 38.224
-91.935 38.205
-92.114 38.225
-92.110 38.116
-91.847 38.103
-91.763 38.104
-91.677 38.103
-89.717 36.369
-89.624 36.364
-89.858 36.354
-89.824 36.332
-89.921 36.278
-89.673 36.282
-89.835 36.278
-89.738 36.242
-89.771 36.239
-89.906 36.201
-89.763 36.212
-89.851 36.175
-89.668 36.186
-89.713 36.146
-89.897 36.107
-89.816 36.088
-89.696 36.084
-89.744 36.053
-92.561 37.410
-92.345 37.395
-89.900 36.033
-89.812 36.028
-92.609 37.305
-92.472 37.302
-92.329 37.228
-92.518 37.218
-92.563 37.130
-92.331 37.105
-94.351 38.710
-94.453 38.702
-94.464 38.725
-93.820 37.077
-94.646 39.257
-94.625 39.234
-94.859 39.366
-94.731 39.457
-94.726 39.508
-94.645 39.368
-94.622 39.192
-94.983 39.476
-94.639 39.231
-95.010 39.498
-94.565 38.703
-94.344 38.790
-94.374 38.827
-93.859 37.060
-93.996 37.032
-94.615 39.201
-94.645 39.297
-94.700 39.328
-94.815 39.500
-94.196 38.562
-94.432 38.787
-93.721 37.018
-93.646 36.996
-93.891 37.018
-93.814 36.971
-94.001 36.960
-93.911 36.956
-94.696 39.237
-94.854 39.427
-94.933 39.429
-94.482 38.827
-94.462 38.800
-94.471 38.800
-94.447 38.820
-94.929 39.493
-94.632 39.502
-94.651 39.240
-94.856 39.317
-94.687 39.226
-94.782 39.249
-93.703 36.951
-93.739 36.951
-94.624 39.218
-94.605 39.184
-94.728 39.208
-94.433 38.790
-94.555 38.837
-94.584 38.795
-93.712 39.039
-93.721 39.115
-93.551 39.079
-93.691 38.973
-94.665 39.222
-94.668 39.233
-94.723 39.200
-94.873 39.493
-94.768 39.359
-94.666 39.215
-94.652 39.229
-94.679 39.260
-94.645 39.432
-94.534 38.740
-94.504 38.836
-94.501 38.821
-94.285 38.510
-94.071 39.040
-93.562 38.973
-93.639 39.119
-93.664 39.194
-94.633 39.172
-94.747 39.410
-94.784 39.325
-94.734 39.365
-94.644 39.201
-94.723 39.270
-94.812 39.395
-94.566 38.830
-94.539 38.830
-93.877 38.981
-94.070 38.959
-93.985 38.970
-93.841 39.144
-91.710 40.542
-91.883 40.520
-91.700 40.426
-91.555 40.352
-91.897 40.349
-91.768 40.429
-91.473 40.347
-91.779 40.320
-94.539 38.801
-94.555 38.808
-94.513 38.800
-93.880 39.185
-93.868 39.177
-91.670 40.273
-94.520 38.824
-94.522 38.773
-93.831 39.047
-93.985 39.036
-94.067 39.108
-93.989 38.956
-93.538 39.193
-94.483 38.784
-94.360 38.515
-94.454 38.518
-94.561 38.520
-93.990 39.131
-94.577 38.618
-94.497 38.615
-94.111 38.508
-94.370 38.608
-94.330 38.655
-90.895 38.991
-90.984 39.083
-90.897 39.051
-94.344 38.669
-94.360 38.642
-94.339 38.636
-94.241 38.587
-90.790 39.169
-90.786 39.173
-90.840 38.940
-90.767 39.069
-91.122 38.982
-94.238 38.661
-94.154 38.585
-91.125 39.182
-91.097 39.091
-90.925 38.940
-90.956 38.923
-90.902 39.152
-90.730 38.943
-91.208 39.088
-91.006 39.140
-94.005 37.233
-94.155 38.654
-94.179 38.768
-94.204 38.503
-94.268 38.806
-90.971 38.988
-90.987 38.976
-90.970 38.962
-91.013 39.007
-91.223 39.019
-93.906 37.232
-93.802 37.230
-93.677 37.228
-93.985 37.127
-93.820 37.141
-94.616 39.251
-94.252 38.797
-94.271 38.783
-94.263 38.764
-91.014 39.195
-90.759 38.992
-91.038 38.891
-93.662 37.121
-93.757 37.081
-92.961 38.972
-92.753 38.962
-92.603 38.938
-92.824 38.957
-92.786 38.919
-92.760 38.895
-92.703 38.852
-92.807 38.762
-92.982 38.732
-92.943 38.849
-92.628 38.793
-92.269 38.772
-92.404 38.909
-92.446 38.920
-92.468 38.954
-92.263 39.127
-92.288 39.004
-92.273 38.998
-92.275 38.974
-92.310 38.957
-92.271 38.954
-92.256 38.975
-92.306 39.021
-92.247 38.995
-93.168 36.670
-93.253 36.696
-92.846 36.560
-95.648 40.526
-95.510 40.440
-95.317 40.530
-95.320 40.437
-95.594 40.369
-95.322 40.328
-93.214 36.774
-92.340 38.919
-92.359 38.886
-92.380 38.896
-92.345 38.907
-93.163 36.705
-93.288 36.622
-93.030 36.756
-92.369 38.918
-92.354 38.921
-92.431 39.152
-92.290 39.203
-92.155 39.196
-92.145 39.205
-92.132 39.203
-92.362 38.898
-92.345 38.897
-92.132 39.216
-92.370 39.086
-92.323 39.081
-92.176 39.105
-92.249 39.049
-92.529 38.991
-92.476 39.020
-92.403 38.893
-92.385 38.931
-90.587 37.761
-90.629 37.771
-90.569 37.902
-90.558 37.967
-90.387 37.753
-90.526 37.882
-90.550 37.869
-90.512 37.878
-90.488 37.706
-90.400 37.810
-90.434 37.800
-90.451 37.777
-92.329 38.956
-92.327 38.949
-92.350 38.955
-92.359 38.912
-92.315 38.946
-92.317 38.933
-90.414 37.778
-90.619 37.847
-90.600 37.681
-90.356 37.679
-92.338 38.961
-92.331 38.945
-92.360 38.960
-92.301 38.941
-92.283 38.905
-92.310 38.910
-91.726 37.694
-91.385 37.708
-91.586 37.651
-91.419 37.647
-91.675 37.509
-91.478 37.519
-91.319 37.461
-90.472 37.836
-90.586 37.850
-90.248 37.693
-90.467 37.858
-90.503 37.812
-90.518 37.860
-90.545 37.814
-90.433 37.965
-90.616 37.909
-92.349 38.963
-92.324 38.965
-92.326 38.940
-92.419 39.034
-92.413 38.951
-92.330 38.932
-92.326 38.912
-92.273 38.932
-90.629 38.043
-92.353 39.009
-92.236 38.982
-92.178 39.012
-92.202 38.921
-92.336 38.846
-92.417 38.865
-92.224 38.880
-92.208 38.830
-92.342 38.977
-92.310 38.921
-92.581 39.069
-93.279 36.751
-93.276 36.618
-92.314 38.983
-92.316 38.989
-92.912 36.738
-93.271 36.659
-93.227 36.667
-92.814 36.738
-93.095 36.652
-92.370 38.979
-92.368 38.960
-92.254 38.765
-92.384 38.940
-92.402 38.949
-92.368 38.944
-92.897 36.648
-93.000 36.565
-93.108 36.753
-93.252 36.595
-93.183 36.566
-93.261 36.534
-93.110 36.560
-93.025 36.666
-92.333 38.984
-92.341 38.970
-92.312 39.005
-92.338 38.995
-92.358 38.949
-92.359 38.937
-92.340 38.947
-92.386 38.938
-92.314 38.975
-92.390 38.963
-92.267 38.797
-92.286 38.733
-92.311 38.694
-92.373 38.928
-92.348 38.948
-92.377 38.950
-92.414 38.927
-93.172 36.716
-92.221 38.954
-92.268 38.939
-92.390 38.952
-92.345 38.934
-92.394 38.926
-94.970 40.086
-94.843 40.098
-94.734 40.064
-94.645 40.085
-94.828 40.038
-94.944 40.005
-94.654 40.005
-94.799 39.972
-94.850 39.981
-94.735 39.932
-94.926 39.911
-94.649 39.923
-94.858 39.928
-94.804 39.924
-94.803 39.871
-94.847 39.849
-94.731 39.852
-94.651 39.848
-94.825 39.828
-94.810 39.823
-89.980 37.882
-90.049 37.819
-90.138 37.845
-90.303 37.811
-90.179 37.750
-94.791 39.769
-94.767 39.769
-94.740 39.664
-94.932 39.589
-94.817 39.657
-94.789 39.572
-94.653 39.579
-95.024 39.598
-94.691 39.780
-94.751 39.721
-94.828 39.796
-94.837 39.783
-91.578 38.101
-91.693 38.019
-91.779 38.013
-91.883 38.004
-91.598 38.004
-94.871 39.787
-94.848 39.771
-94.829 39.776
-91.548 38.010
-91.610 38.009
-90.035 37.070
-89.896 37.081
-89.818 37.005
-94.827 39.756
-94.850 39.761
-94.819 39.765
-94.898 39.774
-91.632 38.001
-91.604 37.999
-91.997 37.945
-92.877 37.004
-89.916 37.103
-90.025 36.980
-90.157 36.931
-89.938 36.886
-90.159 36.951
-89.753 36.848
-89.930 36.892
-89.932 36.882
-94.838 39.740
-94.821 39.749
-91.626 37.990
-91.739 37.968
-91.681 37.960
-91.782 37.958
-91.922 37.923
-92.795 37.025
-92.687 37.023
-92.578 37.022
-90.137 36.810
-89.861 36.803
-90.000 36.772
-89.976 36.802
-89.944 36.786
-94.812 39.750
-94.861 39.728
-94.930 39.696
-91.764 37.954
-91.832 37.941
-92.470 37.019
-92.361 37.018
-92.252 37.016
-89.972 36.788
-89.810 36.693
-90.095 36.724
-90.016 36.672
-89.972 36.672
-91.581 37.876
-91.780 37.935
-91.899 37.949
-92.144 37.014
-92.797 36.938
-92.679 36.967
-92.580 36.934
-93.467 38.008
-93.389 37.989
-93.201 38.023
-93.341 37.942
-93.293 37.935
-93.161 37.942
-93.519 37.869
-93.422 37.858
-93.311 37.850
-93.223 37.844
-91.749 37.943
-91.871 37.943
-91.753 37.927
-94.149 39.744
-93.955 39.743
-93.815 39.742
-94.066 39.742
-94.151 39.614
-93.815 39.612
-93.927 39.656
-94.039 39.655
-92.472 36.932
-92.364 36.931
-92.255 36.929
-91.893 37.936
-91.691 37.906
-91.803 37.901
-91.509 36.822
-91.328 36.806
-91.183 36.779
-91.323 36.698
-91.600 36.715
-91.463 36.691
-93.927 39.569
-94.040 39.569
-94.263 39.790
-92.146 36.926
-92.693 36.925
-92.880 36.874
-91.897 37.918
-91.902 37.916
-91.981 37.837
-91.900 37.835
-91.201 36.665
-91.620 36.615
-91.513 36.580
-91.378 36.596
-91.238 36.580
-91.154 36.555
-92.800 36.850
-92.691 36.848
-92.583 36.847
-91.803 37.834
-91.692 37.835
-91.895 37.709
-91.985 37.657
-91.868 37.706
-91.868 37.699
-91.386 36.527
-91.259 36.521
-91.576 36.517
-92.475 36.845
-92.366 36.843
-92.257 36.841
-92.149 36.839
-94.848 39.809
-94.856 39.790
-94.866 39.685
-94.842 39.714
-94.815 39.812
-90.302 38.048
-90.243 38.003
-90.138 37.962
-90.041 37.955
-94.816 39.783
-94.787 39.799
-90.047 37.987
-90.049 37.965
-90.236 37.899
-90.373 37.879
-94.802 39.733
-94.774 39.737
-94.429 37.242
-94.566 37.300
-94.557 37.204
-94.533 37.157
-94.433 37.138
-94.344 37.248
-94.113 37.202
-94.372 37.178
-92.089 38.435
-94.328 37.170
-94.301 37.158
-94.315 37.152
-94.228 37.215
-92.689 36.707
-92.542 36.718
-92.400 36.758
-92.224 36.726
-92.426 36.605
-92.183 36.573
-92.270 36.603
-92.671 36.563
-91.891 38.413
-91.693 38.414
-94.301 37.172
-94.309 37.189
-92.323 36.537
-92.552 36.517
-92.063 38.348
-91.742 38.336
-92.147 38.336
-91.911 38.332
-91.999 38.323
-94.233 37.103
-92.720 40.528
-92.805 40.530
-94.470 37.179
-94.424 37.093
-94.322 37.103
-94.339 37.326
-92.919 40.530
-93.033 40.529
-93.147 40.527
-93.289 40.526
-94.463 37.216
-94.450 37.308
-94.512 37.097
-94.541 37.090
-94.521 37.083
-94.584 37.078
-92.772 40.406
-92.912 40.429
-93.026 40.429
-94.122 37.124
-94.447 37.073
-94.111 37.075
-94.523 37.069
-94.493 37.130
-94.507 37.058
-93.140 40.429
-93.282 40.428
-94.243 37.166
-94.008 37.805
-93.971 37.858
-93.875 37.841
-93.763 37.793
-93.681 37.724
-93.849 37.724
-94.008 37.667
-93.839 37.632
-93.679 37.633
-94.538 37.066
-94.482 37.075
-94.504 37.067
-94.448 37.062
-94.457 37.099
-94.536 37.128
-94.473 37.157
-91.781 40.203
-91.560 40.175
-91.867 40.101
-91.700 40.100
-94.471 37.130
-94.379 37.105
-91.915 40.117
-91.547 40.016
-91.501 40.047
-91.869 39.999
-91.701 39.998
-91.715 40.009
-95.128 40.515
-94.980 40.524
-94.821 40.539
-94.684 40.499
-94.833 40.467
-95.017 40.436
-95.086 40.366
-94.920 40.390
-94.816 40.388
-94.682 40.364
-94.591 37.131
-94.451 37.009
-94.882 40.343
-94.818 40.309
-94.923 40.309
-95.075 40.290
-94.677 40.260
-94.999 40.198
-94.884 40.204
-94.791 40.196
-94.676 40.172
-91.005 37.008
-92.784 39.454
-92.659 39.549
-92.583 39.578
-92.474 39.577
-92.352 39.565
-92.429 39.511
-92.554 39.483
-91.153 36.948
-90.814 36.995
-90.774 36.910
-92.359 39.460
-92.660 39.460
-92.458 39.446
-92.565 39.400
-92.405 39.406
-92.651 39.381
-92.414 39.335
-92.630 39.332
-92.519 39.316
-92.349 39.289
-91.747 38.650
-91.889 38.590
-91.689 38.596
-91.830 38.596
-91.003 36.876
-90.827 36.877
-90.799 36.834
-94.486 37.090
-94.504 37.076
-94.426 37.169
-94.178 37.301
-91.960 38.564
-91.791 38.517
-91.684 38.534
-91.939 38.507
-91.691 38.471
-91.985 38.422
-91.801 38.430
-90.213 38.674
-90.226 38.662
-90.230 38.662
-90.237 38.656
-90.252 38.667
-90.264 38.598
-90.264 38.543
-90.243 38.645
-90.260 38.668
-90.261 38.661
-90.251 38.652
-90.253 38.580
-90.252 38.586
-90.245 38.572
-93.827 40.478
-93.946 40.523
-94.031 40.472
-94.164 40.434
-90.238 38.664
-90.255 38.663
-90.245 38.670
-90.247 38.662
-90.258 38.565
-90.263 38.554
-90.251 38.552
-90.262 38.654
-90.242 38.618
-90.225 38.648
-90.234 38.616
-90.272 38.662
-90.267 38.665
-90.287 38.652
-90.292 38.660
-93.934 40.359
-90.194 38.635
-90.196 38.638
-90.204 38.657
-90.190 38.650
-90.242 38.563
-90.284 38.557
-90.233 38.629
-90.235 38.621
-90.227 38.637
-90.241 38.651
-90.285 38.663
-90.279 38.658
-90.260 38.698
-94.054 40.309
-93.821 40.293
-94.160 40.216
-93.993 40.221
-93.877 40.170
-90.203 38.644
-90.212 38.644
-90.226 38.652
-90.274 38.559
-90.285 38.566
-90.275 38.566
-90.237 38.638
-90.230 38.643
-90.219 38.644
-90.238 38.584
-90.252 38.703
-90.250 38.697
-90.258 38.704
-90.254 38.692
-90.212 38.653
-90.228 38.608
-90.235 38.613
-90.288 38.574
-90.291 38.570
-90.300 38.570
-90.235 38.594
-90.237 38.590
-90.225 38.588
-90.254 38.710
-90.250 38.712
-90.240 38.706
-92.206 39.910
-91.972 39.897
-92.239 39.735
-90.233 38.607
-90.226 38.620
-90.215 38.630
-90.279 38.578
-90.265 38.571
-90.253 38.570
-90.229 38.596
-90.233 38.669
-90.225 38.667
-90.219 38.680
-90.260 38.642
-90.282 38.640
-90.301 38.632
-90.298 38.657
-92.069 39.821
-91.871 39.805
-91.914 39.727
-92.113 39.720
-92.006 39.711
-90.216 38.617
-90.236 38.603
-90.208 38.620
-90.218 38.638
-90.270 38.569
-90.264 38.579
-90.263 38.575
-90.227 38.675
-90.232 38.679
-90.235 38.682
-90.241 38.674
-90.304 38.639
-90.296 38.649
-90.298 38.653
-90.257 38.645
-90.281 38.648
-90.225 38.609
-90.217 38.609
-90.226 38.609
-90.280 38.587
-90.269 38.582
-90.275 38.584
-90.272 38.589
-90.270 38.674
-90.274 38.681
-90.260 38.648
-90.189 38.629
-90.202 38.618
-90.267 38.592
-90.261 38.581
-90.263 38.587
-90.247 38.596
-90.248 38.601
-90.262 38.689
-90.278 38.669
-90.254 38.680
-90.197 38.608
-90.183 38.641
-90.255 38.600
-90.248 38.588
-90.256 38.593
-90.290 38.667
-90.284 38.671
-90.300 38.606
-90.510 37.278
-90.426 37.276
-90.263 38.675
-90.258 38.674
-90.248 38.690
-90.261 38.609
-90.277 38.608
-90.247 38.615
-90.256 38.612
-90.242 38.592
-90.290 38.577
-90.289 38.579
-90.289 38.582
-90.299 38.579
-90.310 38.600
-90.307 38.608
-90.288 38.598
-90.270 37.292
-90.313 37.238
-90.240 38.686
-90.250 38.674
-90.246 38.696
-90.245 38.681
-90.250 38.613
-90.242 38.615
-90.240 38.608
-90.243 38.611
-90.241 38.601
-90.237 38.571
-90.288 38.589
-90.309 38.581
-90.298 38.588
-90.283 38.596
-90.295 38.597
-90.301 38.596
-90.694 37.210
-90.634 37.216
-90.551 37.195
-90.435 37.182
-90.242 38.693
-90.199 38.675
-90.229 38.576
-90.198 38.595
-90.208 38.597
-90.311 38.588
-90.249 38.620
-90.253 38.617
-90.243 38.620
-90.312 38.594
-90.284 38.621
-90.288 38.626
-90.286 37.181
-90.697 37.131
-90.290 37.127
-90.221 38.702
-90.220 38.598
-90.235 38.599
-90.227 38.600
-90.219 38.587
-90.246 38.629
-90.236 38.634
-90.311 38.610
-90.291 38.607
-90.294 38.614
-90.421 37.073
-90.544 37.102
-90.682 37.054
-90.302 37.055
-90.582 36.989
-90.183 37.039
-91.045 37.667
-90.826 37.676
-90.195 38.748
-90.238 38.717
-90.245 38.717
-90.284 38.606
-90.283 38.614
-90.273 38.617
-90.256 38.636
-90.260 38.642
-90.277 38.628
-90.306 38.624
-90.302 38.628
-90.453 37.001
-90.280 36.970
-90.396 36.950
-90.700 37.662
-90.631 37.609
-90.630 37.628
-90.637 37.516
-90.226 38.721
-90.225 38.658
-90.218 38.661
-90.209 38.657
-90.276 38.601
-90.276 38.595
-90.269 38.625
-90.262 38.626
-90.262 38.619
-90.249 38.618
-90.249 38.642
-90.297 38.621
-90.292 38.632
-90.242 38.576
-90.679 37.401
-90.700 37.299
-90.604 37.297
-90.204 38.661
-90.215 38.669
-90.221 38.670
-90.205 38.668
-91.493 38.353
-91.582 38.295
-92.181 38.535
-92.279 38.540
-92.018 38.547
-92.360 38.524
-92.366 38.548
-92.364 38.539
-92.437 38.495
-92.435 38.513
-92.443 38.513
-92.267 38.625
-92.337 38.613
-89.841 37.830
-89.757 37.816
-89.900 37.830
-89.964 37.807
-89.820 37.730
-89.904 37.732
-89.734 37.739
-90.007 37.714
-89.666 37.715
-89.620 37.655
-89.550 37.633
-89.734 37.661
-89.826 37.641
-89.908 37.646
-90.048 37.632
-89.702 37.626
-92.330 38.597
-92.334 38.591
-93.247 38.450
-93.136 38.448
-93.404 38.480
-93.402 38.411
-93.394 38.332
-93.265 38.310
-93.155 38.308
-93.454 38.252
-92.214 38.395
-92.216 38.367
-92.090 38.495
-92.085 38.504
-92.093 37.671
-90.127 36.598
-93.362 38.265
-93.298 38.161
-93.179 38.221
-93.428 38.135
-93.151 38.129
-92.076 38.498
-92.197 38.451
-92.179 38.490
-92.291 37.956
-92.112 37.951
-92.061 37.809
-92.276 37.725
-92.375 37.821
-90.057 36.598
-89.998 36.556
-89.988 36.597
-92.138 37.811
-92.335 37.903
-89.968 36.560
-90.115 36.511
-90.076 36.493
-92.235 37.805
-89.991 36.441
-90.050 36.395
-90.037 36.232
-90.028 36.257
-90.044 36.247
-90.065 36.242
-90.067 36.224
-91.507 38.339
-91.446 38.254
-91.590 38.198
-91.529 38.727
-92.293 38.577
-92.323 38.457
-92.231 38.522
-92.392 38.649
-92.409 38.618
-92.328 38.375
-92.136 38.525
-92.161 38.568
-90.041 36.229
-90.184 36.130
-90.095 36.119
-90.025 36.059
-90.294 36.048
-90.139 36.045
-92.151 38.569
-92.146 38.553
-92.087 38.550
-92.173 38.579
-90.216 36.032
-92.180 38.572
-92.193 38.573
-92.192 38.585
-92.198 38.594
-92.209 38.599
-92.226 38.605
-92.231 38.588
-92.253 38.592
-92.193 38.560
-92.218 38.572
-92.212 38.560
-91.450 38.642
-91.426 38.700
-92.210 38.545
-92.261 38.571
-92.171 38.563
-92.163 38.553
-91.446 38.696
-91.614 38.610
-91.576 38.624
-91.562 38.505
-91.433 38.547
-92.179 38.555
-92.178 38.543
-91.434 38.473
-91.581 38.392
-91.441 38.368
-91.403 38.386
-92.484 39.751
-92.477 39.729
-92.462 39.732
-92.775 39.790
-93.228 37.173
-93.274 37.128
-93.233 37.130
-90.394 38.387
-90.419 38.398
-93.268 37.228
-93.271 37.237
-93.258 37.117
-93.282 37.187
-90.403 38.366
-90.466 38.405
-90.344 38.175
-90.389 38.166
-90.365 38.366
-90.592 38.295
-90.486 38.268
-92.486 38.844
-92.479 38.760
-92.546 38.668
-92.475 38.615
-92.784 38.647
-92.673 38.643
-92.566 38.633
-92.569 38.623
-92.681 38.550
-92.776 38.582
-92.540 38.540
-92.581 38.474
-93.282 37.229
-93.303 37.236
-93.298 37.226
-93.282 37.197
-93.523 37.236
-93.322 37.265
-93.374 37.252
-90.439 38.433
-90.418 38.417
-90.693 38.409
-90.424 38.449
-90.715 38.449
-90.394 38.402
-90.495 38.494
-90.465 38.488
-90.494 38.472
-90.453 38.060
-93.287 37.156
-93.287 37.144
-90.458 38.135
-90.529 38.481
-90.397 38.286
-90.442 38.307
-90.391 38.301
-90.400 38.130
-93.304 37.250
-93.311 37.226
-93.267 37.145
-93.270 37.161
-93.304 37.133
-93.322 37.143
-90.369 38.233
-90.482 38.453
-90.492 38.427
-90.509 38.429
-90.645 38.451
-90.683 38.427
-90.438 38.463
-90.327 38.111
-93.316 37.236
-93.326 37.240
-93.229 37.244
-93.254 37.255
-93.290 37.251
-93.305 37.149
-93.286 37.164
-93.269 37.177
-90.458 38.480
-90.591 38.397
-90.433 38.485
-90.552 38.053
-90.517 38.131
-93.274 37.187
-93.274 37.198
-93.579 37.290
-93.368 37.152
-93.370 37.186
-93.353 37.167
-93.274 37.170
-93.251 37.177
-90.602 38.140
-90.528 38.185
-90.597 38.070
-90.634 38.105
-90.675 38.242
-90.371 38.366
-93.349 37.181
-93.252 37.314
-93.252 37.170
-93.291 37.187
-93.291 37.198
-93.120 37.287
-93.260 37.266
-93.348 37.323
-93.240 37.228
-93.268 37.218
-93.246 37.192
-93.300 37.186
-93.299 37.197
-93.311 37.186
-90.432 38.205
-93.219 37.184
-93.248 37.199
-93.237 37.210
-93.310 37.198
-93.324 37.202
-90.410 38.201
-90.451 38.359
-90.494 38.362
-90.355 38.441
-90.374 38.413
-93.257 37.209
-93.272 37.209
-93.249 37.162
-93.251 37.153
-93.322 37.211
-93.340 37.205
-90.373 38.431
-90.396 38.441
-90.457 38.134
-93.303 37.216
-93.316 37.217
-93.232 37.163
-93.283 37.179
-93.289 37.172
-93.304 37.206
-93.288 37.207
-93.371 37.112
-93.357 37.123
-93.417 37.149
-93.457 37.377
-93.284 37.111
-93.194 37.124
-93.201 37.162
-93.240 37.105
-90.387 38.333
-90.421 38.337
-90.562 38.438
-90.576 38.449
-93.336 37.220
-93.261 37.188
-93.268 37.190
-93.302 37.162
-93.303 37.176
-93.321 37.167
-93.333 37.183
-93.462 37.107
-93.455 37.305
-93.562 37.148
-93.461 37.155
-93.116 37.199
-93.559 37.395
-93.118 37.126
-93.498 37.151
-93.336 37.143
-93.311 37.110
-93.330 37.117
-90.579 38.430
-90.680 38.390
-90.658 38.330
-90.693 38.348
-90.607 38.344
-90.384 38.221
-90.561 38.141
-90.405 38.224
-90.422 38.233
-93.264 37.199
-93.567 37.339
-93.193 37.194
-93.428 37.234
-93.212 37.362
-93.136 37.372
-93.193 37.241
-93.377 37.394
-93.290 37.396
-93.291 37.236
-93.286 37.218
-90.369 38.398
-90.723 38.181
-90.539 38.291
-90.542 38.249
-90.741 38.274
-90.737 38.317
-90.477 38.209
-93.364 37.205
-93.375 37.240
-93.232 37.184
-90.386 38.260
-90.584 38.463
-90.570 38.477
-90.538 38.484
-90.529 38.448
-90.565 38.236
-90.601 38.218
-92.462 39.906
-92.565 39.738
-92.652 39.743
-92.664 39.950
-92.784 39.949
-92.490 39.993
-92.405 39.737
-92.459 39.753
-93.232 37.196
-93.248 37.185
-93.235 37.173
-90.533 38.231
-90.610 38.451
-90.438 38.265
-90.564 38.423
-90.594 38.386
-90.542 38.374
-91.022 38.733
-91.054 38.765
-91.360 38.743
-91.247 38.757
-91.125 38.708
-91.236 38.686
-91.014 38.630
-91.177 38.653
-91.131 38.636
-90.977 38.667
-91.057 38.631
-94.556 37.609
-94.439 37.606
-94.329 37.604
-94.220 37.601
-94.120 37.598
-94.557 37.523
-94.416 37.518
-94.254 37.503
-94.123 37.511
-94.273 37.501
-94.271 37.486
-94.559 37.421
-94.446 37.417
-94.353 37.410
-94.126 37.409
-94.238 37.402
-93.193 39.282
-93.018 39.263
-92.407 40.537
-92.007 40.509
-92.228 40.509
-92.148 40.412
-94.550 37.037
-94.318 37.006
-94.126 37.005
-94.513 37.000
-94.133 36.928
-93.386 39.209
-93.001 39.166
-93.200 39.123
-93.395 39.092
-93.016 39.070
-93.292 38.995
-93.139 39.020
-93.428 38.992
-93.141 38.962
-91.972 40.465
-92.004 40.353
-92.114 40.347
-92.297 40.346
-94.429 36.898
-94.342 36.894
-94.261 36.903
-94.587 36.847
-94.520 36.844
-94.170 36.872
-94.107 36.807
-94.376 36.795
-91.462 38.175
-91.355 38.162
-91.142 38.162
-91.246 38.162
-91.487 38.115
-91.405 38.092
-91.197 38.076
-91.350 38.066
-91.490 38.028
-91.197 38.019
-94.373 36.819
-94.211 36.791
-91.401 37.993
-91.206 37.965
-91.398 37.941
-91.138 37.907
-91.263 37.829
-91.465 37.849
-91.357 37.859
-91.174 37.784
-93.016 38.162
-92.704 38.199
-92.931 38.184
-92.839 38.169
-92.764 38.131
-92.705 38.165
-92.902 38.120
-92.625 38.158
-92.817 38.107
-92.630 38.115
-92.696 38.131
-92.542 38.019
-92.720 38.072
-92.684 38.027
-92.759 38.048
-92.792 38.031
-92.968 37.985
-92.848 38.010
-92.827 37.967
-92.801 37.932
-92.695 37.937
-92.550 37.943
-92.440 37.912
-92.540 37.863
-91.201 38.923
-91.233 38.825
-91.124 38.850
-91.009 38.824
-91.130 38.833
-94.542 40.330
-94.410 40.345
-91.146 38.829
-91.360 38.813
-91.033 38.832
-94.278 40.340
-94.433 40.264
-94.294 40.270
-94.568 40.218
-94.503 40.216
-94.298 40.209
-94.412 40.187
-94.378 40.107
-94.563 40.104
-94.483 40.104
-94.268 40.097
-91.015 38.823
-91.130 38.780
-91.126 38.812
-91.129 38.803
-89.597 37.136
-89.681 37.084
-89.617 36.951
-89.608 36.889
-89.537 37.083
-89.414 37.005
-92.109 38.994
-92.014 39.028
-91.842 39.015
-91.689 39.008
-91.959 38.955
-92.090 38.907
-91.716 38.893
-91.829 38.901
-91.917 38.835
-92.005 38.874
-91.956 38.869
-89.928 37.547
-90.068 37.547
-89.605 37.035
-89.516 36.980
-89.684 36.991
-89.593 37.005
-89.657 36.897
-91.933 38.868
-92.086 38.823
-91.966 38.840
-89.521 36.898
-89.569 36.898
-89.587 36.885
-89.558 36.881
-91.940 38.838
-91.789 38.767
-91.704 38.750
-92.094 38.770
-91.913 38.763
-92.000 38.721
-92.116 38.705
-91.890 38.700
-91.985 38.631
-92.129 38.621
-90.069 37.466
-89.928 37.472
-89.612 36.873
-89.566 36.874
-95.392 40.202
-95.228 40.168
-95.114 40.194
-92.123 38.644
-92.110 38.645
-89.928 37.409
-90.073 37.392
-89.939 37.342
-89.915 37.285
-90.063 37.323
-90.044 37.252
-95.322 40.071
-95.093 39.993
-90.163 37.251
-89.940 37.191
-90.108 37.134
-95.223 39.986
-92.816 39.209
-92.711 39.260
-92.611 39.250
-92.518 39.216
-92.684 39.140
-92.863 39.072
-92.747 39.030
-89.510 37.220
-89.560 37.182
-89.658 37.174
-89.746 37.084
-89.449 37.120
-92.943 36.934
-93.015 36.854
-93.284 37.020
-94.036 39.265
-94.196 39.308
-94.162 39.335
-93.204 36.980
-92.951 37.060
-93.037 36.918
-94.123 39.331
-93.818 39.302
-94.008 39.320
-93.940 39.332
-94.187 39.376
-90.976 37.153
-90.916 37.197
-91.105 37.294
-90.803 37.251
-93.247 37.079
-93.238 37.049
-92.962 37.005
-93.459 37.079
-94.061 39.355
-93.806 39.461
-93.896 39.437
-94.006 39.468
-94.132 39.492
-94.145 39.434
-90.899 37.338
-90.838 37.112
-90.982 37.294
-91.111 37.378
-90.973 37.431
-91.170 37.506
-91.058 37.559
-90.831 37.478
-90.946 37.541
-93.708 40.315
-93.576 40.316
-93.704 39.655
-93.588 39.664
-93.355 39.666
-93.564 39.786
-93.673 39.737
-93.433 40.317
-93.708 40.419
-93.562 39.802
-93.548 39.810
-93.507 39.806
-93.393 39.806
-93.527 39.924
-92.805 38.228
-92.733 38.293
-92.818 38.307
-92.957 38.285
-92.720 38.373
-92.889 38.393
-92.999 38.399
-92.697 38.420
-92.884 38.477
-92.816 38.393
-93.443 40.420
-93.585 40.420
-93.408 39.923
-93.544 39.780
-93.482 39.671
-93.677 39.868
-92.995 38.483
-92.745 38.486
-92.816 38.486
-92.881 38.593
-92.876 38.678
-93.000 38.608
-93.699 40.525
-93.432 40.526
-90.687 37.822
-93.243 36.999
-93.032 37.061
-93.084 36.993
-93.355 37.073
-93.306 37.057
-93.556 40.527
-90.748 37.766
-90.764 37.840
-93.121 36.857
-93.273 36.859
-92.935 36.854
-93.334 37.013
-93.315 37.035
-93.310 37.031
-93.211 36.826
-90.877 37.799
-91.015 37.814
-90.723 37.895
-90.662 37.904
-93.199 37.078
-93.551 37.048
-93.026 36.966
-90.730 37.924
-90.811 37.901
-91.535 39.364
-91.671 39.421
-91.541 39.487
-91.417 39.554
-91.284 39.620
-91.351 39.620
-91.521 39.636
-93.279 37.046
-93.280 37.073
-93.196 37.046
-93.161 36.913
-93.275 36.940
-93.153 37.000
-93.117 37.063
-93.435 37.032
-94.020 39.203
-93.929 39.207
-93.922 39.264
-94.129 39.223
-90.703 37.950
-90.981 37.920
-90.822 37.946
-90.676 38.006
-90.748 38.016
-90.883 38.013
-90.734 38.087
-90.851 38.137
-91.022 38.092
-91.435 39.654
-91.645 39.611
-94.462 39.114
-94.440 39.118
-94.426 39.129
-94.435 39.108
-94.437 39.105
-94.395 39.150
-94.449 39.114
-94.420 39.124
-94.388 39.099
-94.410 39.115
-94.394 39.122
-94.404 39.126
-94.375 39.125
-94.380 39.116
-94.398 39.108
-94.383 39.111
-94.412 39.095
-94.404 39.093
-94.394 39.184
-94.481 39.090
-94.467 39.106
-94.423 39.108
-94.471 39.096
-94.450 39.099
-94.455 39.092
-94.439 39.098
-93.106 37.772
-93.582 37.782
-93.498 37.775
-93.421 37.768
-93.326 37.749
-93.237 37.772
-93.232 37.706
-93.564 37.707
-93.476 37.701
-93.374 37.665
-93.456 37.641
-93.254 37.645
-93.595 37.630
-93.540 37.629
-93.246 37.577
-93.451 37.578
-93.361 37.576
-93.561 37.549
-93.461 37.522
-93.431 37.467
-93.362 37.480
-93.254 37.477
-93.550 37.467
-93.693 39.996
-93.563 39.999
-93.432 39.999
-93.629 40.055
-93.551 40.061
-93.496 39.351
-93.514 39.361
-93.554 39.325
-93.705 39.285
-93.513 39.404
-93.457 39.399
-93.955 38.514
-93.356 39.345
-93.232 39.399
-93.702 39.438
-93.533 39.484
-93.339 39.483
-93.702 39.568
-93.534 39.571
-93.346 39.572
-93.790 38.511
-93.629 38.471
-93.572 38.532
-93.551 38.487
-93.709 40.074
-93.633 40.098
-93.564 40.104
-93.433 40.076
-92.063 39.995
-92.260 40.040
-92.117 40.128
-92.261 40.171
-92.005 40.170
-92.206 40.260
-94.011 38.426
-93.754 38.388
-93.959 38.342
-93.575 38.319
-93.785 38.371
-93.433 40.156
-93.685 40.164
-93.575 40.163
-93.739 40.164
-93.702 40.237
-92.573 40.366
-92.638 40.430
-92.524 40.435
-92.406 40.412
-93.798 38.366
-93.787 38.322
-93.963 38.255
-93.576 40.236
-93.433 40.229
-92.510 40.500
-92.620 40.508
-92.635 40.565
-92.511 40.559
-93.800 38.248
-93.631 38.234
-89.641 36.508
-90.475 36.881
-90.390 36.890
-90.314 36.876
-90.263 36.838
-89.899 36.480
-89.773 36.453
-89.575 36.429
-89.822 36.483
-89.665 36.472
-89.908 36.419
-89.749 36.418
-90.583 36.813
-90.353 36.784
-90.429 36.805
-90.492 36.796
-90.241 36.759
-90.418 36.787
-90.428 36.771
-89.551 36.817
-90.393 36.772
-90.388 36.757
-90.446 36.733
-90.538 36.739
-90.415 36.735
-89.664 36.827
-89.695 36.827
-90.399 36.661
-90.544 36.678
-90.222 36.675
-90.277 36.621
-90.524 36.569
-90.409 36.549
-90.326 36.537
-90.241 36.547
-89.617 37.326
-89.817 37.357
-89.637 37.374
-89.657 37.367
-89.680 37.394
-89.643 37.390
-89.713 37.363
-89.694 37.424
-89.599 37.267
-89.511 37.330
-89.670 36.776
-89.610 36.743
-89.537 36.742
-89.533 37.278
-89.553 37.331
-89.456 36.717
-89.669 36.736
-89.415 36.596
-89.636 36.671
-89.546 37.321
-89.561 37.329
-89.499 36.669
-89.513 36.606
-89.564 37.349
-89.588 37.331
-89.571 37.278
-89.537 37.332
-89.529 37.311
-89.890 36.607
-89.796 36.606
-89.543 37.308
-89.562 37.309
-89.734 36.596
-90.240 37.547
-90.429 37.424
-90.303 37.555
-90.288 37.554
-90.296 37.570
-89.511 37.459
-89.477 37.378
-89.626 37.563
-89.756 37.506
-89.610 37.515
-89.521 37.306
-89.527 37.295
-89.642 36.614
-89.655 36.580
-89.888 36.547
-89.767 36.544
-89.617 36.563
-90.226 37.391
-90.417 37.594
-89.741 37.196
-89.736 37.199
-89.769 37.181
-89.787 37.568
-89.611 37.461
-89.710 37.296
-89.571 37.384
-89.810 37.447
-89.600 36.561
-89.633 36.537
-90.595 36.891
-89.559 37.244
-89.800 37.256
-94.422 38.916
-94.435 38.922
-94.412 38.923
-94.406 38.923
-94.406 38.920
-94.249 39.018
-94.265 39.017
-94.265 39.022
-94.233 39.018
-94.318 39.033
-94.254 38.928
-94.187 38.927
-94.141 38.940
-94.166 38.880
-94.397 39.047
-94.454 39.056
-94.438 39.056
-94.442 39.052
-94.429 39.054
-94.419 39.052
-94.410 39.052
-94.427 39.049
-94.602 38.934
-94.571 39.114
-94.543 39.130
-94.557 39.112
-94.551 39.109
-94.542 39.115
-94.543 38.980
-94.530 38.970
-94.560 38.978
-94.568 38.979
-94.571 38.975
-94.566 38.963
-94.487 38.961
-94.388 39.018
-94.390 39.014
-94.401 39.003
-94.409 38.993
-94.395 39.011
-94.406 38.998
-94.407 38.991
-94.422 38.977
-94.402 38.913
-94.455 38.888
-94.381 38.910
-94.431 38.898
-94.432 38.909
-94.320 39.028
-94.298 39.030
-94.331 39.025
-94.184 38.871
-94.234 38.915
-94.379 39.060
-94.380 39.037
-94.377 39.026
-94.371 39.036
-94.542 39.108
-94.534 39.111
-94.548 39.104
-94.547 39.110
-94.533 39.123
-94.538 39.104
-94.530 39.116
-94.524 39.116
-94.517 39.116
-94.568 38.971
-94.533 38.962
-94.519 38.959
-94.547 38.947
-94.506 38.989
-94.545 38.970
-94.558 38.982
-94.428 38.966
-94.436 38.952
-94.485 38.954
-94.518 38.912
-94.497 38.934
-94.468 38.923
-94.491 38.921
-94.427 38.881
-94.407 38.908
-94.405 38.897
-94.391 38.904
-94.376 38.870
-94.322 39.049
-94.292 39.025
-94.294 39.021
-94.515 38.903
-94.534 38.885
-94.534 38.875
-94.521 38.879
-94.508 38.883
-94.515 38.877
-94.357 39.036
-94.353 39.059
-94.358 39.065
-94.384 39.029
-94.377 39.053
-94.511 39.116
-94.512 39.109
-94.519 39.109
-94.527 39.108
-94.522 39.104
-94.530 39.104
-94.497 39.099
-94.550 38.960
-94.588 38.971
-94.590 38.968
-94.558 39.105
-94.558 39.101
-94.562 39.098
-94.561 39.092
-94.497 38.927
-94.506 38.925
-94.497 38.918
-94.508 38.915
-94.488 38.908
-94.412 38.861
-94.392 38.844
-94.383 38.847
-94.278 39.026
-94.287 39.013
-94.269 39.012
-94.280 39.018
-94.307 39.010
-94.499 38.879
-94.508 38.865
-94.510 38.850
-94.497 38.904
-94.350 39.049
-94.345 39.070
-94.374 39.046
-94.395 39.042
-94.395 39.038
-94.478 39.011
-94.508 39.129
-94.484 39.128
-94.501 39.103
-94.568 39.076
-94.565 39.080
-94.563 39.073
-94.557 39.074
-94.561 39.082
-94.549 39.091
-94.541 39.097
-94.468 38.863
-94.433 38.854
-94.479 38.934
-94.502 38.976
-94.511 38.969
-94.518 38.920
-94.501 38.968
-94.382 39.001
-94.368 39.008
-94.369 38.909
-94.291 39.006
-94.280 39.006
-94.288 39.000
-94.296 39.075
-94.277 38.999
-94.281 38.992
-94.520 38.895
-94.511 38.892
-94.498 38.893
-94.520 38.887
-94.542 38.905
-94.543 38.898
-94.460 38.990
-94.467 38.992
-94.475 39.026
-94.475 39.020
-94.459 39.022
-94.447 39.022
-94.448 39.012
-94.482 39.102
-94.487 39.095
-94.520 39.098
-94.504 39.094
-94.500 39.088
-94.521 39.089
-94.537 39.100
-94.533 39.101
-94.561 39.087
-94.555 39.081
-94.566 39.108
-94.519 38.947
-94.528 38.941
-94.506 38.961
-94.496 38.963
-94.500 38.955
-94.480 38.945
-94.500 38.945
-94.513 38.945
-94.366 38.996
-94.369 39.019
-94.346 39.012
-94.367 38.987
-94.265 39.008
-94.254 39.003
-94.253 39.011
-94.262 38.996
-94.271 38.994
-94.549 38.881
-94.248 39.006
-94.370 39.114
-94.310 39.095
-94.288 39.203
-94.343 39.157
-94.474 38.984
-94.483 38.977
-94.470 38.976
-94.468 39.012
-94.454 38.984
-94.444 38.980
-94.455 38.977
-94.519 39.077
-94.502 39.075
-94.543 39.088
-94.537 39.090
-94.530 39.089
-94.528 39.081
-94.532 39.076
-94.538 38.931
-94.547 38.935
-94.559 38.931
-94.575 38.934
-94.516 38.933
-94.515 38.926
-94.498 38.969
-94.570 39.060
-94.569 39.065
-94.560 39.068
-94.548 39.068
-94.549 39.064
-94.549 39.061
-94.549 39.057
-94.364 38.977
-94.371 38.972
-94.379 38.983
-94.394 38.922
-94.392 38.934
-94.281 38.984
-94.260 38.986
-94.266 38.987
-94.253 38.973
-94.313 39.020
-94.363 39.146
-94.366 39.133
-94.360 39.120
-94.357 39.116
-94.462 38.976
-94.490 38.970
-94.480 38.969
-94.470 38.969
-94.453 38.968
-94.475 38.965
-94.477 39.002
-94.469 39.001
-94.540 39.081
-94.549 39.081
-94.541 39.076
-94.550 39.074
-94.544 39.072
-94.535 39.072
-94.525 39.071
-94.526 39.075
-94.541 39.066
-94.534 39.059
-94.577 38.915
-94.557 38.917
-94.534 38.917
-94.569 38.918
-94.590 38.935
-94.549 39.053
-94.557 39.060
-94.564 39.059
-94.557 39.065
-94.558 39.055
-94.570 39.054
-94.575 39.067
-94.582 39.068
-94.590 39.068
-94.593 39.061
-94.379 38.921
-94.371 38.934
-94.369 38.941
-94.358 38.914
-94.369 38.927
-94.352 38.943
-94.245 39.088
-94.220 38.999
-94.210 39.011
-94.207 38.995
-94.353 39.110
-94.323 39.119
-94.348 39.127
-94.326 39.100
-94.432 39.098
-94.476 38.992
-94.462 39.012
-94.457 39.008
-94.449 39.000
-94.450 38.989
-94.534 39.066
-94.527 39.066
-94.527 39.058
-94.504 39.063
-94.505 39.052
-94.591 38.928
-94.585 38.922
-94.604 38.924
-94.602 38.917
-94.601 38.911
-94.601 38.899
-94.588 39.060
-94.583 39.060
-94.576 39.060
-94.576 39.054
-94.583 39.054
-94.576 39.047
-94.584 39.046
-94.595 39.053
-94.346 38.982
-94.364 38.959
-94.370 38.918
-94.354 38.927
-94.352 38.920
-94.343 38.920
-94.202 39.023
-94.133 39.020
-94.224 39.078
-94.277 39.047
-94.425 39.086
-94.418 39.083
-94.410 39.083
-94.425 39.097
-94.419 39.097
-94.464 39.088
-94.457 38.995
-94.259 39.118
-94.133 39.136
-94.238 39.176
-94.517 39.050
-94.530 39.040
-94.512 39.041
-94.520 39.061
-94.590 38.900
-94.589 38.915
-94.578 38.900
-94.569 38.905
-94.601 39.059
-94.604 39.053
-94.604 39.046
-94.598 39.046
-94.593 39.047
-94.587 39.053
-94.592 39.044
-94.587 39.041
-94.575 39.043
-94.329 38.920
-94.349 38.913
-94.335 38.914
-94.315 38.898
-94.315 38.912
-94.139 39.009
-94.136 38.992
-94.121 39.024
-94.120 39.011
-94.116 39.003
-94.432 39.076
-94.454 39.085
-94.444 39.087
-94.435 39.091
-94.437 39.084
-94.465 39.078
-94.266 39.143
-94.159 39.129
-94.538 39.053
-94.541 39.058
-94.531 39.049
-94.507 39.033
-94.573 39.029
-94.573 39.025
-94.570 39.025
-94.569 39.029
-94.566 39.029
-94.562 39.032
-94.559 39.030
-94.574 38.866
-94.603 38.920
-94.499 39.044
-94.480 39.074
-94.578 39.034
-94.588 39.031
-94.587 39.037
-94.588 39.039
-94.597 39.041
-94.604 39.038
-94.598 39.033
-94.285 38.906
-94.327 38.913
-94.343 38.859
-94.338 38.846
-94.121 38.995
-94.295 39.046
-94.267 39.054
-94.256 39.062
-94.425 39.064
-94.400 39.066
-94.467 39.062
-94.455 39.063
-94.462 39.072
-94.198 39.181
-94.185 39.140
-94.199 39.138
-94.192 39.127
-94.131 39.137
-94.562 39.025
-94.550 39.030
-94.546 39.024
-94.541 39.030
-94.528 39.029
-94.528 39.020
-94.472 39.055
-94.450 39.049
-94.442 39.041
-94.443 39.033
-94.455 39.036
-94.467 39.045
-94.467 39.034
-94.598 39.024
-94.590 39.023
-94.584 39.024
-94.577 39.023
-94.603 39.022
-94.570 39.048
-94.564 39.049
-94.557 39.048
-94.547 39.050
-94.301 38.865
-94.356 38.843
-94.347 38.842
-94.399 38.950
-94.273 38.977
-94.315 38.999
-94.246 39.041
-94.248 39.048
-94.212 39.048
-94.247 39.010
-94.451 39.073
-94.444 39.072
-94.409 39.061
-94.418 39.073
-94.404 39.075
-94.437 39.068
-94.440 39.061
-94.599 39.102
-94.583 39.111
-94.580 39.105
-94.581 39.100
-94.507 39.016
-94.511 39.025
-94.566 39.032
-94.573 39.018
-94.571 39.019
-94.562 39.021
-94.563 39.009
-94.482 39.043
-94.485 39.036
-94.495 39.040
-94.491 39.028
-94.492 39.021
-94.499 39.018
-94.447 39.048
-94.560 39.044
-94.545 39.046
-94.569 39.042
-94.572 39.043
-94.572 39.036
-94.569 39.036
-94.568 39.036
-94.562 39.039
-94.302 38.973
-94.270 38.953
-94.358 38.907
-94.300 38.948
-94.239 38.985
-94.266 39.041
-94.177 39.077
-94.211 39.037
-94.396 39.088
-94.370 39.067
-94.361 39.072
-94.362 39.099
-94.399 39.081
-94.596 39.090
-94.581 39.086
-94.582 39.074
-94.563 39.016
-94.552 39.017
-94.545 39.017
-94.533 39.016
-94.529 39.005
-94.486 39.051
-94.476 39.031
-94.442 39.015
-94.436 39.009
-94.436 39.021
-94.415 39.013
-94.545 39.037
-94.547 39.042
-94.555 39.038
-94.554 39.035
-94.582 39.019
-94.579 39.015
-94.588 39.015
-94.602 39.013
-94.345 38.942
-94.349 38.935
-94.319 38.936
-94.344 38.928
-94.165 39.041
-94.187 38.988
-94.135 39.078
-94.385 39.085
-94.374 39.086
-94.357 39.086
-94.354 39.079
-94.335 39.088
-94.334 39.080
-94.601 39.078
-94.599 39.068
-94.569 39.102
-94.569 39.095
-94.605 39.066
-94.602 38.971
-94.507 39.006
-94.492 39.005
-94.484 39.018
-94.572 39.010
-94.570 39.002
-94.571 38.996
-94.561 39.002
-94.551 39.001
-94.400 39.028
-94.387 39.015
-94.395 39.001
-94.404 38.973
-94.601 39.004
-94.595 39.010
-94.592 39.004
-94.587 39.008
-94.579 39.007
-94.584 39.000
-94.578 38.996
-94.579 39.013
-94.345 38.907
-94.329 38.927
-94.352 38.888
-94.385 38.896
-94.335 38.899
-94.286 39.035
-94.129 39.043
-94.142 38.977
-94.323 39.080
-94.379 39.075
-94.381 39.068
-94.388 39.066
-94.602 38.962
-94.589 38.961
-94.589 38.952
-94.602 38.953
-94.602 38.945
-94.588 38.943
-94.540 39.001
-94.534 38.993
-94.550 38.994
-94.562 38.996
-94.562 38.988
-94.571 38.988
-94.568 38.984
-94.570 38.983
-94.413 38.988
-94.432 38.987
-94.430 38.960
-94.439 38.962
-94.441 38.957
-94.440 38.953
-94.579 38.979
-94.585 38.997
-94.604 38.997
-94.594 38.996
-94.583 38.990
-94.578 38.987
-94.591 38.989
-94.602 38.991
-94.345 39.032
-94.264 39.033
-94.248 39.033
-94.259 39.042
-94.258 39.026
-94.232 38.953
-94.242 38.858
-94.185 38.948
-94.401 39.053
-94.429 39.041
-94.422 39.043
-94.409 39.041
-94.434 39.031
-94.427 39.032
-94.392 39.053
-94.591 38.946
-94.578 38.949
-94.568 38.947
-94.564 38.956
-94.558 38.955
-94.561 38.950
-94.563 38.941
-94.553 38.989
-94.498 38.989
-94.489 38.987
-94.530 38.988
-94.515 38.991
-94.520 38.979
-94.424 38.951
-94.426 38.944
-94.452 38.946
-94.459 38.940
-94.455 38.957
-94.473 38.959
-94.601 38.987
-94.604 38.980
-94.595 38.980
-94.586 38.979
-94.392 38.914
-94.427 38.934
-91.866 36.722
-91.737 36.649
-92.025 36.609
-91.886 36.568
-91.750 36.552
-92.038 36.533
-92.598 38.306
-92.606 38.253
-92.488 38.080
-92.569 38.351
-92.586 38.357
-92.585 38.342
-92.550 38.359
-92.448 38.372
-92.295 38.089
-92.297 38.082
-92.563 38.159
-92.416 38.045
-92.643 38.220
-92.350 38.300
-92.530 38.411
-92.373 38.215
-92.658 38.307
-92.254 38.157
-92.254 38.258
-92.484 38.237
-92.459 38.144
-94.511 39.776
-94.549 39.811
-94.386 39.791
-94.262 39.884
-94.356 39.884
-94.529 39.886
-94.423 39.888
-94.261 39.986
-94.385 39.988
-94.529 39.988
-92.028 36.977
-91.920 36.983
-91.846 36.955
-91.724 37.007
-91.716 36.922
-91.919 36.845
-91.763 36.839
-92.048 36.826
-92.041 36.709
-91.893 36.702
-91.884 36.755
-91.869 36.757
-91.758 36.748
-91.840 36.723
-92.088 37.122
-93.993 37.513
-93.973 37.341
-93.842 37.541
-93.791 37.428
-93.673 37.495
-93.701 37.347
-93.830 37.405
-94.014 37.413
-92.212 37.536
-92.133 37.541
-92.011 37.559
-91.839 37.520
-92.028 37.446
-91.924 37.441
-92.170 37.437
-91.769 37.362
-92.170 37.371
-91.973 37.322
-92.165 37.274
-91.701 37.291
-92.196 37.138
-91.981 37.098
-91.845 37.094
-91.709 37.093
-91.815 37.209
-91.985 37.238
-91.708 37.193
-91.964 37.180
-92.431 40.191
-92.595 40.173
-92.758 40.202
-92.574 40.227
-92.595 40.204
-92.565 40.204
-92.565 40.195
-92.567 40.189
-92.581 40.186
-92.571 40.172
-94.561 38.438
-94.351 38.401
-94.345 38.433
-94.138 38.354
-94.535 38.355
-94.421 38.278
-94.274 38.284
-94.547 38.265
-94.313 38.242
-94.127 38.183
-94.337 38.197
-94.562 38.137
-94.429 38.115
-94.260 38.107
-94.108 38.075
-91.296 39.489
-91.152 39.512
-91.135 39.440
-91.023 39.409
-91.370 39.375
-91.243 39.393
-91.074 39.372
-91.143 39.355
-90.942 39.347
-91.178 39.295
-91.362 39.273
-89.316 36.935
-89.184 36.931
-93.047 39.660
-93.206 39.648
-92.916 39.658
-92.775 39.656
-93.087 39.571
-92.920 39.567
-92.780 39.552
-91.017 39.269
-90.850 39.265
-91.275 39.207
-89.189 36.938
-89.456 36.876
-89.357 36.925
-89.347 36.926
-93.130 37.860
-93.097 37.531
-93.136 39.471
-92.953 39.424
-92.787 39.379
-92.882 39.295
-89.326 36.924
-89.223 36.924
-89.335 36.914
-89.356 36.917
-93.025 37.846
-92.921 37.832
-92.935 37.713
-93.093 37.682
-89.223 36.916
-89.443 36.909
-89.456 36.909
-89.231 36.769
-89.332 36.826
-89.381 36.784
-89.327 36.827
-89.327 36.823
-92.931 37.616
-93.096 37.606
-92.934 37.529
-93.127 37.452
-89.377 36.780
-89.390 36.782
-89.384 36.775
-89.276 36.640
-90.950 38.476
-90.820 38.485
-91.323 38.259
-91.096 38.410
-91.065 38.485
-90.854 38.532
-91.242 38.379
-91.231 38.418
-90.812 38.270
-91.180 38.530
-91.069 38.239
-93.778 38.878
-93.668 38.879
-93.552 38.872
-94.030 38.854
-93.896 38.859
-93.632 38.758
-93.859 38.750
-93.772 38.787
-93.704 38.792
-93.549 38.747
-94.077 38.743
-93.972 38.748
-93.701 38.723
-93.768 38.721
-93.721 38.757
-91.227 38.609
-90.774 38.480
-91.211 38.602
-93.979 38.697
-93.869 38.621
-93.713 38.624
-94.037 38.625
-93.574 38.620
-91.150 38.228
-90.761 38.496
-90.743 38.485
-90.757 38.474
-90.971 38.337
-91.176 38.348
-91.233 38.308
-90.953 38.410
-90.822 38.370
-90.952 38.516
-90.766 38.570
-90.964 38.345
-90.981 38.359
-91.006 38.335
-91.136 38.297
-91.068 38.237
-91.030 38.430
-91.143 38.221
-91.175 38.219
-91.168 38.206
-91.011 38.458
-91.015 38.437
-91.023 38.449
-91.076 38.570
-90.968 38.429
-90.877 38.447
-90.988 38.549
-90.993 38.536
-91.021 38.544
-91.042 38.567
-91.171 38.580
-91.157 38.389
-91.189 38.460
-91.307 38.644
-91.336 38.675
-91.341 38.670
-90.771 38.428
-91.045 38.305
-91.036 38.515
-91.098 38.520
-91.304 38.522
-90.909 38.260
-91.243 38.238
-91.294 38.576
-91.319 38.367
-91.327 38.400
-91.309 38.456
-91.336 38.399
-92.215 39.394
-91.838 39.380
-92.010 39.455
-91.868 39.543
-91.777 39.598
-92.148 39.477
-92.085 39.587
-92.221 39.544
-90.878 36.530
-90.754 36.538
-90.626 36.544
-90.873 36.598
-90.689 36.591
-90.822 36.624
-91.034 36.559
-90.629 36.647
-90.800 36.634
-90.686 36.698
-90.799 36.763
-90.964 36.682
-91.068 36.740
-92.778 37.420
-92.925 37.425
-93.021 37.437
-92.773 37.106
-93.029 37.158
-92.740 37.192
-92.856 37.185
-92.934 37.153
-92.980 37.270
-92.750 37.296
-93.020 37.337
-92.856 37.310
-92.904 37.347
-94.018 36.884
-93.937 36.900
-93.868 36.877
-93.793 36.887
-93.720 36.874
-93.648 36.873
-93.929 36.813
-93.789 36.818
-94.031 36.756
-93.654 36.759
-93.792 36.768
-93.922 36.752
-93.968 36.676
-93.850 36.669
-93.761 36.671
-93.867 36.679
-93.630 36.629
-93.958 36.600
-93.755 36.564
-94.036 36.575
-93.643 36.539
-93.924 36.529
-93.534 36.544
-93.380 36.539
-93.448 36.581
-93.424 36.645
-93.445 36.639
-93.331 36.639
-93.515 36.685
-93.370 36.646
-93.518 36.730
-93.381 36.741
-93.387 36.838
-93.531 36.628
-93.474 36.803
-93.561 36.893
-93.373 36.893
-93.387 36.960
-93.472 36.973
-93.569 36.959
-93.536 36.850
-93.471 36.917
-93.064 40.095
-92.932 40.080
-93.928 39.830
-94.039 39.829
-93.827 39.817
-94.586 36.741
-94.504 36.734
-94.392 36.723
-93.443 38.831
-93.339 38.897
-93.150 38.870
-93.292 38.839
-93.335 38.760
-93.224 38.764
-93.114 38.755
-93.263 38.682
-94.316 36.715
-94.233 36.689
-93.233 38.717
-93.195 38.689
-93.243 38.712
-93.203 38.712
-93.413 38.599
-94.161 40.085
-94.118 36.706
-94.466 36.670
-94.420 36.657
-93.310 40.078
-93.187 40.065
-94.047 40.090
-93.934 40.090
-93.821 40.090
-93.962 40.010
-94.590 36.667
-94.530 36.646
-94.362 36.629
-94.160 36.616
-94.587 36.558
-94.368 36.558
-93.818 40.004
-94.110 39.993
-94.149 39.918
-93.810 39.897
-94.457 36.599
-94.513 36.547
-94.462 36.536
-93.929 39.917
-94.039 39.916
-94.149 39.831
-94.267 36.540
-94.134 36.536
-92.780 37.843
-92.614 37.815
-92.478 37.773
-92.675 37.792
-92.755 37.751
-92.774 37.678
-91.534 38.792
-92.683 37.717
-92.644 37.722
-91.302 38.894
-91.376 38.899
-91.480 38.901
-91.579 38.876
-91.506 39.001
-91.333 39.018
-91.383 39.111
-91.561 39.088
-92.602 37.699
-92.527 37.668
-93.108 40.351
-92.941 40.342
-93.279 40.357
-92.414 37.629
-92.680 37.679
-92.643 37.680
-92.668 37.641
-93.115 40.286
-93.286 40.314
-92.613 37.639
-92.312 37.554
-92.771 37.576
-92.720 37.586
-92.617 37.565
-92.884 40.255
-92.970 40.254
-92.534 37.546
-92.464 37.520
-92.727 37.506
-93.282 40.253
-93.078 40.222
-93.166 40.204
-92.938 40.169
-93.279 40.187
-93.088 40.171
-93.285 40.143
-93.177 40.120
-90.644 38.737
-90.707 38.784
-90.662 38.731
-90.559 38.786
-90.535 38.766
-90.553 38.767
-90.541 38.779
-90.504 38.790
-90.690 38.786
-90.673 38.757
-90.647 38.778
-90.666 38.782
-90.511 38.799
-90.520 38.805
-90.520 38.789
-90.482 38.794
-90.479 38.817
-90.479 38.817
-90.723 38.784
-90.698 38.775
-90.519 38.781
-90.496 38.799
-90.490 38.810
-90.679 38.807
-90.729 38.806
-90.513 38.821
-90.532 38.807
-90.537 38.797
-90.557 38.796
-90.499 38.763
-90.543 38.744
-90.673 38.817
-90.739 38.815
-90.753 38.872
-90.731 38.830
-90.570 38.720
-90.585 38.737
-90.594 38.729
-90.566 38.741
-90.552 38.733
-90.698 38.825
-90.701 38.836
-90.694 38.765
-90.579 38.753
-90.591 38.764
-90.586 38.770
-90.719 38.795
-90.880 38.805
-90.824 38.819
-90.936 38.847
-90.869 38.863
-90.798 38.857
-90.572 38.788
-90.568 38.775
-90.849 38.781
-90.876 38.824
-90.920 38.786
-90.891 38.833
-90.742 38.792
-90.586 38.779
-90.589 38.791
-90.730 38.779
-90.733 38.764
-90.750 38.774
-90.816 38.799
-90.604 38.754
-90.778 38.785
-90.792 38.798
-90.759 38.790
-90.572 38.762
-90.629 38.796
-90.651 38.864
-90.746 38.753
-90.716 38.774
-90.702 38.726
-90.631 38.779
-90.622 38.764
-90.730 38.736
-90.725 38.757
-90.605 38.772
-90.623 38.748
-90.822 38.777
-90.707 38.746
-90.710 38.764
-90.746 38.799
-90.793 38.755
-90.609 38.765
-90.607 38.780
-90.686 38.744
-90.762 38.751
-90.616 38.783
-90.683 38.779
-90.727 38.754
-90.716 38.738
-90.556 38.704
-90.740 38.692
-90.525 38.841
-90.454 38.893
-90.290 38.882
-90.492 38.776
-90.526 38.757
-90.686 38.796
-90.681 38.769
-90.670 38.773
-90.658 38.798
-90.897 38.722
-90.861 38.598
-90.885 38.757
-90.612 38.702
-90.612 38.733
-90.885 38.661
-90.624 38.734
-90.658 38.709
-90.606 38.713
-90.512 38.752
-90.559 38.803
-90.651 38.766
-90.653 38.748
-90.665 38.792
-90.644 38.791
-90.521 38.616
-90.524 38.628
-90.585 38.615
-90.534 38.631
-90.578 38.598
-90.584 38.590
-90.548 38.574
-90.551 38.578
-90.363 38.582
-90.352 38.586
-90.335 38.576
-90.342 38.582
-90.293 38.840
-90.362 38.783
-90.337 38.814
-90.368 38.790
-90.342 38.819
-90.349 38.777
-90.363 38.735
-90.362 38.720
-90.358 38.722
-90.340 38.761
-90.326 38.763
-90.340 38.743
-90.422 38.553
-90.418 38.591
-90.442 38.551
-90.421 38.570
-90.405 38.575
-90.391 38.571
-90.395 38.665
-90.385 38.674
-90.382 38.675
-90.375 38.679
-90.364 38.680
-90.709 38.578
-90.619 38.614
-90.580 38.649
-90.351 38.624
-90.342 38.643
-90.401 38.648
-90.338 38.614
-90.311 38.537
-90.352 38.519
-90.355 38.512
-90.322 38.550
-90.306 38.777
-90.314 38.776
-90.337 38.787
-90.328 38.562
-90.310 38.565
-90.315 38.574
-90.310 38.570
-90.379 38.550
-90.524 38.639
-90.529 38.642
-90.536 38.625
-90.538 38.644
-90.550 38.595
-90.590 38.578
-90.598 38.577
-90.592 38.572
-90.581 38.585
-90.575 38.589
-90.352 38.580
-90.387 38.586
-90.381 38.588
-90.385 38.593
-90.376 38.590
-90.336 38.798
-90.270 38.530
-90.273 38.524
-90.283 38.522
-90.385 38.752
-90.364 38.763
-90.363 38.749
-90.385 38.742
-90.392 38.569
-90.425 38.511
-90.435 38.546
-90.443 38.559
-90.438 38.553
-90.475 38.675
-90.367 38.672
-90.364 38.669
-90.405 38.690
-90.410 38.696
-90.361 38.673
-90.399 38.684
-90.552 38.648
-90.690 38.550
-90.559 38.647
-90.369 38.657
-90.348 38.615
-90.353 38.615
-90.360 38.614
-90.366 38.520
-90.367 38.530
-90.359 38.535
-90.383 38.532
-90.367 38.524
-90.321 38.813
-90.326 38.807
-90.332 38.789
-90.305 38.563
-90.374 38.542
-90.365 38.550
-90.369 38.546
-90.541 38.622
-90.516 38.610
-90.533 38.616
-90.569 38.589
-90.563 38.589
-90.566 38.585
-90.557 38.584
-90.557 38.589
-90.535 38.582
-90.375 38.597
-90.382 38.598
-90.334 38.581
-90.385 38.600
-90.375 38.601
-90.338 38.571
-90.288 38.551
-90.304 38.534
-90.303 38.507
-90.288 38.553
-90.368 38.740
-90.375 38.743
-90.381 38.745
-90.394 38.724
-90.379 38.750
-90.362 38.739
-90.380 38.756
-90.384 38.745
-90.452 38.680
-90.442 38.678
-90.442 38.673
-90.447 38.680
-90.394 38.689
-90.438 38.695
-90.359 38.679
-90.400 38.680
-90.452 38.673
-90.446 38.695
-90.415 38.697
-90.549 38.655
-90.534 38.653
-90.530 38.685
-90.551 38.673
-90.643 38.551
-90.348 38.610
-90.349 38.605
-90.338 38.639
-90.317 38.532
-90.376 38.532
-90.358 38.522
-90.340 38.535
-90.343 38.519
-90.360 38.524
-90.342 38.532
-90.327 38.793
-90.306 38.782
-90.316 38.792
-90.306 38.793
-90.338 38.558
-90.322 38.564
-90.372 38.552
-90.346 38.566
-90.534 38.610
-90.534 38.604
-90.540 38.599
-90.574 38.610
-90.549 38.586
-90.544 38.589
-90.535 38.589
-90.528 38.591
-90.346 38.571
-90.355 38.571
-90.363 38.575
-90.362 38.567
-90.326 38.513
-90.311 38.494
-90.315 38.528
-90.309 38.534
-90.305 38.538
-90.391 38.734
-90.346 38.769
-90.363 38.760
-90.344 38.764
-90.351 38.764
-90.349 38.773
-90.352 38.764
-90.352 38.761
-90.447 38.688
-90.457 38.679
-90.449 38.692
-90.459 38.675
-90.467 38.666
-90.383 38.686
-90.375 38.683
-90.421 38.698
-90.656 38.639
-90.716 38.560
-90.362 38.605
-90.411 38.611
-90.352 38.659
-90.357 38.627
-90.355 38.625
-90.335 38.623
-90.348 38.624
-90.321 38.524
-90.331 38.769
-90.269 38.768
-90.320 38.773
-90.269 38.767
-90.324 38.804
-90.298 38.801
-90.310 38.818
-90.338 38.564
-90.339 38.552
-90.386 38.552
-90.347 38.561
-90.519 38.621
-90.583 38.607
-90.510 38.606
-90.359 38.802
-90.347 38.810
-90.341 38.814
-90.529 38.589
-90.531 38.588
-90.641 38.585
-90.607 38.587
-90.309 38.643
-90.311 38.637
-90.311 38.635
-90.367 38.568
-90.361 38.598
-90.534 38.599
-90.533 38.595
-90.289 38.504
-90.282 38.534
-90.276 38.511
-90.275 38.539
-90.402 38.589
-90.394 38.585
-90.460 38.539
-90.394 38.577
-90.411 38.579
-90.460 38.668
-90.392 38.667
-90.386 38.668
-90.446 38.664
-90.646 38.671
-90.586 38.610
-90.676 38.537
-90.571 38.640
-90.709 38.591
-90.715 38.530
-90.643 38.598
-90.690 38.529
-90.345 38.616
-90.345 38.628
-90.348 38.628
-90.348 38.620
-90.338 38.628
-90.343 38.627
-90.348 38.625
-90.291 38.765
-90.272 38.766
-90.275 38.763
-90.309 38.813
-90.325 38.779
-90.329 38.815
-90.325 38.573
-90.316 38.581
-90.328 38.577
-90.385 38.538
-90.337 38.818
-90.353 38.795
-90.352 38.807
-90.311 38.825
-90.313 38.651
-90.309 38.648
-90.324 38.620
-90.313 38.632
-90.322 38.634
-90.312 38.628
-90.541 38.595
-90.553 38.602
-90.545 38.601
-90.542 38.606
-90.295 38.510
-90.279 38.546
-90.291 38.540
-90.409 38.596
-90.411 38.588
-90.432 38.586
-90.379 38.665
-90.451 38.663
-90.406 38.681
-90.421 38.695
-90.602 38.637
-90.661 38.594
-90.665 38.619
-90.697 38.627
-90.641 38.596
-90.583 38.621
-90.582 38.622
-90.651 38.606
-90.608 38.644
-90.606 38.635
-90.603 38.626
-90.328 38.655
-90.331 38.645
-90.332 38.650
-90.376 38.610
-90.298 38.558
-90.302 38.550
-90.293 38.554
-90.269 38.760
-90.284 38.753
-90.283 38.747
-90.326 38.772
-90.283 38.740
-90.316 38.786
-90.308 38.803
-90.312 38.808
-90.306 38.786
-90.336 38.568
-90.342 38.550
-90.348 38.554
-90.393 38.541
-90.327 38.832
-90.350 38.801
-90.343 38.802
-90.368 38.788
-90.319 38.630
-90.326 38.631
-90.331 38.627
-90.331 38.634
-90.565 38.626
-90.548 38.609
-90.549 38.618
-90.368 38.729
-90.368 38.726
-90.362 38.726
-90.402 38.723
-90.357 38.727
-90.357 38.723
-90.368 38.735
-90.432 38.593
-90.469 38.515
-90.380 38.669
-90.383 38.679
-90.372 38.670
-90.579 38.637
-90.592 38.625
-90.573 38.629
-90.347 38.642
-90.361 38.659
-90.414 38.601
-90.357 38.644
-90.315 38.552
-90.310 38.542
-90.316 38.546
-90.317 38.537
-90.308 38.765
-90.259 38.751
-90.311 38.771
-90.270 38.793
-90.272 38.790
-90.262 38.791
-90.322 38.801
-90.334 38.808
-90.314 38.798
-90.342 38.780
-90.394 38.533
-90.383 38.547
-90.376 38.556
-90.336 38.845
-90.355 38.788
-90.319 38.829
-90.325 38.625
-90.315 38.624
-90.319 38.622
-90.327 38.613
-90.377 38.721
-90.353 38.721
-90.345 38.725
-90.379 38.728
-90.408 38.727
-90.431 38.562
-90.425 38.577
-90.384 38.669
-90.414 38.664
-90.439 38.659
-90.377 38.685
-90.592 38.616
-90.567 38.651
-90.337 38.643
-90.338 38.635
-90.341 38.650
-90.345 38.655
-90.325 38.544
-90.330 38.543
-90.355 38.533
-90.261 38.787
-90.302 38.754
-90.289 38.740
-90.261 38.781
-90.316 38.766
-90.327 38.786
-90.322 38.786
-90.326 38.797
-90.358 38.549
-90.393 38.555
-90.343 38.558
-90.380 38.566
-90.376 38.548
-90.363 38.793
-90.359 38.780
-90.314 38.845
-90.357 38.784
-90.329 38.618
-90.316 38.617
-90.320 38.609
-90.548 38.633
-90.355 38.716
-90.346 38.720
-90.339 38.719
-90.335 38.717
-90.418 38.733
-90.414 38.563
-90.394 38.591
-90.462 38.503
-90.459 38.512
-90.375 38.686
-90.381 38.673
-90.368 38.661
-90.368 38.663
-90.396 38.678
-90.607 38.610
-90.571 38.636
-90.608 38.652
-90.386 38.636
-90.359 38.649
-90.359 38.656
-90.335 38.521
-90.332 38.529
-90.321 38.767
-90.269 38.764
-90.334 38.773
-90.260 38.776
-90.277 38.753
-90.255 38.774
-90.318 38.781
-90.351 38.782
-90.346 38.785
-90.331 38.778
-90.318 38.561
-90.386 38.564
-90.356 38.564
-90.348 38.559
-90.398 38.560
-90.333 38.573
-90.332 38.574
-90.343 38.791
-90.321 38.823
-90.356 38.496
-90.330 38.608
-90.320 38.603
-90.314 38.664
-90.316 38.639
-90.319 38.661
-90.548 38.641
-90.557 38.639
-90.563 38.634
-90.557 38.627
-90.360 38.723
-90.364 38.771
-90.380 38.723
-90.356 38.724
-90.369 38.722
-90.448 38.574
-90.399 38.579
-90.413 38.596
-90.420 38.597
-90.401 38.583
-90.426 38.681
-90.427 38.672
-90.400 38.667
-90.367 38.679
-90.588 38.657
-90.658 38.622
-90.596 38.672
-90.537 38.662
-90.384 38.657
-90.386 38.646
-90.336 38.630
-90.366 38.536
-90.342 38.525
-90.370 38.519
-90.334 38.523
-90.308 38.549
-90.332 38.533
-90.276 38.760
-90.292 38.741
-90.303 38.749
-90.304 38.760
-90.290 38.746
-90.331 38.810
-90.321 38.776
-90.335 38.813
-90.316 38.804
-90.332 38.801
-90.384 38.569
-90.395 38.568
-90.402 38.560
-90.332 38.642
-90.333 38.639
-90.349 38.499
-90.364 38.466
-90.375 38.488
-90.383 38.607
-90.380 38.604
-90.389 38.607
-90.394 38.607
-90.399 38.607
-90.323 38.593
-90.562 38.622
-90.563 38.615
-90.561 38.607
-90.569 38.625
-90.562 38.596
-90.413 38.725
-90.374 38.731
-90.378 38.733
-90.414 38.723
-90.334 38.752
-90.398 38.730
-90.431 38.581
-90.411 38.572
-90.402 38.570
-90.438 38.684
-90.424 38.665
-90.422 38.677
-90.394 38.680
-90.633 38.607
-90.619 38.607
-90.560 38.658
-90.409 38.602
-90.344 38.633
-90.356 38.636
-90.357 38.605
-90.317 38.536
-90.313 38.535
-90.347 38.526
-90.348 38.539
-90.343 38.545
-90.292 38.751
-90.306 38.754
-90.271 38.780
-90.301 38.810
-90.333 38.800
-90.304 38.809
-90.349 38.778
-90.302 38.808
-90.337 38.776
-90.366 38.557
-90.402 38.564
-90.326 38.641
-90.314 38.645
-90.320 38.641
-90.303 38.660
-90.306 38.659
-90.364 38.492
-90.357 38.489
-90.349 38.490
-90.330 38.593
-90.323 38.589
-90.322 38.586
-90.332 38.590
-90.332 38.587
-90.565 38.603
-90.568 38.613
-90.575 38.621
-90.569 38.619
-90.581 38.617
-90.392 38.739
-90.375 38.740
-90.383 38.736
-90.413 38.720
-90.471 38.504
-90.431 38.556
-90.440 38.575
-90.370 38.665
-90.381 38.663
-90.430 38.693
-90.411 38.688
-90.363 38.661
-90.626 38.603
-90.630 38.625
-90.370 38.605
-90.366 38.635
-90.400 38.624
-90.375 38.637
-90.377 38.525
-90.387 38.523
-90.341 38.537
-90.321 38.539
-90.298 38.752
-90.280 38.788
-90.299 38.744
-90.285 38.787
-90.401 38.560
-90.393 38.561
-90.393 38.548
-90.312 38.659
-90.316 38.654
-90.306 38.655
-90.307 38.652
-90.319 38.649
-90.345 38.487
-90.323 38.491
-90.322 38.500
-90.324 38.583
-90.342 38.604
-90.333 38.600
-90.333 38.584
-90.341 38.829
-90.323 38.856
-90.387 38.733
-90.339 38.771
-90.389 38.747
-90.339 38.729
-90.389 38.575
-90.382 38.578
-90.453 38.573
-90.394 38.598
-90.413 38.681
-90.424 38.676
-90.391 38.679
-90.409 38.677
-90.363 38.662
-90.469 38.659
-90.612 38.630
-90.647 38.579
-90.354 38.630
-90.371 38.650
-90.420 38.603
-90.351 38.627
-90.370 38.538
-90.356 38.540
-90.353 38.529
-90.245 38.777
-90.265 38.754
-90.275 38.775
-90.286 38.777
-90.279 38.793
-90.377 38.565
-90.316 38.556
-90.403 38.558
-90.402 38.550
-90.326 38.649
-90.370 38.598
-90.371 38.573
-90.342 38.576
-90.339 38.477
-90.410 38.505
-90.426 38.515
-90.305 38.685
-90.373 38.580
-90.329 38.597
-90.340 38.592
-90.334 38.806
-90.313 38.835
-90.338 38.805
-90.305 38.840
-90.421 38.717
-90.321 38.725
-90.357 38.732
-90.388 38.722
-90.402 38.598
-90.448 38.570
-90.444 38.563
-90.432 38.676
-90.435 38.665
-90.438 38.690
-90.636 38.637
-90.642 38.604
-90.576 38.657
-90.354 38.626
-90.357 38.625
-90.368 38.611
-90.411 38.622
-90.375 38.518
-90.321 38.532
-90.312 38.534
-90.309 38.553
-90.314 38.539
-90.294 38.757
-90.296 38.777
-90.272 38.752
-90.299 38.776
-90.295 38.773
-90.287 38.781
-90.240 38.771
-90.400 38.528
-90.404 38.538
-90.411 38.541
-90.356 38.561
-90.381 38.538
-90.323 38.598
-90.388 38.603
-90.512 38.598
-90.315 38.681
-90.330 38.685
-90.283 38.691
-90.296 38.684
-90.292 38.682
-90.287 38.679
-90.340 38.599
-90.348 38.597
-90.331 38.577
-90.362 38.592
-90.349 38.795
-90.306 38.869
-90.361 38.798
-90.305 38.829
-90.335 38.821
-90.414 38.711
-90.420 38.727
-90.333 38.722
-90.389 38.729
-90.374 38.775
-90.395 38.722
-90.407 38.550
-90.401 38.576
-90.437 38.505
-90.441 38.517
-90.453 38.523
-90.444 38.530
-90.425 38.688
-90.418 38.689
-90.427 38.663
-90.427 38.674
-90.568 38.639
-90.568 38.639
-90.590 38.642
-90.649 38.601
-90.569 38.635
-90.357 38.620
-90.404 38.611
-90.373 38.623
-90.345 38.622
-90.337 38.541
-90.341 38.539
-90.337 38.547
-90.321 38.545
-90.313 38.536
-90.314 38.821
-90.323 38.818
-90.293 38.792
-90.295 38.785
-90.299 38.791
-90.332 38.556
-90.316 38.567
-90.358 38.558
-90.345 38.564
-90.324 38.557
-90.522 38.599
-90.513 38.605
-90.523 38.608
-90.295 38.676
-90.290 38.674
-90.304 38.676
-90.295 38.670
-90.578 38.604
-90.370 38.592
-90.354 38.592
-90.362 38.587
-90.370 38.585
-90.321 38.838
-90.367 38.791
-90.337 38.810
-90.331 38.817
-90.363 38.795
-90.404 38.730
-90.366 38.723
-90.386 38.725
-90.329 38.717
-90.416 38.547
-90.446 38.542
-90.469 38.535
-90.401 38.691
-90.407 38.675
-90.435 38.673
-90.393 38.664
-90.644 38.651
-90.658 38.559
-90.340 38.621
-90.389 38.621
-90.340 38.617
-90.351 38.618
-90.525 38.656
-90.692 38.494
-90.515 38.513
-90.732 38.481
-90.467 38.722
-90.451 38.690
-90.446 38.704
-90.456 38.727
-90.344 38.705
-90.342 38.711
-90.336 38.688
-90.350 38.714
-90.495 38.613
-90.529 38.666
-90.276 38.703
-90.281 38.704
-90.267 38.703
-90.293 38.696
-90.247 38.741
-90.253 38.739
-90.289 38.733
-90.440 38.756
-90.451 38.729
-90.372 38.785
-90.448 38.736
-90.296 38.471
-90.313 38.488
-90.329 38.452
-90.306 38.481
-90.473 38.567
-90.467 38.556
-90.498 38.569
-90.500 38.547
-90.522 38.593
-90.498 38.570
-90.498 38.570
-90.265 38.805
-90.299 38.816
-90.213 38.782
-90.315 38.678
-90.321 38.676
-90.323 38.673
-90.321 38.666
-90.643 38.509
-90.615 38.495
-90.658 38.495
-90.440 38.725
-90.446 38.718
-90.431 38.719
-90.346 38.692
-90.363 38.714
-90.375 38.715
-90.382 38.714
-90.458 38.585
-90.469 38.616
-90.304 38.726
-90.292 38.710
-90.296 38.726
-90.299 38.721
-90.304 38.737
-90.278 38.742
-90.279 38.737
-90.273 38.737
-90.464 38.762
-90.414 38.740
-90.493 38.737
-90.367 38.807
-90.310 38.484
-90.325 38.471
-90.318 38.474
-90.323 38.464
-90.496 38.565
-90.496 38.567
-90.496 38.568
-90.255 38.767
-90.255 38.762
-90.252 38.756
-90.291 38.801
-90.210 38.820
-90.280 38.689
-90.323 38.661
-90.329 38.661
-90.328 38.668
-90.332 38.677
-90.613 38.483
-90.579 38.572
-90.663 38.512
-90.506 38.686
-90.458 38.718
-90.402 38.699
-90.342 38.691
-90.319 38.690
-90.391 38.716
-90.505 38.599
-90.476 38.610
-90.456 38.575
-90.463 38.600
-90.312 38.712
-90.318 38.703
-90.312 38.692
-90.297 38.719
-90.272 38.746
-90.273 38.731
-90.271 38.741
-90.266 38.734
-90.374 38.806
-90.409 38.778
-90.428 38.761
-90.436 38.742
-90.437 38.790
-90.497 38.588
-90.505 38.589
-90.502 38.583
-90.516 38.579
-90.248 38.756
-90.245 38.758
-90.213 38.774
-90.202 38.786
-90.203 38.780
-90.284 38.798
-90.275 38.800
-90.255 38.801
-90.327 38.679
-90.342 38.678
-90.337 38.670
-90.338 38.663
-90.340 38.661
-90.487 38.509
-90.471 38.727
-90.478 38.700
-90.337 38.710
-90.340 38.703
-90.337 38.692
-90.353 38.684
-90.336 38.695
-90.392 38.702
-90.421 38.612
-90.497 38.599
-90.481 38.597
-90.430 38.615
-90.440 38.612
-90.296 38.717
-90.286 38.716
-90.328 38.702
-90.328 38.709
-90.291 38.699
-90.264 38.724
-90.259 38.737
-90.260 38.730
-90.265 38.728
-90.254 38.722
-90.248 38.723
-90.365 38.782
-90.409 38.809
-90.393 38.765
-90.398 38.780
-90.492 38.588
-90.460 38.575
-90.487 38.571
-90.192 38.777
-90.161 38.801
-90.192 38.756
-90.228 38.757
-90.222 38.808
-90.234 38.799
-90.232 38.810
-90.340 38.658
-90.346 38.661
-90.348 38.665
-90.349 38.671
-90.353 38.676
-90.500 38.530
-90.484 38.533
-90.522 38.669
-90.467 38.684
-90.492 38.679
-90.343 38.716
-90.404 38.711
-90.341 38.700
-90.339 38.697
-90.342 38.685
-90.439 38.629
-90.432 38.620
-90.465 38.593
-90.432 38.622
-90.316 38.717
-90.269 38.725
-90.276 38.721
-90.274 38.720
-90.265 38.746
-90.257 38.720
-90.258 38.747
-90.243 38.731
-90.427 38.726
-90.414 38.760
-90.417 38.754
-90.380 38.790
-90.460 38.569
-90.475 38.582
-90.495 38.573
-90.233 38.728
-90.235 38.732
-90.220 38.744
-90.231 38.747
-90.189 38.758
-90.292 38.808
-90.263 38.844
-90.351 38.681
-90.288 38.684
-90.358 38.676
-90.359 38.671
-90.354 38.664
-90.649 38.526
-90.564 38.567
-90.598 38.550
-90.495 38.682
-90.478 38.683
-90.467 38.699
-90.511 38.704
-90.330 38.695
-90.340 38.699
-90.358 38.712
-90.398 38.715
-90.381 38.703
-90.459 38.615
-90.500 38.626
-90.477 38.598
-90.270 38.719
-90.286 38.705
-90.301 38.711
-90.247 38.748
-90.243 38.746
-90.241 38.751
-90.240 38.743
-90.380 38.765
-90.397 38.772
-90.438 38.747
-90.437 38.745
-90.413 38.766
-90.439 38.745
-90.380 38.758
-90.419 38.765
-90.392 38.778
-90.462 38.562
-90.536 38.569
-90.532 38.571
-90.509 38.582
-90.460 38.577
-90.237 38.758
-90.224 38.752
-90.230 38.760
-90.187 38.761
-90.258 38.755
-90.293 38.827
-90.260 38.827
-90.218 38.799
-90.289 38.796
-90.279 38.798
-90.238 38.771
-90.360 38.664
-90.349 38.676
-90.358 38.666
-90.341 38.666
-90.282 38.552
-90.288 38.528
-90.301 38.517
-90.313 38.508
-90.543 38.553
-90.620 38.515
-90.482 38.520
-90.476 38.697
-90.459 38.699
-90.462 38.689
-90.485 38.692
-90.392 38.708
-90.360 38.696
-90.385 38.716
-90.368 38.714
-90.365 38.690
-90.338 38.703
-90.423 38.623
-90.464 38.654
-90.493 38.633
-90.436 38.605
-90.505 38.607
-90.265 38.718
-90.264 38.716
-90.289 38.697
-90.279 38.719
-90.328 38.706
-90.290 38.714
-90.260 38.714
-90.261 38.741
-90.279 38.731
-90.252 38.747
-90.443 38.749
-90.465 38.773
-90.446 38.770
-90.382 38.777
-90.440 38.743
-90.411 38.761
-90.525 38.580
-90.482 38.553
-90.520 38.586
-90.236 38.738
-90.261 38.761
-90.218 38.759
-90.227 38.767
-90.282 38.805
-90.404 38.501
-90.410 38.474
-90.409 38.531
-90.325 38.686
-90.286 38.687
-90.315 38.682
-90.288 38.692
-90.300 38.683
-90.329 38.517
-90.282 38.544
-90.285 38.543
-90.286 38.543
-90.288 38.544
-90.340 38.509
-90.477 38.518
-90.578 38.576
-90.563 38.579
-90.723 38.501
-90.573 38.582
-90.490 38.659
-90.474 38.715
-90.402 38.720
-90.335 38.700
-90.387 38.700
-90.377 38.697
-90.374 38.692
-90.341 38.684
-90.419 38.631
-90.511 38.653
-90.528 38.662
-90.454 38.579
-90.294 38.692
-90.326 38.705
-90.297 38.711
-90.296 38.701
-90.312 38.697
-90.293 38.706
-90.439 38.734
-90.353 38.816
-90.404 38.751
-90.364 38.819
-90.410 38.761
-90.354 38.829
-90.350 38.823
-90.362 38.827
-90.357 38.831
-90.406 38.768
-90.468 38.780
-90.537 38.559
-90.484 38.578
-90.514 38.553
-90.196 38.757
-90.231 38.754
-90.204 38.755
-90.414 38.530
-90.352 38.474
-90.414 38.515
-90.297 38.682
-90.297 38.663
-90.300 38.662
-90.329 38.683
-90.540 38.570
-90.321 38.513
-90.304 38.499
-90.314 38.519
-90.292 38.521
-90.486 38.518
-90.584 38.578
-90.554 38.562
-90.577 38.571
-90.582 38.572
-90.501 38.506
-90.507 38.726
-90.472 38.704
-90.504 38.653
-90.386 38.718
-90.440 38.711
-90.369 38.696
-90.382 38.693
-90.397 38.704
-90.393 38.695
-90.515 38.650
-90.434 38.631
-90.417 38.645
-90.455 38.644
-90.460 38.640
-90.502 38.621
-90.264 38.721
-90.333 38.704
-90.272 38.716
-90.270 38.711
-90.309 38.720
-90.267 38.714
-90.329 38.706
-90.385 38.768
-90.452 38.783
-90.367 38.802
-90.287 38.487
-90.289 38.478
-90.312 38.476
-90.503 38.575
-90.507 38.574
-90.527 38.570
-90.191 38.761
-90.213 38.740
-90.208 38.749
-90.331 38.501
-90.333 38.492
-90.614 38.552
-90.631 38.556
-90.636 38.565
-90.610 38.567
-90.527 38.574
-90.604 38.573
-90.285 38.516
-90.288 38.514
-90.317 38.509
-90.299 38.537
-90.489 38.534
-90.495 38.543
-90.477 38.690
-90.464 38.702
-90.468 38.708
-90.454 38.690
-90.441 38.706
-90.433 38.704
-90.335 38.710
-90.425 38.703
-90.338 38.700
-90.336 38.702
-90.337 38.682
-90.421 38.699
-90.483 38.621
-90.458 38.593
-90.517 38.640
-90.306 38.717
-90.265 38.707
-90.272 38.708
-90.303 38.698
-90.373 38.816
-90.403 38.815
-90.345 38.824
-90.312 38.480
-90.295 38.463
-90.300 38.489
-90.318 38.438
-90.496 38.550
-90.524 38.591
-90.525 38.588
-90.507 38.558
-90.518 38.572
-90.209 38.755
-90.198 38.753
-90.227 38.737
-90.398 38.484
-90.404 38.462
-90.612 38.573
-90.626 38.571
-90.634 38.571
-90.534 38.576
-90.316 38.497
-90.309 38.526
-90.272 38.516
-90.559 38.552
-90.673 38.467
-90.551 38.564
-90.460 38.696
-90.493 38.692
-90.450 38.713
-90.462 38.692
-90.449 38.721
-90.459 38.708
-90.460 38.632
-90.474 38.633
-90.508 38.631
-90.456 38.606
-90.517 38.651
-90.451 38.652
-90.497 38.639
-90.321 38.717
-90.277 38.712
-90.283 38.693
-90.293 38.721
-90.304 38.720
-90.318 38.698
-90.423 38.743
-90.417 38.748
-90.473 38.747
-90.418 38.725
-90.293 38.453
-90.326 38.482
-90.347 38.463
-90.512 38.587
-90.526 38.552
-90.502 38.565
-90.516 38.549
-90.213 38.766
-90.195 38.765
-90.206 38.779
-90.197 38.771
-90.427 38.530
-90.404 38.510
-90.392 38.514
-90.636 38.578
-90.612 38.581
-90.603 38.579
-90.283 38.496
-90.296 38.531
-90.293 38.546
-90.286 38.530
-90.502 38.517
-90.570 38.575
-90.557 38.564
-90.465 38.678
-90.437 38.706
-90.431 38.700
-90.497 38.727
-90.445 38.724
-90.479 38.722
-90.482 38.654
-90.448 38.630
-90.446 38.611
-90.471 38.590
-90.467 38.588
-90.451 38.613
-90.517 38.632
-90.411 38.640
-90.422 38.638
-90.429 38.644
-90.439 38.644
-90.286 38.724
-90.285 38.719
-90.279 38.724
-90.311 38.720
-90.296 38.709
-90.282 38.713
-90.285 38.711
-90.281 38.710
-90.270 38.704
-90.365 38.810
-90.353 38.821
-90.397 38.760
-90.313 38.465
-90.307 38.491
-90.318 38.450
-90.505 38.553
-90.499 38.558
-90.509 38.557
-90.242 38.767
-90.191 38.765
-90.201 38.761
-90.235 38.741
-90.386 38.509
-90.392 38.470
-90.542 38.574
-90.595 38.584
-90.603 38.585
-90.612 38.584
-90.286 38.520
-90.335 38.508
-90.282 38.545
-90.284 38.546
-90.284 38.547
-90.287 38.494
-90.301 38.542
-90.299 38.540
-90.480 38.505
-90.577 38.547
-90.592 38.560
-90.474 38.546
-90.603 38.508
-90.686 38.529
-90.561 38.563
-90.475 38.540
-90.499 38.692
-90.505 38.659
-90.476 38.706
-90.438 38.717
-90.500 38.653
-90.424 38.708
-90.447 38.647
-90.449 38.597
-90.464 38.583
-90.429 38.639
-90.415 38.651
-90.434 38.640
-90.476 38.652
-90.427 38.652
-90.436 38.652
-90.282 38.736
-90.278 38.747
-90.331 38.759
-90.324 38.757
-90.325 38.750
-90.331 38.752
-90.412 38.790
-90.445 38.733
-90.432 38.734
-90.301 38.475
-90.303 38.435
-90.310 38.472
-90.326 38.424
-90.519 38.556
-90.507 38.548
-90.487 38.566
-90.477 38.564
-90.247 38.789
-90.236 38.792
-90.224 38.790
-90.381 38.469
-90.370 38.472
-90.618 38.588
-90.627 38.586
-90.636 38.590
-90.633 38.596
-90.283 38.515
-90.311 38.534
-90.526 38.540
-90.702 38.534
-90.649 38.540
-90.567 38.565
-90.704 38.491
-90.584 38.576
-90.695 38.503
-90.503 38.677
-90.514 38.677
-90.527 38.673
-90.353 38.695
-90.353 38.690
-90.369 38.691
-90.377 38.693
-90.449 38.582
-90.445 38.581
-90.469 38.592
-90.463 38.647
-90.477 38.645
-90.498 38.645
-90.513 38.660
-90.505 38.618
-90.313 38.755
-90.325 38.741
-90.280 38.742
-90.246 38.727
-90.454 38.745
-90.376 38.798
-90.381 38.795
-90.334 38.468
-90.335 38.414
-90.321 38.431
-90.522 38.564
-90.491 38.560
-90.515 38.564
-90.228 38.778
-90.210 38.793
-90.285 38.834
-90.381 38.503
-90.358 38.505
-90.624 38.595
-90.549 38.570
-90.606 38.592
-90.706 38.519
-90.726 38.536
-90.569 38.522
-90.701 38.479
-90.581 38.561
-90.512 38.668
-90.505 38.668
-90.457 38.712
-90.375 38.702
-90.372 38.720
-90.388 38.694
-90.384 38.708
-90.334 38.685
-90.522 38.649
-90.430 38.599
-90.436 38.599
-90.441 38.600
-90.451 38.606
-90.510 38.648
-90.474 38.640
-90.468 38.643
-90.512 38.620
-90.278 38.697
-90.253 38.727
-90.250 38.734
-90.255 38.733
-90.255 38.737
-90.325 38.735
-90.248 38.737
-90.373 38.798
-90.386 38.782
-90.429 38.735
-90.418 38.805
-90.334 38.440
-90.315 38.457
-90.311 38.469
-90.317 38.483
-90.493 38.578
-90.477 38.576
-90.494 38.565
-90.244 38.806
-90.300 38.824
-90.278 38.790
-90.393 38.495
-90.373 38.497
-90.299 38.667
-90.299 38.685
-90.614 38.598
-90.594 38.599
-90.589 38.603
-90.716 38.491
-90.586 38.578
-90.478 38.532
-90.562 38.573
-90.519 38.523
-90.496 38.672
-90.484 38.685
-90.482 38.673
-90.459 38.691
-90.468 38.695
-90.374 38.709
-90.367 38.704
-90.355 38.708
-90.357 38.703
-90.349 38.701
-90.429 38.606
-90.521 38.658
-90.455 38.622
-90.481 38.605
-90.271 38.700
-90.275 38.694
-90.307 38.726
-90.284 38.699
-90.314 38.747
-90.261 38.734
-90.310 38.743
-90.313 38.738
-90.307 38.732
-90.344 38.821
-90.426 38.766
-90.392 38.781
-90.399 38.745
-90.315 38.443
-90.330 38.432
-90.322 38.437
-90.311 38.439
-90.327 38.485
-90.526 38.565
-90.509 38.564
-90.476 38.570
-90.499 38.554
-90.500 38.550
-90.289 38.819
-90.257 38.817
-90.282 38.792
-90.211 38.787
-90.284 38.812
-90.306 38.666
-90.314 38.671
-90.316 38.669
-90.555 38.570
-90.528 38.593
-90.567 38.587
-90.332 38.755
-90.363 38.666
-90.322 38.784
-90.268 38.703
-90.474 38.689
-90.362 38.668
-93.559 38.149
-94.023 38.202
-93.994 38.152
-93.888 38.154
-93.778 38.151
-93.669 38.146
-94.000 38.055
-93.895 38.051
-93.803 38.051
-93.562 38.046
-93.257 38.713
-93.340 38.673
-93.261 38.703
-93.161 38.671
-93.114 38.615
-93.209 38.705
-93.239 38.701
-93.224 38.700
-93.205 38.700
-93.259 38.690
-93.238 38.689
-93.217 38.691
-93.231 38.597
-93.728 38.052
-93.656 38.049
-93.982 37.953
-93.820 37.953
-93.688 37.960
-93.566 37.958
-93.739 37.871
-93.626 37.873
-94.121 37.905
-91.751 39.158
-91.918 39.243
-91.580 39.272
-92.198 39.293
-91.484 39.225
-91.682 39.280
-91.648 39.150
-91.897 39.181
-91.882 39.180
-91.877 39.161
-91.844 39.168
-91.904 39.161
-91.895 39.154
-91.811 39.227
-92.034 39.234
-91.986 39.099
-92.931 40.001
-93.069 40.005
-93.171 40.010
-93.291 39.980
-93.179 39.964
-93.069 39.928
-92.924 39.920
-93.154 39.880
-93.296 39.873
-92.992 39.820
-92.901 39.812
-93.072 39.771
-93.176 39.771
-93.298 39.763
-93.085 39.792
-93.069 39.794
-93.063 39.778
-93.085 39.780
-92.944 39.728
-92.951 39.726
-92.939 39.719
-92.959 39.711
-92.946 39.706
-94.364 37.843
-94.439 37.677
-94.347 37.802
-94.547 37.855
-94.331 37.835
-94.266 37.781
-94.516 37.719
-94.456 37.797
-94.449 37.998
-94.183 37.997
-94.210 37.696
-94.365 37.827
-94.127 37.801
-94.233 37.891
-94.398 37.896
-94.555 39.280
-94.520 39.258
-94.559 39.176
-94.557 39.240
-94.594 39.229
-94.553 39.311
-94.474 39.256
-94.296 39.406
-94.478 39.235
-94.470 39.288
-94.557 39.199
-94.559 39.206
-94.236 39.363
-94.241 39.405
-94.579 39.358
-94.523 39.394
-94.573 39.405
-94.434 39.320
-94.571 39.203
-94.545 39.155
-94.552 39.142
-94.567 39.139
-94.370 39.228
-94.431 39.248
-94.580 39.149
-94.540 39.199
-94.586 39.184
-94.556 39.217
-94.454 39.235
-94.481 39.217
-94.444 39.223
-94.539 39.223
-94.581 39.206
-94.557 39.229
-94.578 39.227
-94.445 39.256
-94.391 39.229
-94.452 39.199
-94.452 39.220
-94.540 39.208
-94.569 39.218
-94.577 39.135
-94.308 39.313
-94.292 39.248
-94.410 39.235
-94.435 39.273
-94.233 39.317
-94.258 39.337
-94.402 39.270
-94.408 39.209
-94.223 39.346
-94.492 39.202
-94.351 39.355
-94.397 39.371
-94.366 39.374
-94.386 39.432
-94.566 39.185
-94.565 39.192
-94.541 39.174
-94.535 39.159
-94.526 39.196
-94.554 39.162
-94.570 39.165
-94.572 39.269
-94.579 39.240
-94.526 39.172
-94.510 39.159
-94.443 39.161
-94.485 39.189
-94.539 39.187
-94.591 39.152
-94.510 39.208
-94.495 39.174
-94.586 39.279
-94.568 39.254
-94.594 39.205
-94.513 39.174
