-89.437 30.217
-90.947 31.473
-90.793 31.535
-90.878 31.570
-90.863 31.465
-90.867 31.387
-90.777 31.421
-90.698 31.509
-90.688 31.396
-90.657 31.550
-89.749 33.298
-89.854 33.369
-89.801 33.359
-89.979 33.329
-89.930 33.432
-90.095 33.347
-90.085 33.416
-90.038 33.490
-89.935 33.524
-89.914 33.542
-89.827 33.514
-89.819 33.637
-89.880 33.633
-90.013 33.605
-91.078 31.470
-91.097 31.384
-90.985 31.400
-91.100 31.554
-90.980 31.551
-91.115 32.962
-91.025 32.889
-91.041 32.826
-90.934 32.611
-90.966 32.971
-91.041 33.081
-88.376 34.417
-88.293 34.424
-88.200 34.388
-88.281 34.338
-88.400 34.276
-88.389 34.244
-88.306 34.373
-88.237 34.321
-88.359 34.325
-88.407 34.317
-88.422 34.392
-88.470 34.324
-88.481 34.436
-88.511 34.395
-88.505 34.361
-88.449 34.260
-88.525 34.304
-88.513 34.256
-88.496 34.217
-88.417 34.162
-88.492 34.169
-88.475 34.114
-88.528 34.119
-88.353 34.181
-88.363 34.126
-88.321 34.251
-88.278 34.166
-88.313 34.107
-88.228 34.134
-88.255 34.231
-88.228 34.272
-88.206 34.220
-88.705 32.392
-88.652 32.434
-88.687 32.384
-88.616 32.500
-88.664 32.500
-89.810 31.465
-89.914 31.549
-89.754 31.519
-88.691 32.454
-88.736 32.460
-88.671 32.548
-89.812 31.523
-89.629 31.463
-89.633 31.519
-89.707 31.492
-89.783 31.575
-88.845 32.434
-88.765 32.522
-88.727 32.388
-88.537 32.516
-88.541 32.495
-88.611 32.437
-88.694 32.370
-88.706 32.379
-89.837 31.580
-89.921 31.608
-89.791 31.608
-88.669 32.372
-88.448 32.361
-88.522 32.366
-88.587 32.400
-89.896 31.740
-89.789 31.654
-89.882 31.676
-89.933 31.654
-88.511 32.421
-88.719 32.537
-89.193 34.569
-89.379 34.956
-89.781 31.728
-89.831 31.726
-89.952 31.719
-88.677 32.362
-88.696 32.357
-89.468 34.840
-89.355 34.768
-89.388 34.870
-89.358 34.668
-89.463 34.724
-89.499 34.817
-89.565 34.748
-89.571 34.826
-89.673 34.790
-89.665 34.835
-89.634 34.850
-89.626 34.930
-89.528 34.939
-89.454 34.935
-89.589 34.955
-89.685 34.888
-89.693 34.968
-89.677 34.725
-89.901 31.421
-88.707 32.366
-88.605 32.368
-88.567 32.322
-88.642 32.361
-88.589 32.421
-88.444 32.535
-89.607 34.645
-89.575 34.584
-89.461 34.612
-89.352 34.568
-89.278 34.544
-88.441 32.447
-88.717 32.368
-88.732 32.377
-88.743 32.375
-88.793 32.376
-88.866 32.503
-88.852 32.558
-88.812 32.513
-88.859 32.306
-88.743 32.346
-88.739 32.358
-88.687 32.345
-88.709 32.322
-88.784 32.303
-88.639 32.284
-88.687 32.282
-88.756 32.281
-88.716 32.250
-88.554 32.252
-88.475 32.277
-88.709 32.376
-88.728 32.411
-88.681 32.403
-88.683 32.423
-89.896 31.477
-89.582 32.458
-89.513 32.529
-89.615 32.539
-89.411 32.508
-89.505 32.464
-89.423 32.427
-89.509 32.405
-89.533 32.361
-89.643 32.358
-89.417 32.370
-89.477 32.343
-89.398 32.268
-89.508 32.268
-89.588 32.276
-89.353 32.322
-89.354 32.375
-89.357 32.432
-89.653 32.375
-89.644 32.455
-89.653 32.268
-89.704 32.263
-89.718 32.452
-89.724 32.552
-89.364 32.541
-89.734 33.940
-89.620 34.023
-89.748 34.010
-89.751 34.117
-89.578 34.100
-89.586 33.916
-89.639 34.115
-89.631 34.166
-89.866 34.075
-89.887 33.979
-89.870 33.927
-89.814 31.049
-89.707 31.094
-89.755 31.176
-89.783 31.221
-89.780 31.268
-89.174 32.544
-89.099 32.524
-89.099 32.471
-89.161 32.458
-89.049 32.431
-89.160 32.290
-89.123 32.389
-89.126 32.345
-89.136 32.313
-89.084 32.556
-89.021 32.516
-88.954 32.486
-89.024 32.320
-89.260 32.453
-90.144 33.072
-90.020 33.129
-90.107 33.136
-90.232 33.212
-90.044 33.247
-89.876 33.087
-90.001 32.991
-89.857 33.200
-89.939 32.978
-90.207 32.999
-90.323 33.075
-90.096 32.964
-90.002 32.926
-89.826 31.241
-89.830 31.243
-89.833 31.257
-89.830 31.263
-89.271 32.539
-89.258 32.297
-89.294 32.385
-89.083 32.274
-88.940 32.323
-90.234 33.316
-89.911 33.089
-89.945 33.126
-89.895 31.219
-89.987 31.233
-90.003 31.298
-89.925 31.291
-89.844 31.310
-89.681 31.262
-89.706 31.356
-89.790 31.371
-89.901 31.356
-89.995 31.362
-88.820 33.467
-88.927 33.465
-88.859 33.439
-88.825 33.429
-88.929 33.424
-88.910 33.381
-89.001 33.476
-88.985 33.388
-89.063 33.485
-88.750 33.530
-88.717 33.469
-88.878 33.538
-88.784 33.466
-88.796 33.457
-88.750 33.409
-88.794 33.325
-88.823 33.393
-88.985 33.533
-89.060 33.543
-88.927 33.321
-89.040 33.355
-88.910 33.489
-88.812 33.494
-88.689 33.365
-88.845 33.482
-89.834 31.271
-89.991 31.178
-89.910 31.151
-89.852 31.130
-88.597 30.421
-88.568 30.409
-88.551 30.412
-88.534 30.419
-88.553 30.442
-88.538 30.435
-88.529 30.459
-88.424 30.336
-88.487 30.485
-88.590 30.472
-88.655 30.504
-88.573 30.538
-88.664 30.558
-88.611 30.575
-88.706 30.596
-88.739 30.516
-88.834 30.537
-88.741 30.617
-88.678 30.639
-88.655 30.654
-88.474 30.568
-88.943 34.898
-88.985 34.958
-88.921 34.951
-88.892 34.983
-88.851 34.936
-88.859 34.848
-88.926 34.859
-88.971 34.833
-88.993 34.776
-89.003 34.718
-88.878 34.744
-88.932 34.718
-89.048 34.671
-88.532 30.665
-88.732 30.701
-88.835 30.661
-88.802 30.435
-88.948 34.682
-88.998 34.626
-88.919 34.638
-88.847 34.698
-89.057 34.742
-88.784 34.736
-88.788 34.676
-88.847 34.636
-88.747 34.648
-88.785 34.807
-88.860 34.792
-88.756 30.451
-88.835 30.405
-88.815 30.403
-88.783 30.403
-88.750 30.421
-88.735 30.279
-88.754 30.359
-88.712 30.402
-88.846 30.417
-88.832 30.450
-88.873 30.445
-88.561 30.257
-88.571 30.389
-88.642 30.377
-88.659 30.376
-88.649 30.399
-88.659 30.446
-88.631 30.464
-88.555 30.378
-90.420 34.658
-90.381 34.668
-88.540 30.374
-88.517 30.391
-90.369 34.692
-90.401 34.700
-90.487 34.729
-90.397 34.749
-90.282 34.726
-88.514 30.380
-88.508 30.373
-88.523 30.374
-88.525 30.367
-90.256 34.809
-90.390 34.822
-90.504 34.606
-90.316 34.637
-90.363 34.519
-88.523 30.364
-88.535 30.359
-88.542 30.363
-88.552 30.360
-88.551 30.357
-88.557 30.365
-88.560 30.353
-88.549 30.349
-88.538 30.349
-88.518 30.359
-88.482 30.338
-88.476 30.372
-88.491 30.406
-88.507 30.410
-88.522 30.403
-91.079 31.695
-91.048 31.721
-91.059 31.699
-91.098 31.760
-91.208 31.655
-91.141 31.691
-91.092 31.643
-91.034 31.704
-91.036 31.671
-90.978 31.701
-90.973 31.638
-90.827 31.709
-90.971 31.788
-91.196 31.821
-91.246 31.723
-91.052 32.022
-91.055 31.922
-90.932 32.034
-90.984 31.896
-91.151 31.899
-90.938 31.884
-90.966 31.944
-90.876 31.958
-90.796 32.090
-90.774 31.953
-90.806 31.852
-90.410 31.264
-90.445 31.241
-90.399 31.228
-90.446 31.258
-90.469 31.230
-90.455 31.235
-90.473 31.234
-90.460 31.243
-90.458 31.250
-90.454 31.220
-90.458 31.268
-90.467 31.264
-90.460 31.285
-90.461 31.293
-90.473 31.249
-90.504 31.247
-90.416 31.206
-90.444 31.184
-90.519 31.193
-90.315 31.140
-90.410 31.144
-90.500 31.150
-90.502 31.093
-90.322 31.052
-90.415 31.103
-90.423 31.047
-90.313 31.217
-90.318 31.301
-90.408 31.324
-90.512 31.323
-90.520 31.270
-90.506 31.028
-90.206 31.086
-90.236 31.041
-90.002 31.052
-90.113 31.066
-90.125 31.023
-90.107 31.099
-90.209 31.222
-90.202 31.130
-90.165 31.134
-90.148 31.167
-90.142 31.125
-90.038 31.147
-90.109 31.234
-89.884 31.036
-90.048 31.120
-90.153 31.304
-90.108 31.320
-90.203 31.313
-90.056 31.279
-90.239 31.299
-90.203 31.161
-90.911 33.977
-90.734 33.954
-90.826 33.868
-90.883 33.794
-90.973 33.863
-91.042 33.847
-91.030 33.782
-90.901 33.667
-91.074 33.679
-91.103 33.571
-90.947 33.564
-90.815 33.550
-90.785 33.770
-90.713 33.864
-90.755 33.788
-90.816 33.689
-90.687 33.719
-90.720 33.736
-90.689 33.749
-90.730 33.773
-90.729 33.737
-89.431 32.785
-89.351 32.811
-89.409 32.887
-89.379 32.734
-89.559 32.770
-89.488 32.767
-89.515 32.869
-89.543 32.674
-89.469 32.694
-89.635 32.739
-89.581 32.855
-89.555 32.722
-89.670 32.871
-89.704 32.729
-89.434 32.611
-89.551 32.608
-89.661 32.621
-90.726 33.744
-90.719 33.693
-90.736 34.052
-90.718 33.816
-90.708 33.777
-90.700 33.740
-89.381 32.678
-89.353 32.617
-90.735 33.625
-90.134 34.705
-89.914 34.611
-89.981 34.582
-90.008 34.640
-90.190 34.580
-90.209 34.662
-90.137 34.613
-90.061 34.602
-89.949 34.697
-89.900 34.670
-89.884 34.750
-89.784 34.718
-89.768 34.642
-89.844 34.589
-89.734 34.587
-89.697 34.650
-90.042 34.681
-89.839 34.671
-89.957 34.631
-90.161 33.516
-90.172 33.509
-89.523 31.883
-89.451 31.915
-89.518 31.971
-89.407 31.996
-89.364 31.840
-89.350 32.061
-89.598 32.026
-89.500 32.059
-89.615 31.908
-89.364 31.930
-89.452 31.826
-89.381 32.156
-89.580 31.817
-89.663 32.087
-89.662 32.156
-89.559 32.168
-89.479 32.155
-89.632 32.204
-89.420 32.054
-90.186 32.356
-90.216 32.346
-90.230 32.342
-90.216 32.353
-90.314 32.323
-90.304 32.344
-90.305 32.258
-90.282 32.257
-90.170 33.522
-90.204 33.483
-90.254 33.521
-90.241 33.557
-90.132 33.553
-90.201 33.633
-90.139 33.481
-90.189 33.468
-90.149 32.334
-90.133 32.341
-90.129 32.350
-90.261 32.347
-90.268 32.338
-90.274 32.284
-90.217 33.394
-90.379 33.344
-90.322 33.452
-90.163 32.353
-90.131 32.360
-90.159 32.363
-90.156 32.373
-90.261 32.329
-90.281 32.324
-90.331 32.373
-90.262 32.366
-90.503 32.423
-90.446 32.455
-90.248 32.246
-90.321 32.256
-90.311 32.339
-90.399 32.244
-90.356 32.198
-90.396 33.501
-90.140 32.374
-90.123 32.367
-90.114 32.379
-90.176 32.362
-90.401 32.332
-90.485 32.284
-90.616 32.320
-90.552 32.200
-90.693 32.174
-90.365 32.431
-90.221 32.248
-90.236 32.254
-90.348 33.533
-90.377 33.611
-90.336 33.746
-91.019 31.195
-90.962 31.209
-90.924 31.284
-90.830 31.208
-90.923 31.151
-90.981 31.143
-90.800 31.140
-90.845 31.295
-90.752 31.294
-90.632 31.206
-90.752 31.189
-90.663 31.303
-91.011 31.058
-90.904 31.053
-90.797 31.070
-90.662 31.050
-90.987 31.300
-91.048 31.297
-90.593 31.291
-90.578 31.091
-90.648 31.144
-90.167 32.359
-90.174 32.319
-90.177 32.309
-90.304 32.352
-90.345 32.347
-90.651 32.118
-90.296 32.464
-90.353 32.320
-90.588 32.094
-90.251 32.227
-90.281 32.239
-90.273 32.201
-90.212 32.235
-90.262 32.179
-90.502 32.116
-90.190 32.287
-90.163 32.318
-90.169 32.299
-90.189 32.309
-90.233 32.322
-90.235 32.334
-90.239 32.325
-90.197 32.303
-90.197 32.316
-90.188 32.315
-90.182 32.321
-90.166 32.337
-90.249 32.334
-90.206 32.320
-90.313 32.104
-90.211 32.298
-90.208 32.293
-90.414 32.118
-90.203 32.300
-90.177 32.378
-90.158 32.391
-90.215 32.317
-90.226 32.318
-90.222 32.300
-90.208 32.304
-88.383 33.149
-88.389 33.243
-88.652 33.237
-88.409 33.017
-88.502 33.168
-88.530 33.062
-88.564 32.971
-88.738 32.973
-88.736 33.092
-88.605 33.114
-90.138 32.390
-90.126 32.392
-90.097 32.394
-90.238 32.302
-90.223 32.293
-90.182 32.393
-90.207 32.379
-90.244 32.292
-90.257 32.286
-90.186 32.366
-90.235 32.369
-90.275 32.412
-90.245 32.315
-90.226 32.286
-88.467 34.719
-90.199 32.353
-90.189 32.337
-90.197 32.333
-90.232 32.276
-90.245 32.276
-90.239 32.263
-88.370 34.713
-88.551 34.729
-90.191 32.322
-90.199 32.323
-90.248 32.264
-90.221 32.276
-90.228 32.263
-88.530 34.667
-88.559 34.619
-88.610 34.566
-88.600 34.692
-88.525 34.636
-88.673 34.716
-88.672 34.643
-88.604 34.521
-88.704 34.536
-88.454 34.508
-88.392 34.548
-88.421 34.639
-90.209 32.330
-90.206 32.342
-90.214 32.266
-90.210 32.287
-90.219 32.309
-90.187 32.345
-90.196 32.346
-90.229 32.309
-90.208 32.311
-90.259 32.260
-90.180 32.337
-90.173 32.339
-90.170 32.346
-90.288 32.306
-90.002 34.930
-90.059 34.918
-90.081 34.950
-90.053 34.955
-90.071 34.970
-89.854 34.949
-88.651 34.436
-88.636 34.487
-88.708 34.467
-88.572 34.480
-88.583 34.439
-88.586 34.398
-88.703 34.382
-88.658 34.367
-88.593 34.357
-90.159 34.805
-90.031 34.800
-90.051 34.942
-90.024 34.959
-88.569 34.324
-88.622 34.307
-88.677 34.303
-88.665 34.266
-88.683 34.241
-88.711 34.260
-90.023 34.973
-89.998 34.964
-89.959 34.955
-88.714 34.295
-88.740 34.271
-88.742 34.308
-88.718 34.324
-88.573 34.285
-89.445 34.345
-89.310 34.322
-89.301 34.447
-89.347 34.213
-89.965 34.926
-89.964 34.882
-89.915 34.886
-88.631 34.250
-88.628 34.271
-89.383 34.282
-89.523 34.327
-89.429 34.441
-89.492 34.242
-89.514 34.497
-89.643 34.393
-89.983 34.817
-89.932 34.827
-90.001 34.750
-89.902 34.933
-89.870 34.909
-89.857 34.857
-89.815 34.879
-89.831 34.795
-89.759 34.843
-89.914 34.962
-88.579 34.251
-88.740 34.239
-88.788 34.260
-88.790 34.320
-88.767 34.459
-89.650 34.519
-89.591 34.445
-89.551 34.337
-89.609 34.294
-89.693 34.334
-89.679 34.231
-89.574 34.234
-89.821 34.933
-89.795 34.926
-89.756 34.946
-89.795 34.971
-88.727 34.409
-88.758 34.377
-88.804 34.369
-88.785 34.197
-88.716 34.208
-88.776 34.110
-88.744 34.140
-88.686 34.112
-88.643 34.209
-88.700 34.182
-88.685 34.144
-89.463 34.192
-89.840 34.980
-89.882 34.975
-88.574 34.138
-88.601 34.105
-88.631 34.152
-89.939 34.986
-89.968 34.974
-88.579 34.199
-90.004 34.987
-90.058 34.986
-90.158 34.964
-90.214 34.914
-90.080 34.818
-90.060 34.881
-90.625 33.817
-90.536 33.569
-90.727 33.371
-90.600 33.342
-90.816 33.051
-90.691 33.038
-90.763 32.972
-90.660 33.407
-90.621 33.431
-90.511 33.438
-90.873 32.917
-90.771 32.917
-90.851 32.876
-90.768 32.754
-90.876 32.901
-90.892 32.759
-90.877 32.971
-90.607 33.449
-90.615 33.490
-90.517 33.528
-90.698 33.481
-90.504 33.650
-90.622 33.601
-90.736 33.552
-90.580 33.710
-90.574 33.740
-90.534 33.828
-90.555 33.940
-88.316 33.676
-88.295 33.598
-88.363 33.589
-88.399 33.667
-88.419 33.623
-88.330 33.573
-88.312 33.544
-88.310 33.510
-88.377 33.524
-88.366 33.498
-88.389 33.492
-88.380 33.569
-88.408 33.548
-88.376 33.499
-88.401 33.520
-88.409 33.509
-88.377 33.490
-88.460 33.562
-89.427 33.604
-89.450 33.685
-89.308 33.684
-89.279 33.603
-89.281 33.574
-89.372 33.552
-89.375 33.502
-88.422 33.502
-88.428 33.522
-88.543 33.450
-88.444 33.496
-88.469 33.628
-89.461 33.491
-89.224 33.571
-89.278 33.521
-89.197 33.677
-89.142 33.640
-89.170 33.570
-89.064 33.631
-89.132 33.547
-88.451 33.641
-88.345 33.457
-88.303 33.470
-88.398 33.430
-88.440 33.324
-88.410 33.465
-89.076 33.576
-89.095 33.709
-88.406 33.489
-88.424 33.485
-88.427 33.500
-88.425 33.503
-88.593 33.351
-88.423 33.405
-88.512 33.502
-88.465 33.510
-88.629 33.433
-88.376 33.471
-88.439 33.476
-88.399 33.501
-88.418 33.501
-88.417 33.513
-88.434 33.511
-88.394 33.627
-89.795 33.771
-89.775 33.763
-89.747 33.791
-89.654 33.755
-88.384 33.503
-88.367 33.505
-89.835 33.752
-89.812 33.712
-89.767 33.696
-89.916 33.708
-89.626 33.700
-90.039 33.745
-89.773 33.811
-89.612 33.838
-89.559 33.779
-89.868 33.773
-89.892 33.834
-89.788 33.861
-88.361 33.495
-88.356 33.544
-88.457 30.891
-88.492 30.958
-88.332 33.522
-88.349 33.508
-88.414 33.493
-88.552 30.929
-88.591 30.963
-88.533 30.885
-88.411 33.487
-88.365 33.458
-88.357 33.474
-88.331 33.454
-88.574 30.898
-88.503 30.816
-88.543 30.848
-88.594 30.871
-88.654 30.808
-88.506 30.756
-88.598 30.759
-88.361 33.438
-88.375 33.404
-88.327 33.378
-88.379 33.378
-88.439 30.784
-88.609 30.881
-88.604 30.916
-88.698 30.874
-88.690 30.854
-88.682 30.908
-88.672 30.969
-88.782 30.969
-88.813 30.878
-88.787 30.774
-88.891 30.409
-88.899 30.404
-91.039 33.408
-90.908 33.264
-90.784 33.279
-91.093 33.470
-91.002 33.415
-88.909 30.331
-88.914 30.412
-88.944 30.407
-91.002 33.451
-90.911 33.472
-90.817 33.439
-88.966 30.275
-88.988 30.400
-89.056 30.418
-89.008 30.414
-88.977 30.434
-88.940 30.438
-88.860 30.274
-88.891 30.430
-88.976 30.474
-88.914 30.476
-89.090 30.364
-89.129 30.252
-89.121 30.367
-89.122 30.386
-89.116 30.417
-89.076 30.435
-89.056 30.452
-89.035 30.468
-89.092 30.464
-89.137 30.358
-89.149 30.359
-89.164 30.375
-89.163 30.405
-89.148 30.452
-89.090 30.494
-89.149 30.527
-89.209 30.520
-89.096 30.537
-89.028 30.556
-88.931 30.597
-89.027 30.642
-89.142 30.636
-89.156 30.301
-89.170 30.350
-89.183 30.361
-89.215 30.405
-89.221 30.324
-89.254 30.257
-89.289 30.383
-89.289 30.445
-89.270 30.517
-89.321 30.503
-89.209 30.603
-89.302 30.602
-89.039 30.383
-89.048 30.270
-89.017 30.402
-89.038 30.411
-89.050 30.410
-89.050 30.387
-89.060 30.383
-89.071 30.381
-89.084 30.382
-89.079 30.372
-91.051 33.361
-89.092 30.382
-89.072 30.401
-89.086 30.409
-88.872 30.401
-91.059 33.415
-91.007 33.328
-91.044 33.224
-91.096 33.309
-91.078 33.394
-88.883 30.397
-88.882 30.406
-88.893 30.399
-91.043 33.394
-90.826 33.152
-91.102 33.355
-90.958 33.377
-91.043 33.415
-88.435 33.870
-88.470 33.923
-88.572 33.936
-88.273 33.818
-88.452 33.821
-88.406 33.741
-88.561 33.722
-88.541 33.826
-88.561 33.794
-88.582 33.841
-88.670 33.756
-88.671 33.860
-88.657 33.933
-88.665 34.021
-89.171 31.948
-89.170 32.039
-89.268 32.001
-89.157 32.110
-89.054 31.920
-89.057 31.858
-89.173 31.862
-89.290 31.933
-89.021 32.033
-89.261 31.849
-89.225 32.169
-88.963 31.941
-88.972 32.113
-88.959 32.199
-89.069 32.175
-88.962 31.872
-89.270 32.072
-89.090 31.969
-89.100 31.836
-88.353 34.060
-88.266 34.004
-88.298 34.025
-88.426 34.013
-88.492 34.000
-88.507 34.071
-88.317 33.913
-88.478 33.978
-88.513 33.969
-88.531 34.016
-88.632 34.066
-89.267 33.165
-89.247 33.239
-89.179 33.263
-89.147 33.307
-89.261 33.296
-89.270 33.349
-89.264 33.408
-89.144 33.429
-89.137 33.496
-89.256 33.480
-89.338 33.303
-89.415 33.309
-89.389 33.393
-89.646 30.620
-89.677 30.608
-90.501 33.176
-88.614 33.584
-88.567 33.643
-88.663 33.649
-88.535 33.572
-88.681 33.599
-88.719 33.662
-88.626 33.535
-88.811 33.582
-88.670 33.582
-88.781 33.643
-88.890 33.691
-88.958 33.616
-88.991 33.709
-88.820 33.770
-90.514 33.234
-90.502 33.299
-90.449 33.219
-89.646 30.580
-89.658 30.547
-89.619 30.560
-89.581 30.538
-89.654 30.513
-89.679 30.482
-90.500 33.198
-90.627 33.227
-90.601 33.096
-90.650 33.151
-90.585 32.973
-90.490 33.057
-90.496 33.172
-90.399 33.172
-90.493 32.942
-89.699 30.521
-89.724 30.521
-89.702 30.567
-89.684 30.577
-89.627 30.654
-89.601 30.611
-89.565 30.624
-89.764 30.581
-89.713 30.675
-89.781 30.682
-89.614 30.702
-89.635 30.752
-89.554 30.822
-89.607 30.821
-89.665 30.816
-89.560 30.853
-89.515 30.827
-89.479 30.740
-89.416 30.685
-89.386 30.805
-89.749 30.812
-89.606 30.899
-89.422 30.916
-89.379 30.988
-89.543 30.978
-89.677 30.955
-90.099 32.405
-90.114 32.408
-90.130 32.407
-90.153 32.407
-90.169 32.426
-90.228 32.470
-90.287 32.600
-90.334 32.538
-90.416 32.527
-89.883 32.690
-89.783 32.690
-89.784 32.864
-89.909 32.857
-89.876 32.784
-90.161 32.627
-89.843 32.614
-90.045 32.686
-89.975 32.672
-89.971 32.599
-89.964 32.550
-90.021 32.580
-90.044 32.633
-90.054 32.624
-90.058 32.614
-90.040 32.601
-90.060 32.587
-90.101 32.574
-90.150 32.530
-90.210 32.523
-90.118 32.484
-90.075 32.508
-90.013 32.520
-90.063 32.475
-90.076 32.457
-90.086 32.460
-90.101 32.457
-90.120 32.469
-90.159 32.456
-90.091 32.439
-90.115 32.437
-90.114 32.420
-90.079 32.418
-90.362 32.004
-90.298 31.851
-90.372 31.920
-90.382 31.861
-90.388 31.874
-90.447 31.863
-90.434 31.967
-90.277 31.997
-90.200 31.907
-90.610 31.907
-90.176 31.806
-90.364 31.805
-90.261 31.769
-90.377 31.734
-90.395 31.698
-90.597 31.779
-90.437 31.791
-90.669 31.983
-90.488 32.015
-90.105 32.275
-90.082 32.262
-89.858 32.176
-89.450 31.323
-89.553 31.263
-89.540 31.392
-89.561 31.317
-90.121 32.275
-89.765 32.252
-89.953 32.242
-90.009 32.368
-90.046 32.266
-89.631 31.347
-89.425 31.337
-89.585 31.172
-90.031 32.300
-90.029 32.288
-89.986 32.353
-89.920 32.327
-89.975 32.196
-89.147 30.897
-89.132 30.880
-89.242 30.883
-89.104 30.802
-90.016 32.297
-90.054 32.345
-89.153 30.862
-89.091 30.866
-89.179 30.824
-89.199 30.776
-89.117 30.702
-89.290 30.833
-89.002 30.728
-89.203 30.713
-89.296 30.720
-89.022 30.826
-88.936 30.848
-90.200 32.086
-90.127 32.076
-90.203 32.152
-90.139 32.133
-90.170 32.208
-90.056 32.079
-90.111 32.158
-90.065 32.179
-89.991 32.406
-89.988 32.117
-90.164 32.247
-90.148 32.280
-90.107 32.229
-91.386 31.446
-91.320 31.417
-91.231 31.470
-91.487 31.381
-91.385 31.546
-91.403 31.555
-91.226 31.584
-90.123 32.319
-90.115 32.293
-90.132 32.278
-90.130 32.271
-90.121 32.260
-91.396 31.562
-90.012 32.313
-89.948 32.358
-90.023 32.339
-89.959 32.277
-90.063 32.309
-90.076 32.366
-90.039 32.416
-89.960 32.458
-90.094 32.298
-89.861 32.501
-89.801 32.448
-89.820 32.325
-89.442 31.262
-89.377 31.281
-91.387 31.560
-91.366 31.565
-91.348 31.582
-91.328 31.574
-91.390 31.506
-91.352 31.593
-91.375 31.573
-91.452 31.605
-91.289 31.638
-91.359 31.513
-91.358 31.555
-89.754 32.122
-89.774 32.185
-89.851 32.237
-89.998 32.386
-89.487 31.038
-89.602 31.064
-89.418 31.123
-89.437 31.167
-89.395 31.048
-89.493 31.194
-89.384 31.231
-91.358 31.679
-89.892 32.102
-90.027 32.240
-89.788 32.079
-89.351 31.288
-89.439 31.301
-89.363 31.310
-89.367 31.322
-89.404 31.281
-88.306 34.870
-88.150 34.860
-88.233 34.804
-88.347 34.809
-88.302 34.797
-88.213 34.743
-88.295 34.653
-88.179 34.646
-88.242 34.656
-88.296 34.535
-90.360 34.322
-90.248 34.443
-90.251 34.503
-90.252 34.373
-90.247 34.312
-90.298 34.279
-90.307 34.236
-88.224 34.559
-88.179 34.553
-88.211 34.528
-88.259 34.507
-88.207 34.480
-90.381 34.145
-90.205 34.240
-90.176 34.146
-90.267 34.131
-88.299 34.950
-88.203 34.947
-88.224 34.868
-88.168 34.787
-90.781 32.379
-90.639 32.486
-90.695 32.379
-90.754 32.490
-90.765 32.542
-90.765 32.280
-90.864 32.333
-90.847 32.360
-90.843 32.424
-90.866 32.350
-90.830 32.306
-90.854 32.324
-90.871 32.360
-90.891 32.324
-90.936 32.255
-91.005 32.467
-90.882 32.340
-90.882 32.289
-91.026 32.166
-90.877 32.187
-90.841 32.271
-90.803 32.204
-89.647 32.979
-89.609 33.002
-89.637 33.104
-89.537 32.990
-89.476 33.253
-89.541 33.101
-89.547 33.069
-89.430 33.045
-89.366 33.238
-89.421 33.150
-89.496 33.179
-90.441 31.570
-90.430 31.571
-90.365 31.459
-90.275 31.465
-89.582 33.115
-89.638 33.174
-89.644 33.246
-89.750 33.138
-89.811 32.928
-89.705 33.034
-89.790 33.029
-89.652 33.059
-89.373 33.118
-89.390 32.972
-90.401 31.536
-90.310 31.535
-90.339 31.380
-90.446 31.522
-90.352 31.614
-90.288 31.576
-90.444 31.580
-90.430 31.581
-90.425 31.595
-90.288 31.664
-90.397 31.655
-90.441 31.599
-90.432 31.625
-90.458 31.662
-90.465 31.601
-90.551 31.617
-90.535 31.672
-90.479 31.554
-90.461 31.586
-90.452 31.388
-90.466 31.452
-90.502 31.491
-90.522 31.380
-90.577 31.406
-90.581 31.482
-90.599 31.559
-90.524 31.557
-90.666 31.657
-89.041 31.623
-88.980 31.677
-89.269 31.491
-89.052 31.655
-89.015 31.510
-89.122 31.565
-89.070 31.565
-89.188 31.562
-89.208 31.592
-89.208 31.601
-89.352 31.470
-89.358 31.556
-89.207 31.610
-89.151 31.672
-89.139 31.683
-89.175 31.479
-89.105 31.777
-89.124 31.714
-89.139 31.713
-89.133 31.700
-89.152 31.702
-89.140 31.728
-89.156 31.771
-89.210 31.739
-89.221 31.790
-89.053 31.746
-89.334 31.657
-89.296 31.745
-89.316 31.697
-89.229 31.692
-89.386 31.655
-89.375 31.740
-89.164 31.679
-89.232 31.655
-89.311 31.624
-89.118 31.701
-89.126 31.680
-89.306 31.786
-89.174 31.650
-89.269 31.587
-89.060 31.703
-89.013 31.798
-89.139 31.668
-88.982 31.747
-89.153 31.638
-89.105 31.663
-89.032 34.362
-88.878 34.204
-88.889 34.172
-88.880 34.115
-88.995 34.117
-89.193 34.296
-89.177 34.651
-89.221 34.748
-89.130 34.841
-89.137 34.934
-89.290 34.919
-89.050 34.324
-88.974 34.341
-88.955 34.313
-88.997 34.282
-88.884 34.320
-88.935 34.258
-88.853 34.346
-88.885 34.273
-88.850 34.253
-89.008 34.246
-89.019 34.242
-89.057 34.263
-89.097 34.340
-89.185 34.352
-89.111 34.284
-89.169 34.245
-89.201 34.206
-89.091 34.204
-89.203 34.117
-89.108 34.122
-89.155 34.169
-89.045 34.174
-88.977 34.201
-88.906 34.542
-88.915 34.460
-88.831 34.552
-88.833 34.444
-89.193 34.518
-89.176 34.467
-89.100 34.553
-89.053 34.530
-88.972 34.494
-88.958 34.430
-88.890 34.392
-88.767 34.537
-89.193 34.409
-89.018 34.474
-89.068 34.468
-89.087 34.409
-88.999 34.402
-89.003 34.473
-88.979 34.556
-89.298 31.332
-89.319 31.329
-89.338 31.340
-89.316 31.318
-89.318 31.298
-89.340 31.324
-89.298 31.321
-89.299 31.311
-89.308 31.305
-89.298 31.207
-89.339 31.226
-89.273 31.125
-89.284 31.312
-89.287 31.002
-89.203 31.043
-89.339 31.300
-89.292 31.298
-89.233 31.247
-89.366 31.354
-89.410 31.388
-89.351 31.410
-89.258 31.404
-89.304 31.387
-89.272 31.352
-89.323 31.348
-89.282 31.324
-89.292 31.342
-89.187 31.392
-89.189 31.294
-89.246 31.361
-89.248 31.330
-89.191 31.145
-89.172 30.957
-89.041 33.218
-88.898 33.187
-89.093 33.048
-89.056 33.115
-89.094 33.094
-89.160 33.166
-89.084 33.091
-88.899 33.066
-88.925 32.986
-89.063 32.970
-89.011 33.080
-89.220 33.078
-89.225 32.981
-90.399 32.743
-90.363 32.822
-90.422 32.817
-90.398 32.847
-90.384 32.857
-90.326 32.870
-90.349 32.663
-90.324 32.715
-90.209 32.713
-90.271 32.792
-90.401 32.629
-90.535 32.582
-90.635 32.637
-90.510 32.761
-90.623 32.749
-90.517 32.872
-90.213 32.902
-90.103 32.790
-90.160 32.886
-90.059 32.870
-90.414 32.894
-90.355 32.961
-90.265 32.937
-90.418 32.966
-90.435 32.842
-90.427 32.851
-90.419 32.860
-90.657 32.854
-90.481 32.694
-90.385 32.884
-88.530 31.478
-88.512 31.550
-88.624 31.520
-88.570 31.618
-88.500 31.637
-88.579 31.706
-88.643 31.663
-88.655 31.654
-88.663 31.681
-88.636 31.710
-88.828 31.478
-88.723 31.574
-88.674 31.790
-88.508 31.755
-89.289 33.770
-88.600 31.768
-88.567 31.830
-88.629 31.814
-88.739 31.765
-88.719 31.675
-88.821 31.700
-88.501 31.843
-89.427 33.788
-89.240 33.852
-89.177 33.891
-89.297 33.939
-89.406 33.873
-89.416 33.932
-89.240 34.032
-89.430 34.016
-89.400 34.116
-88.909 31.711
-88.870 31.795
-88.887 31.584
-91.160 31.143
-91.306 31.042
-91.138 31.038
-91.502 31.121
-91.373 31.101
-91.276 31.182
-91.352 31.177
-91.356 31.290
-91.165 31.277
-90.125 34.028
-90.062 34.116
-89.958 34.117
-90.019 34.035
-89.958 34.038
-90.004 33.988
-90.150 33.969
-90.187 33.908
-90.260 34.031
-89.569 33.533
-89.628 33.641
-89.700 33.535
-89.748 33.613
-89.543 33.613
-89.656 33.497
-89.678 33.433
-89.756 33.477
-89.579 33.441
-89.623 33.601
-89.455 33.447
-89.510 33.365
-90.084 33.944
-90.294 33.966
-90.335 34.002
-90.298 33.928
-90.357 33.944
-90.398 33.971
-90.415 34.031
-89.968 33.938
-90.010 33.868
-90.077 33.852
-90.206 33.763
-89.954 33.862
-90.336 33.855
-89.591 33.325
-89.706 33.659
-89.594 33.473
-89.651 33.433
-90.562 34.148
-90.625 34.038
-90.659 34.132
-90.640 34.184
-90.816 34.150
-90.497 34.190
-90.165 31.578
-90.214 31.604
-90.120 31.565
-90.094 31.591
-90.064 31.605
-89.999 31.611
-90.135 31.649
-90.195 31.664
-90.005 31.659
-90.072 31.683
-90.033 31.734
-90.159 31.720
-90.113 31.440
-90.206 31.436
-90.202 31.379
-90.076 31.380
-89.981 31.433
-90.144 31.522
-90.208 31.483
-90.089 31.523
-90.029 31.489
-89.980 31.506
-90.014 31.572
-90.606 34.228
-90.758 34.220
-90.745 34.278
-90.523 34.267
-90.447 34.287
-90.598 34.331
-90.482 34.354
-90.501 34.437
-90.575 34.209
-90.577 34.209
-90.542 34.190
-90.529 34.033
-90.499 34.107
-89.822 34.431
-89.806 34.368
-89.951 34.408
-89.987 34.456
-89.955 34.509
-90.106 34.520
-90.115 34.425
-89.791 34.503
-89.845 34.368
-89.903 34.343
-90.174 34.499
-90.127 34.336
-89.963 34.358
-90.002 34.312
-90.096 34.273
-90.056 34.224
-89.968 34.189
-89.950 34.292
-89.941 34.253
-89.854 34.221
-90.022 34.344
-89.894 34.299
-89.739 34.391
-89.773 34.257
-88.491 34.932
-88.422 34.962
-88.501 34.975
-88.422 34.909
-88.505 34.947
-88.557 34.938
-88.752 34.935
-88.605 34.970
-88.414 34.847
-88.492 34.893
-88.425 34.784
-88.577 34.820
-88.586 34.778
-88.545 34.885
-88.727 34.822
-88.649 34.882
-89.122 33.773
-88.993 33.778
-88.960 33.823
-89.061 33.844
-89.092 33.947
-88.969 33.920
-88.929 33.859
-88.845 33.887
-88.758 33.891
-88.750 33.979
-88.806 33.988
-88.812 34.043
-88.965 33.979
-88.968 34.058
-89.049 34.030
-89.436 31.502
-89.531 31.482
-89.475 31.619
-89.553 31.620
-89.435 31.652
-89.472 31.695
-89.554 31.674
-89.441 31.751
-89.507 31.756
-89.561 31.749
-89.621 31.637
-89.516 31.573
-89.648 31.587
-89.711 31.615
-89.708 31.664
-89.646 31.707
-89.674 31.741
-88.521 31.217
-88.544 31.167
-88.548 31.349
-88.485 31.047
-88.665 31.053
-88.665 31.097
-88.663 31.206
-88.753 31.328
-88.815 31.408
-88.717 31.400
-88.759 31.261
-88.753 31.175
-88.815 31.109
-88.801 31.019
-88.686 31.960
-88.752 32.050
-88.784 31.985
-88.843 31.961
-88.842 32.061
-88.781 32.101
-88.778 32.147
-88.689 32.131
-88.627 32.083
-88.662 32.029
-88.568 31.944
-88.614 31.891
-88.749 31.875
-88.735 31.936
-88.860 31.883
-88.890 32.025
-88.843 32.173
-88.683 32.185
-88.569 32.172
-88.478 32.184
-88.489 32.095
-88.562 32.010
-88.493 31.995
-88.466 32.664
-88.619 32.839
-88.477 32.840
-88.608 32.724
-88.664 32.834
-88.731 32.863
-88.676 32.657
-88.579 32.630
-88.809 32.719
-88.757 32.603
-88.863 32.645
-88.815 32.807
-88.853 32.890
-88.911 31.150
-89.028 31.216
-88.955 31.160
-89.072 31.154
-89.112 31.280
-88.942 31.271
-89.084 31.378
-88.893 31.206
-88.891 31.050
-89.034 31.300
-88.979 31.393
-88.969 31.331
-88.887 31.367
-89.046 31.008
-88.910 30.953
-89.501 30.593
-89.401 30.616
-89.408 30.565
-89.512 30.512
-89.418 30.505
-89.362 30.500
-89.457 30.468
-89.390 30.434
-89.380 30.391
-89.367 30.369
-89.421 30.389
-89.393 30.325
-89.426 30.314
-89.558 30.393
-89.430 30.302
-89.363 30.327
-89.333 30.336
-89.319 30.314
-89.340 30.312
-89.327 30.288
-89.377 30.297
-89.376 30.287
-89.397 30.276
-89.410 30.275
-89.492 30.274
-89.598 30.243
-89.811 31.884
-89.746 31.909
-89.793 31.936
-89.703 31.933
-89.759 31.842
-89.734 31.881
-89.992 31.996
-89.923 32.013
-89.878 32.015
-89.859 31.954
-89.903 31.921
-89.827 32.002
-89.678 31.809
-89.730 31.802
-89.798 31.800
-89.844 31.827
-89.962 31.860
-89.878 31.797
-89.959 31.789
-89.719 32.011
-90.008 31.809
-90.090 31.820
-90.049 31.906
-90.077 31.980
-90.170 31.994
-89.903 31.837
-89.690 31.858
-89.752 31.893
-89.925 31.983
-89.126 32.757
-89.263 32.604
-89.156 32.609
-89.081 32.625
-88.996 32.628
-89.157 32.691
-89.113 32.893
-88.932 32.660
-88.944 32.771
-88.994 32.774
-89.245 32.799
-89.053 32.825
-89.007 32.814
-88.930 32.833
-88.987 32.874
-89.250 32.663
-89.091 32.765
-89.111 32.782
-89.238 32.901
-89.108 32.720
-89.029 32.704
-89.056 32.710
-89.182 32.761
-89.161 32.807
-89.234 32.850
-89.281 32.761
-89.259 32.719
