-111.057 45.675
-111.215 45.741
-111.055 45.830
-111.176 45.767
-111.177 45.772
-111.047 45.675
-111.077 45.690
-111.059 45.690
-111.145 45.699
-111.063 45.638
-111.005 45.640
-111.056 45.653
-111.044 45.688
-111.033 45.672
-111.061 45.736
-111.081 45.693
-111.116 45.766
-111.018 45.691
-110.911 45.714
-111.334 45.864
-111.054 45.666
-111.338 45.981
-111.133 46.048
-111.553 45.889
-111.090 45.718
-111.116 45.638
-111.356 45.713
-111.075 45.675
-111.201 45.178
-111.178 45.776
-111.025 45.684
-111.023 45.669
-111.188 45.791
-111.040 45.673
-110.888 45.990
-111.556 45.789
-111.039 45.663
-111.015 45.502
-110.901 45.598
-111.093 45.679
-111.189 44.742
-111.221 45.522
-111.237 45.796
-111.325 45.840
-111.241 45.644
-111.073 45.682
-115.970 48.073
-114.588 47.388
-114.911 47.600
-115.713 47.889
-115.778 48.090
-114.344 47.313
-114.631 47.668
-114.795 47.347
-115.600 47.704
-115.279 47.705
-106.783 47.450
-107.427 47.506
-106.691 47.007
-107.473 47.119
-106.391 47.444
-107.844 47.134
-106.271 47.042
-112.326 48.628
-113.018 48.556
-113.354 48.619
-112.429 48.710
-112.662 48.913
-113.089 48.743
-112.339 48.636
-113.533 48.869
-113.013 48.556
-112.843 48.453
-112.329 48.638
-112.252 48.553
-112.839 48.704
-112.333 48.632
-113.015 48.549
-113.182 48.401
-105.518 46.887
-105.308 46.792
-104.865 46.764
-105.317 46.792
-112.252 48.305
-111.846 48.212
-111.947 48.177
-112.314 48.357
-111.947 48.169
-112.543 48.186
-112.979 48.239
-111.714 48.042
-105.629 45.954
-105.899 46.615
-105.995 46.169
-105.135 46.395
-105.209 45.934
-105.834 46.418
-105.828 46.390
-105.625 46.338
-105.222 46.191
-105.842 46.397
-105.853 46.414
-104.944 46.531
-105.986 45.891
-105.676 46.535
-108.250 47.118
-112.485 45.989
-112.616 45.710
-112.576 45.893
-112.513 45.983
-112.490 45.997
-112.545 46.028
-112.547 45.987
-112.497 45.988
-112.536 46.016
-112.544 46.039
-112.519 46.000
-112.554 46.001
-112.550 45.960
-112.695 46.064
-112.523 45.994
-112.544 45.914
-112.518 45.968
-112.538 46.000
-112.497 45.964
-112.504 46.077
-112.560 46.024
-112.764 45.969
-112.520 45.979
-112.446 45.935
-112.478 46.009
-112.606 45.971
-112.543 46.010
-112.495 45.978
-112.489 45.970
-112.529 46.036
-112.497 45.983
-112.423 45.816
-112.515 45.955
-112.547 46.008
-112.525 46.006
-112.790 45.834
-112.561 46.011
-112.486 45.980
-112.517 45.989
-112.535 46.011
-112.529 45.988
-112.559 46.015
-112.503 45.993
-112.602 46.107
-113.993 46.872
-114.041 46.962
-113.991 46.791
-114.362 46.741
-113.885 47.072
-114.049 46.853
-114.060 46.691
-113.602 47.503
-114.005 46.867
-114.047 46.864
-114.014 46.861
-114.005 46.885
-113.875 46.822
-114.031 46.813
-113.948 46.871
-113.972 46.871
-114.470 46.915
-114.065 46.822
-113.802 47.404
-113.563 47.208
-114.013 46.842
-114.106 46.982
-114.009 46.857
-114.093 47.088
-114.023 46.860
-113.985 46.862
-114.026 46.839
-113.962 46.829
-113.947 46.725
-114.047 46.873
-114.428 47.000
-114.002 46.856
-114.041 46.825
-113.481 46.877
-114.455 47.133
-113.822 46.865
-113.805 46.943
-114.158 47.040
-114.283 46.963
-114.088 46.858
-113.530 46.993
-114.012 46.877
-114.241 46.871
-114.033 46.852
-113.723 46.753
-114.147 46.922
-113.991 46.852
-113.934 46.922
-114.075 46.842
-114.087 46.891
-114.009 46.833
-112.944 46.125
-113.207 45.941
-112.930 46.127
-112.940 46.128
-113.225 46.195
-112.858 46.111
-112.946 46.132
-112.951 46.127
-112.955 46.133
-112.936 46.123
-112.957 46.128
-112.965 46.128
-112.979 46.132
-113.093 46.100
-113.085 46.189
-112.963 46.136
-112.804 46.208
-112.971 46.135
-111.984 46.588
-112.342 46.827
-112.138 46.999
-112.646 47.489
-112.039 46.719
-112.061 46.595
-112.077 46.549
-111.903 46.603
-112.058 46.629
-111.962 46.735
-112.016 46.641
-112.043 46.597
-112.035 46.653
-112.010 46.585
-112.161 46.604
-112.263 46.690
-112.057 46.607
-112.235 46.507
-112.031 46.670
-111.912 46.630
-111.984 46.576
-111.972 47.103
-112.751 47.163
-111.724 46.622
-112.031 46.598
-112.074 46.747
-111.857 46.668
-111.946 46.595
-112.004 46.572
-112.166 46.649
-112.032 46.614
-112.035 46.633
-111.991 46.639
-111.994 46.575
-112.009 46.579
-111.753 46.807
-112.405 47.205
-111.918 46.589
-112.027 46.582
-111.992 46.608
-112.046 46.604
-112.060 46.684
-111.946 46.657
-112.036 46.587
-112.026 46.588
-112.563 46.924
-112.066 46.602
-112.054 46.582
-112.018 46.595
-112.050 46.613
-112.021 46.608
-112.006 46.594
-112.042 46.592
-111.877 46.581
-111.160 48.537
-110.823 48.699
-110.987 48.712
-110.911 48.299
-104.546 45.736
-104.862 45.278
-104.551 45.889
-104.407 45.197
-104.249 46.965
-105.583 45.724
-105.318 45.295
-105.425 45.092
-106.056 45.452
-105.103 45.685
-106.087 45.117
-105.623 45.453
-105.958 45.719
-104.465 46.152
-104.169 46.033
-104.231 46.408
-104.281 46.364
-104.644 46.421
-104.269 46.365
-113.071 45.670
-112.628 45.212
-112.815 45.517
-112.125 44.635
-112.470 45.041
-112.631 45.274
-112.766 45.277
-112.715 44.747
-113.554 45.680
-113.454 45.354
-112.626 45.224
-113.177 44.948
-113.076 45.260
-112.640 45.210
-112.592 45.275
-112.641 45.220
-109.283 48.785
-108.662 48.453
-108.768 48.086
-108.554 48.853
-108.540 48.143
-109.232 48.590
-108.698 48.372
-108.748 48.670
-109.217 48.059
-109.193 48.467
-111.423 46.508
-111.510 46.320
-111.673 46.404
-111.278 46.287
-111.538 46.123
-104.185 48.848
-111.298 47.511
-111.210 47.247
-111.275 47.489
-111.501 47.631
-111.235 47.504
-111.367 47.620
-111.415 47.484
-111.251 47.498
-110.880 47.354
-111.671 47.188
-111.383 47.450
-111.314 47.530
-111.547 47.479
-111.333 47.501
-111.221 47.497
-111.276 47.612
-110.832 47.029
-111.915 47.488
-111.132 47.619
-111.300 47.502
-111.706 47.491
-111.284 47.462
-111.273 47.504
-111.331 47.512
-111.188 47.507
-111.313 47.519
-111.246 47.490
-111.326 47.486
-111.279 47.498
-111.679 47.596
-111.257 47.512
-111.493 47.398
-111.295 47.533
-111.079 47.503
-111.239 47.522
-111.300 47.491
-111.279 47.511
-111.321 47.434
-109.018 46.410
-109.333 46.353
-114.100 48.231
-114.330 48.348
-114.299 48.287
-114.243 48.310
-114.077 48.065
-114.275 48.221
-114.341 48.399
-114.363 48.271
-113.540 48.282
-114.276 48.171
-114.794 48.138
-114.313 48.222
-114.204 48.370
-114.304 48.187
-113.956 48.407
-114.448 48.434
-114.255 48.241
-114.406 48.719
-114.480 48.166
-114.675 48.540
-114.200 48.093
-114.291 48.388
-114.338 48.417
-114.365 48.212
-114.316 48.204
-114.352 48.194
-114.295 48.197
-114.321 48.189
-114.338 48.479
-114.179 48.374
-113.997 48.100
-114.611 48.310
-114.381 48.389
-114.336 48.120
-114.315 48.198
-114.199 48.367
-114.030 48.286
-113.898 48.639
-114.110 48.177
-114.609 47.976
-114.249 48.027
-113.438 47.967
-113.961 46.634
-114.159 46.252
-114.149 46.206
-113.948 46.319
-114.114 46.485
-114.071 46.184
-114.301 46.307
-114.223 46.334
-113.940 46.528
-114.180 46.023
-109.250 45.202
-109.020 45.517
-108.880 45.395
-109.082 45.443
-108.859 45.555
-109.394 45.300
-108.635 45.158
-109.013 45.094
-109.560 45.281
-109.252 45.185
-109.154 45.368
-109.248 45.179
-108.917 45.295
-109.448 45.114
-108.770 45.442
-108.972 45.484
-108.714 46.489
-108.538 46.449
-108.547 46.446
-108.372 46.452
-108.120 46.524
-107.892 46.587
-111.910 46.527
-111.986 45.863
-112.247 45.845
-112.005 46.531
-111.871 46.472
-112.365 46.071
-112.097 45.871
-111.951 46.192
-111.991 46.367
-112.095 46.466
-111.827 45.944
-112.390 46.272
-112.152 45.969
-112.191 46.221
-114.205 46.617
-114.073 46.540
-114.087 46.507
-114.303 46.369
-113.816 45.862
-114.177 46.269
-114.264 45.739
-114.335 46.143
-113.925 46.584
-114.128 46.301
-114.104 46.025
-114.221 46.423
-105.426 48.791
-105.415 48.791
-105.145 48.785
-105.508 48.774
-105.918 48.799
-110.886 46.598
-110.551 45.664
-110.566 45.658
-110.311 45.759
-104.172 48.203
-105.073 48.140
-104.776 48.166
-105.642 48.098
-105.539 48.100
-105.306 48.121
-105.657 48.353
-104.542 48.349
-105.054 48.402
-104.495 48.199
-105.742 48.059
-105.642 48.087
-105.404 48.248
-110.429 45.346
-110.004 45.095
-110.566 45.858
-110.765 45.313
-110.740 45.520
-110.567 45.650
-110.565 45.668
-110.599 45.022
-110.541 46.075
-110.632 45.688
-110.361 45.569
-110.664 45.125
-110.599 45.628
-107.319 46.309
-107.369 46.071
-107.069 46.017
-106.391 48.079
-106.638 48.204
-106.149 48.278
-107.005 48.026
-106.975 48.736
-106.623 48.199
-106.562 48.456
-105.934 48.435
-106.374 48.797
-106.640 48.193
-105.971 48.039
-104.406 48.527
-104.565 48.778
-104.441 48.792
-104.821 48.817
-104.550 48.773
-109.464 45.776
-109.007 45.847
-109.663 45.342
-109.541 45.531
-108.990 45.663
-109.882 45.341
-109.195 46.002
-109.252 45.659
-108.541 45.773
-108.558 45.764
-108.568 45.777
-108.796 45.797
-108.769 45.993
-108.520 46.026
-108.300 46.101
-108.328 45.608
-108.180 45.849
-108.002 46.066
-107.724 46.223
-108.535 45.901
-108.324 45.833
-108.406 45.791
-108.463 45.717
-108.540 45.681
-108.619 45.651
-108.596 45.844
-108.680 45.826
-108.641 45.778
-108.683 45.743
-108.714 45.607
-108.757 45.677
-108.782 45.682
-108.778 45.676
-108.772 45.667
-108.823 45.710
-108.390 45.877
-108.438 45.834
-108.460 45.824
-108.472 45.822
-108.480 45.839
-108.497 45.811
-108.501 45.826
-108.573 45.796
-108.599 45.795
-108.508 45.756
-108.581 45.739
-108.609 45.756
-108.604 45.767
-108.593 45.781
-108.584 45.764
-108.500 45.794
-108.489 45.780
-108.513 45.772
-108.531 45.763
-108.518 45.780
-108.527 45.786
-108.537 45.793
-108.556 45.794
-108.548 45.779
