-82.157 35.311
-82.310 35.256
-82.255 35.219
-82.164 35.265
-82.038 35.237
-82.204 35.361
-82.154 35.226
-80.631 35.515
-80.592 35.537
-80.702 35.528
-80.660 35.544
-80.456 35.719
-80.519 35.567
-80.488 35.532
-80.426 35.616
-80.442 35.590
-80.686 35.739
-80.503 35.694
-80.772 35.846
-80.823 35.670
-80.769 35.566
-76.900 36.191
-76.995 36.177
-76.794 36.193
-76.757 35.962
-76.927 36.088
-76.921 35.951
-77.082 36.204
-77.058 36.092
-81.692 36.146
-81.601 36.153
-81.693 36.192
-81.819 36.189
-81.540 36.181
-81.683 36.212
-81.682 36.221
-81.626 36.212
-81.884 36.211
-81.769 36.175
-81.662 36.239
-81.731 36.227
-81.523 36.228
-81.843 36.245
-81.669 36.285
-81.610 36.299
-81.759 36.302
-81.844 36.306
-81.688 36.354
-81.675 36.213
-82.003 36.109
-81.941 36.000
-81.930 36.235
-81.878 36.161
-79.441 36.490
-79.449 36.380
-79.356 36.478
-79.469 36.291
-79.320 36.402
-81.960 36.135
-81.968 36.058
-81.969 36.021
-82.046 36.083
-82.002 35.960
-81.810 36.034
-82.019 36.024
-79.366 36.349
-79.232 36.493
-79.196 36.405
-79.254 36.330
-79.198 36.286
-79.335 36.282
-76.785 36.081
-77.188 36.046
-77.201 36.187
-77.059 35.976
-81.979 36.172
-81.938 36.167
-81.938 36.109
-81.898 36.090
-81.890 36.024
-81.947 36.076
-82.007 36.074
-81.852 36.089
-79.229 34.980
-79.291 34.865
-79.209 34.888
-79.203 35.015
-79.160 35.090
-79.306 35.090
-79.133 34.935
-79.072 34.978
-79.307 34.941
-79.209 34.970
-79.229 34.997
-79.265 34.985
-79.405 35.035
-80.583 35.768
-80.384 35.533
-80.668 35.807
-80.508 35.743
-80.476 35.598
-80.552 35.535
-80.594 35.511
-80.560 35.680
-80.615 35.527
-80.725 35.664
-80.521 35.624
-80.675 35.601
-80.640 35.681
-80.504 35.655
-80.570 35.634
-80.362 35.691
-80.367 35.638
-80.307 35.579
-80.622 35.557
-80.577 35.585
-80.467 35.647
-80.429 35.680
-80.385 35.583
-80.252 35.541
-80.436 35.530
-80.452 35.661
-80.496 35.676
-80.587 35.564
-80.480 35.693
-80.555 35.715
-80.425 35.703
-80.490 35.667
-80.466 35.682
-78.314 35.471
-78.278 35.551
-78.254 35.739
-78.411 35.614
-78.502 35.387
-78.236 35.515
-78.241 35.660
-78.296 35.586
-78.390 35.542
-78.412 35.500
-78.458 35.671
-78.205 35.573
-78.523 35.591
-78.515 35.495
-78.360 35.578
-78.120 35.561
-78.232 35.428
-78.170 35.620
-78.523 35.445
-78.439 35.411
-78.372 35.404
-78.520 35.337
-78.162 35.455
-78.294 35.345
-78.458 35.290
-78.400 35.704
-78.327 35.717
-78.358 35.655
-78.463 35.599
-78.502 35.647
-78.587 35.581
-78.514 35.545
-78.614 35.539
-78.620 35.493
-78.560 35.407
-78.416 35.319
-78.501 35.607
-78.813 34.506
-78.718 34.511
-78.777 34.577
-78.495 34.660
-78.629 34.508
-78.408 34.428
-78.530 34.494
-78.824 34.764
-78.467 34.767
-78.722 34.789
-78.588 34.796
-78.748 34.656
-78.622 34.683
-78.665 34.606
-78.577 34.586
-78.349 34.608
-78.315 34.479
-83.127 35.672
-82.913 35.548
-83.099 35.518
-82.973 35.585
-82.866 35.564
-83.034 35.580
-82.973 35.469
-83.029 35.489
-83.024 35.653
-82.997 35.511
-82.969 35.534
-83.001 35.418
-82.845 35.489
-82.865 35.524
-82.895 35.465
-82.980 35.719
-82.823 35.401
-82.911 35.520
-82.951 35.493
-82.817 35.526
-82.923 35.375
-82.827 35.585
-82.807 35.503
-83.008 35.474
-83.057 35.456
-77.857 36.353
-77.475 36.228
-77.743 36.183
-77.592 36.162
-77.700 36.236
-77.733 36.331
-77.565 36.298
-77.908 36.250
-77.840 36.419
-77.846 36.477
-77.832 36.209
-77.478 36.079
-77.657 36.475
-77.637 36.441
-77.724 36.465
-77.643 36.470
-77.666 36.469
-77.646 36.461
-77.784 35.517
-77.776 35.423
-77.727 35.584
-77.642 35.551
-77.685 35.483
-77.560 35.468
-77.673 35.442
-77.637 35.400
-77.695 35.394
-77.579 35.402
-77.666 36.459
-77.650 36.450
-77.680 36.451
-77.654 36.442
-77.721 36.432
-77.371 36.160
-77.448 36.164
-77.580 36.401
-77.616 36.429
-77.654 36.396
-77.401 36.050
-77.332 36.112
-82.911 35.613
-82.794 35.559
-82.984 35.493
-82.978 35.645
-83.944 35.023
-83.901 35.002
-83.822 35.013
-83.751 35.019
-83.626 35.041
-83.745 35.107
-83.882 35.067
-83.821 35.068
-83.839 35.032
-76.340 36.480
-76.003 36.215
-76.164 36.353
-75.937 36.396
-76.071 36.531
-75.832 36.107
-75.805 36.330
-77.351 35.292
-76.976 35.230
-77.071 35.043
-75.959 36.510
-76.028 36.448
-75.899 36.289
-75.991 36.365
-75.844 36.483
-76.099 36.409
-76.181 36.504
-77.419 35.237
-77.265 35.330
-77.053 35.282
-77.165 35.317
-77.106 35.138
-77.222 35.190
-77.069 35.100
-77.151 35.072
-76.972 35.086
-77.094 35.081
-77.144 35.147
-77.024 35.040
-77.162 35.095
-77.343 35.211
-77.048 35.100
-77.071 35.120
-77.025 34.965
-77.057 35.131
-76.763 34.908
-76.985 34.888
-77.035 35.165
-77.108 35.105
-76.986 35.033
-76.899 34.857
-83.907 35.407
-83.695 35.400
-83.913 35.304
-83.750 35.311
-78.969 36.022
-78.885 35.977
-78.885 36.035
-78.982 35.887
-78.953 35.944
-78.977 35.984
-78.934 36.038
-78.914 36.044
-78.941 35.988
-80.472 36.386
-80.651 36.308
-80.648 36.524
-80.838 36.263
-80.708 36.524
-80.618 36.518
-80.882 36.406
-80.562 36.481
-80.495 36.301
-80.572 36.314
-80.751 36.305
-80.859 36.257
-80.724 36.424
-80.481 36.507
-80.606 36.490
-80.504 36.454
-78.864 36.014
-78.951 36.104
-78.892 36.063
-78.894 35.996
-78.955 36.053
-78.977 35.938
-80.604 36.391
-80.652 36.477
-80.855 36.499
-78.908 36.081
-78.910 36.124
-78.912 36.002
-78.914 35.991
-78.808 36.001
-78.754 35.980
-78.815 36.052
-78.942 36.005
-78.925 36.195
-78.916 36.015
-78.939 35.942
-78.846 35.990
-78.866 35.999
-78.920 35.886
-78.884 35.961
-78.857 35.903
-78.780 35.297
-78.659 35.406
-78.945 35.417
-78.588 35.304
-78.610 35.336
-78.927 35.276
-78.748 35.494
-78.670 35.303
-78.793 35.366
-79.118 35.267
-78.758 35.425
-79.038 35.331
-78.873 35.512
-78.950 35.900
-78.816 35.962
-78.849 35.948
-78.933 35.933
-78.999 35.927
-78.929 35.978
-78.913 35.914
-78.942 35.918
-78.895 35.982
-78.901 35.960
-78.917 35.956
-78.906 35.970
-78.867 35.978
-78.876 35.990
-78.909 36.021
-78.899 36.011
-78.897 36.026
-78.903 35.985
-78.934 36.022
-78.927 36.013
-80.540 36.416
-80.603 36.454
-80.725 36.362
-80.825 36.293
-80.777 36.504
-78.921 35.972
-78.904 35.936
-78.848 36.167
-78.946 35.965
-80.598 36.520
-80.721 36.393
-80.609 36.545
-80.487 36.379
-80.554 36.527
-77.802 36.047
-77.816 35.943
-77.825 35.924
-78.107 35.954
-78.170 35.879
-78.115 35.796
-81.018 35.673
-81.206 35.592
-81.178 35.673
-81.155 35.719
-81.380 35.734
-81.360 35.756
-81.386 35.707
-81.231 35.720
-81.340 35.724
-81.222 35.778
-81.270 35.784
-81.296 35.703
-81.323 35.761
-81.208 35.633
-81.145 35.774
-81.338 35.666
-78.749 34.394
-78.642 34.404
-78.505 34.342
-78.598 34.295
-78.928 34.319
-78.931 34.243
-78.830 34.215
-78.824 34.130
-81.332 35.787
-81.338 35.601
-81.406 35.663
-81.304 35.785
-81.313 35.746
-81.447 35.598
-81.228 35.685
-81.249 35.675
-81.267 35.622
-81.202 35.711
-81.360 35.732
-81.270 35.738
-80.992 35.569
-78.699 34.340
-78.693 34.237
-78.662 34.134
-78.632 34.066
-78.607 34.159
-81.325 35.726
-81.111 35.618
-81.216 35.665
-78.743 34.063
-78.676 34.015
-78.897 34.404
-81.350 35.740
-81.012 35.608
-81.336 35.703
-81.155 35.578
-81.344 35.763
-81.333 35.739
-79.004 34.291
-78.704 34.319
-78.737 34.276
-78.833 34.314
-78.737 34.448
-78.748 34.343
-78.268 34.306
-78.753 34.160
-78.408 34.264
-78.522 34.190
-81.291 35.760
-81.096 35.689
-76.637 35.199
-76.819 35.010
-77.737 34.933
-77.831 34.903
-77.914 34.829
-77.695 34.883
-77.943 34.957
-78.118 34.765
-77.780 34.763
-77.853 36.009
-77.969 36.122
-78.087 35.086
-78.091 34.996
-77.982 34.761
-76.595 35.095
-76.481 35.245
-76.914 35.157
-76.843 35.126
-76.723 35.175
-76.731 35.100
-77.753 34.831
-78.097 34.882
-77.810 35.118
-77.854 36.109
-77.875 34.787
-78.083 35.154
-78.032 34.828
-77.762 36.110
-77.794 35.013
-77.877 35.084
-77.974 35.124
-78.206 35.792
-77.859 35.949
-77.908 36.044
-77.836 35.953
-78.050 36.069
-77.797 35.965
-77.836 35.981
-77.984 35.976
-77.862 35.875
-77.792 36.003
-77.896 35.935
-78.053 35.962
-77.966 35.884
-78.041 35.843
-77.811 35.934
-77.862 35.968
-80.072 35.460
-79.953 35.468
-80.009 35.360
-79.949 35.276
-82.309 35.451
-82.410 35.390
-79.846 35.462
-79.875 35.373
-79.989 35.195
-79.781 35.427
-79.783 35.356
-80.045 35.267
-79.927 35.365
-79.844 35.225
-79.790 35.303
-79.712 35.213
-82.512 35.275
-82.438 35.437
-82.479 35.295
-82.450 35.354
-82.369 35.349
-82.451 35.322
-82.431 35.330
-82.471 35.366
-82.406 35.271
-82.369 35.234
-82.441 35.290
-82.504 35.311
-82.512 35.333
-82.586 35.286
-82.551 35.327
-82.489 35.352
-82.519 35.354
-82.565 35.225
-82.621 35.370
-82.453 35.267
-82.607 35.331
-76.595 36.081
-76.698 36.172
-76.507 36.033
-76.656 36.072
-76.622 36.195
-76.630 36.284
-82.637 35.418
-82.474 35.393
-82.483 35.202
-82.516 35.407
-82.477 35.330
-80.200 34.991
-80.105 34.856
-80.110 35.101
-80.240 35.116
-79.972 34.852
-80.064 34.932
-80.139 34.945
-80.086 35.010
-79.943 34.983
-80.248 34.872
-80.262 34.993
-82.431 35.308
-82.515 35.377
-82.369 35.307
-82.335 35.404
-82.506 35.433
-82.468 35.310
-77.362 35.601
-77.461 35.474
-77.428 35.521
-77.387 35.388
-77.392 35.459
-77.445 35.717
-77.416 35.603
-77.385 35.537
-77.374 35.637
-77.257 35.475
-77.623 35.616
-77.364 35.575
-77.512 35.676
-77.398 35.621
-77.495 35.592
-77.389 35.589
-84.260 35.024
-84.222 35.102
-84.167 35.190
-84.035 35.204
-84.134 35.030
-84.060 35.003
-84.006 35.084
-83.935 35.099
-83.811 35.168
-83.822 35.216
-84.020 35.127
-83.915 35.180
-83.739 35.223
-84.005 35.024
-77.366 35.612
-77.377 35.594
-77.407 35.582
-77.334 35.579
-77.359 35.534
-77.352 35.581
-77.308 35.426
-77.300 35.575
-77.379 35.564
-77.325 35.598
-77.186 35.543
-77.284 35.723
-77.371 35.778
-77.611 35.670
-77.556 35.571
-77.236 35.633
-77.396 35.561
-77.248 35.572
-77.429 35.562
-77.346 35.610
-77.349 35.601
-77.339 35.547
-82.971 35.077
-82.704 35.335
-82.901 35.182
-82.777 35.295
-82.842 35.109
-82.797 35.206
-82.747 35.257
-82.759 35.234
-82.636 35.229
-82.716 35.233
-82.687 35.222
-82.734 35.215
-82.717 35.172
-82.638 35.160
-82.889 35.247
-82.947 35.143
-82.894 35.135
-82.749 35.115
-77.838 34.204
-77.903 34.187
-77.742 34.328
-77.721 34.350
-81.269 35.525
-81.228 35.529
-81.114 35.530
-81.051 35.503
-80.999 35.538
-81.132 35.501
-81.138 35.463
-80.972 35.480
-80.968 35.453
-77.942 35.337
-77.993 35.354
-78.049 35.271
-77.871 35.251
-78.023 35.314
-77.965 35.409
-77.972 35.246
-78.113 35.383
-78.088 35.463
-78.047 35.402
-81.057 35.431
-81.130 35.427
-80.998 35.424
-81.472 35.545
-80.985 35.506
-81.353 35.528
-81.274 35.441
-81.014 35.467
-81.439 35.473
-81.255 35.479
-81.346 35.465
-81.252 35.463
-81.228 35.459
-81.238 35.429
-81.196 35.439
-81.228 35.491
-81.310 35.434
-77.999 35.406
-77.879 35.331
-78.013 35.491
-77.894 35.521
-77.983 35.362
-78.015 35.550
-77.853 35.422
-78.074 35.318
-77.994 35.443
-78.194 35.279
-77.924 35.427
-77.948 35.375
-78.102 35.218
-77.968 35.370
-77.983 35.370
-77.989 35.385
-77.931 35.392
-81.186 35.528
-81.191 35.491
-76.198 36.282
-76.122 36.146
-77.905 35.372
-77.976 35.386
-78.073 35.188
-76.207 36.279
-76.223 36.320
-76.198 36.232
-76.307 36.268
-76.410 36.405
-76.219 36.275
-76.230 36.289
-76.253 36.289
-76.230 36.298
-76.227 36.306
-76.302 36.340
-80.907 36.287
-81.300 36.297
-80.955 36.347
-81.258 36.180
-81.171 36.141
-77.898 34.351
-77.899 33.940
-77.917 34.025
-77.962 34.295
-77.937 34.176
-77.924 34.142
-77.816 34.304
-77.746 34.275
-81.043 36.351
-80.952 36.250
-81.010 36.251
-81.142 36.170
-81.127 36.190
-81.054 36.121
-81.131 36.355
-80.918 36.172
-81.005 36.170
-80.939 36.092
-81.209 36.318
-81.413 36.226
-81.366 36.167
-81.215 36.173
-81.109 36.242
-81.175 36.238
-81.062 36.238
-81.274 36.056
-81.189 36.079
-81.143 36.121
-81.193 36.169
-77.762 34.210
-77.916 34.089
-77.891 34.166
-77.879 34.097
-81.089 36.066
-81.402 36.092
-77.882 34.196
-77.861 34.175
-77.824 34.135
-77.857 34.045
-77.872 34.299
-77.855 34.263
-77.943 34.247
-77.933 34.212
-77.897 34.249
-77.933 34.235
-77.921 34.242
-77.947 34.221
-77.945 34.201
-77.956 36.530
-77.909 34.209
-77.878 34.263
-77.852 34.229
-77.912 34.231
-77.797 34.265
-77.964 36.470
-78.056 36.487
-77.999 36.388
-78.147 36.493
-78.013 36.303
-78.279 36.469
-78.225 36.494
-78.128 36.388
-78.195 36.445
-78.256 36.327
-77.894 34.224
-77.811 34.240
-77.881 34.235
-77.843 34.247
-78.199 36.399
-78.176 36.302
-78.082 36.262
-77.870 34.224
-77.869 34.208
-77.912 34.171
-79.859 36.157
-80.008 35.981
-79.765 36.118
-79.984 36.232
-79.803 36.082
-79.688 36.070
-79.816 36.081
-80.004 36.001
-79.935 35.998
-79.987 36.001
-79.894 36.229
-79.792 36.081
-79.839 36.080
-79.779 36.082
-79.740 36.074
-79.766 36.079
-79.852 35.998
-79.583 35.958
-80.017 36.002
-79.830 36.228
-79.744 36.213
-79.659 36.211
-79.578 36.210
-80.014 36.177
-79.918 36.196
-79.822 36.191
-79.975 36.172
-79.740 36.164
-79.575 36.153
-79.935 36.159
-79.664 36.157
-79.892 36.157
-79.878 36.075
-79.835 36.073
-79.779 36.074
-79.820 36.073
-80.025 35.996
-79.898 35.982
-79.802 35.980
-79.993 35.989
-79.968 35.992
-79.830 36.162
-79.799 36.159
-79.869 36.066
-79.758 36.068
-80.038 35.986
-79.982 35.986
-82.998 35.233
-83.291 35.328
-83.178 35.298
-83.211 35.385
-83.271 35.275
-83.224 35.332
-83.054 35.326
-83.116 35.260
-83.109 35.410
-83.285 35.394
-83.142 35.180
-83.080 35.081
-83.252 35.464
-79.812 36.147
-79.825 36.146
-79.663 36.111
-79.721 36.133
-79.890 36.065
-79.812 36.068
-79.797 36.070
-79.772 36.065
-79.785 36.062
-79.759 35.977
-79.840 36.142
-79.796 36.139
-79.999 36.118
-79.754 36.133
-79.945 36.127
-79.774 36.135
-79.836 36.065
-79.953 36.031
-79.798 36.055
-79.813 36.055
-79.842 35.973
-80.024 35.978
-79.898 36.132
-79.878 36.132
-79.928 36.110
-79.824 36.133
-79.759 36.054
-79.827 36.048
-79.966 35.978
-79.939 35.973
-79.991 35.974
-79.842 36.129
-79.864 36.127
-79.795 36.120
-79.877 36.115
-79.601 36.097
-79.856 36.054
-79.926 36.042
-79.661 36.038
-79.961 35.960
-80.007 35.969
-80.038 35.966
-79.916 35.936
-79.849 36.119
-79.823 36.124
-79.554 36.106
-79.810 36.116
-79.779 36.050
-79.724 36.040
-79.884 36.046
-79.905 36.042
-79.990 35.964
-80.021 35.962
-79.752 35.937
-79.896 36.110
-79.727 36.102
-79.824 36.114
-79.857 36.110
-79.768 36.109
-80.009 36.030
-79.985 36.039
-79.871 36.040
-79.982 35.953
-79.667 35.934
-79.833 36.105
-79.804 36.105
-79.757 36.097
-79.802 36.040
-79.859 36.032
-79.847 36.035
-79.766 36.034
-80.029 36.029
-79.834 35.936
-79.998 35.952
-80.032 35.951
-79.745 36.101
-79.936 36.074
-79.860 36.097
-80.007 36.068
-79.832 36.035
-79.908 36.029
-79.898 36.025
-79.796 36.018
-80.003 35.940
-79.979 35.931
-80.031 35.932
-79.847 36.097
-79.880 36.097
-79.773 36.094
-79.813 36.026
-79.885 36.017
-79.982 36.020
-79.791 36.096
-79.912 36.094
-79.806 36.094
-79.849 36.019
-79.756 36.011
-79.833 36.018
-79.827 36.091
-79.577 36.047
-79.749 36.087
-79.860 36.078
-79.879 36.084
-79.922 36.017
-80.030 36.012
-79.855 36.086
-79.910 36.083
-79.721 35.993
-79.815 36.012
-79.697 35.990
-79.658 35.991
-80.277 36.153
-80.153 36.211
-80.249 36.075
-78.274 35.015
-78.579 35.055
-78.563 34.965
-78.187 34.986
-78.488 35.031
-78.416 35.187
-78.471 34.945
-78.392 34.792
-78.335 34.999
-78.394 35.071
-78.323 35.021
-78.524 35.251
-78.339 34.946
-78.386 34.981
-78.310 35.103
-78.244 34.692
-78.305 34.842
-78.261 34.908
-78.314 35.228
-78.234 35.147
-78.558 35.183
-78.615 35.098
-80.331 36.102
-80.232 36.065
-78.483 35.097
-80.247 36.055
-80.108 36.165
-80.210 36.064
-80.229 36.085
-80.255 36.132
-80.234 36.154
-80.259 36.156
-80.262 36.045
-80.125 36.071
-80.103 36.119
-80.287 36.106
-80.288 36.117
-80.317 36.084
-80.268 36.103
-80.272 36.125
-80.311 36.143
-80.302 36.123
-80.296 36.013
-80.261 36.203
-80.188 36.163
-80.291 36.174
-80.079 36.129
-80.316 36.160
-80.207 36.219
-80.336 36.113
-80.354 36.085
-80.400 36.091
-80.400 36.018
-80.337 36.143
-80.199 36.082
-80.338 36.160
-80.353 36.066
-80.288 36.039
-80.321 36.128
-80.232 36.175
-80.305 36.231
-80.383 36.165
-80.393 36.061
-80.217 36.077
-80.076 36.157
-80.371 36.092
-80.089 36.062
-80.233 36.098
-80.376 36.134
-80.335 36.082
-80.465 36.105
-80.369 35.993
-80.310 36.069
-80.302 36.085
-80.326 36.183
-80.313 36.095
-80.287 36.095
-80.076 36.104
-80.465 36.073
-80.417 36.130
-80.370 36.023
-80.415 36.034
-80.401 35.999
-80.283 36.086
-80.289 36.143
-80.324 36.035
-80.272 36.239
-80.323 36.214
-80.365 36.225
-80.413 36.222
-82.771 35.719
-82.664 35.817
-82.687 35.978
-82.710 35.904
-82.607 35.862
-82.561 35.931
-82.577 35.812
-82.738 35.771
-82.765 35.831
-82.841 35.896
-82.884 35.775
-82.484 35.852
-76.443 35.639
-75.894 35.141
-75.988 35.571
-76.224 35.564
-76.472 35.460
-76.288 35.336
-76.019 35.338
-76.971 35.831
-76.862 35.792
-76.980 35.719
-77.315 35.988
-77.162 35.929
-77.089 35.872
-77.288 35.901
-77.277 35.851
-77.078 35.820
-77.169 35.879
-77.247 35.799
-77.174 35.799
-77.106 35.754
-79.061 35.917
-79.049 35.958
-79.052 35.917
-79.088 35.912
-79.034 35.937
-79.206 35.904
-79.096 35.923
-79.019 36.107
-79.040 35.878
-79.228 36.089
-79.110 35.960
-79.100 36.073
-79.040 35.906
-79.030 35.994
-79.122 35.904
-79.100 36.190
-79.067 35.937
-79.089 36.103
-79.030 36.056
-79.023 35.946
-79.072 35.915
-79.021 35.957
-79.073 35.881
-79.098 36.006
-79.013 36.189
-79.167 36.083
-79.121 36.094
-79.018 35.907
-79.018 35.928
-79.313 36.191
-79.291 36.079
-79.298 35.978
-79.288 36.114
-79.080 35.904
-79.063 35.906
-79.035 35.916
-79.199 35.983
-79.045 35.940
-79.010 35.939
-79.229 36.191
-79.166 36.188
-79.064 35.898
-79.088 35.934
-79.049 35.899
-79.042 35.923
-79.093 35.877
-79.104 36.045
-78.541 36.288
-78.575 36.489
-78.600 36.319
-78.550 36.371
-78.726 36.242
-78.626 36.372
-78.587 36.244
-78.590 36.302
-78.569 36.137
-78.707 36.118
-78.767 36.137
-78.622 36.105
-78.729 36.370
-78.726 36.487
-78.579 36.314
-80.228 36.118
-80.289 36.063
-80.165 36.051
-80.125 36.101
-80.250 36.088
-80.311 36.107
-80.344 36.045
-80.218 36.135
-80.063 36.089
-80.169 36.137
-80.056 36.120
-80.079 36.036
-80.056 36.156
-80.087 36.221
-80.193 36.105
-80.243 36.034
-80.217 36.110
-80.256 36.096
-80.249 36.116
-80.224 36.124
-80.261 36.111
-80.221 36.019
-80.271 36.085
-80.163 36.084
-80.239 36.107
-80.221 36.046
-80.238 36.130
-80.274 36.075
-80.122 36.139
-80.267 36.068
-80.205 36.142
-79.640 35.559
-79.616 35.657
-79.735 35.654
-79.805 35.883
-79.953 35.895
-79.838 35.704
-79.784 35.724
-79.815 35.721
-80.002 35.558
-79.696 35.754
-79.802 35.699
-79.747 35.560
-79.874 35.560
-79.997 35.661
-79.816 35.761
-79.901 35.662
-79.796 35.752
-79.959 35.864
-79.818 35.823
-79.791 35.804
-79.841 35.738
-79.820 35.670
-79.877 35.884
-79.627 35.745
-79.995 35.753
-79.881 35.837
-79.882 35.763
-80.019 35.855
-79.984 35.905
-79.594 35.794
-79.940 35.905
-79.845 35.642
-79.573 35.569
-79.743 35.764
-79.782 35.687
-80.025 35.895
-79.582 35.867
-79.742 35.861
-79.677 35.856
-79.979 35.814
-77.469 35.279
-77.542 35.203
-77.649 35.213
-77.573 35.265
-77.715 35.335
-77.711 35.138
-77.681 35.268
-77.782 35.293
-77.528 35.283
-77.607 35.299
-77.574 35.251
-77.557 35.296
-77.608 35.283
-81.692 35.997
-81.523 35.962
-81.637 35.869
-81.409 36.009
-81.513 35.889
-77.560 35.258
-77.596 35.268
-77.593 35.342
-77.490 35.363
-77.783 35.195
-77.605 35.145
-81.509 36.056
-81.478 35.934
-81.542 35.804
-81.584 35.921
-81.525 35.923
-81.465 35.811
-81.543 35.886
-81.493 35.809
-81.550 35.845
-81.511 35.841
-81.390 35.912
-81.384 35.792
-81.599 35.870
-81.467 35.858
-78.334 36.211
-78.215 36.202
-78.142 36.093
-77.587 35.278
-77.723 35.056
-77.667 35.075
-81.392 35.830
-81.590 36.046
-81.553 35.927
-81.425 35.785
-78.515 36.043
-78.490 36.120
-78.399 36.115
-78.315 36.107
-78.242 35.943
-78.301 36.099
-78.415 36.025
-78.311 35.920
-78.194 36.005
-78.252 35.881
-78.093 36.178
-78.466 36.036
-78.248 36.111
-78.303 35.998
-78.372 35.991
-82.382 36.029
-82.210 35.797
-82.301 35.805
-82.381 35.868
-82.295 35.896
-82.209 35.908
-82.431 35.927
-82.320 35.960
-82.216 35.979
-82.430 35.975
-82.276 35.997
-79.419 36.092
-79.449 36.095
-79.398 36.079
-79.468 36.089
-79.396 36.100
-79.420 36.072
-79.466 36.103
-79.449 36.069
-79.512 36.093
-79.486 36.000
-79.387 36.070
-79.380 36.044
-79.419 36.109
-79.487 35.903
-79.469 36.075
-79.461 36.049
-79.510 36.061
-79.345 35.867
-79.354 35.917
-79.416 36.040
-79.442 36.083
-79.532 36.107
-79.316 36.052
-79.390 35.982
-79.427 36.079
-79.486 36.196
-79.402 36.185
-79.346 36.106
-79.504 36.130
-79.490 36.094
-79.339 36.022
-79.445 36.121
-81.969 35.869
-81.876 35.610
-81.963 35.582
-82.073 35.574
-82.030 35.687
-82.106 35.726
-82.207 35.675
-81.995 35.746
-81.973 35.680
-81.934 35.655
-81.980 35.708
-82.045 35.649
-82.176 35.575
-82.197 35.617
-82.005 35.675
-81.919 35.717
-82.077 35.802
-79.187 35.726
-79.121 35.781
-79.522 35.572
-79.042 35.833
-79.058 35.776
-79.424 35.633
-79.318 35.591
-79.197 35.618
-79.008 35.735
-79.164 35.841
-79.450 35.808
-79.514 35.702
-79.447 35.558
-79.287 35.811
-79.432 35.716
-79.320 35.719
-79.029 35.621
-78.959 35.831
-78.491 36.277
-78.438 36.348
-78.403 36.314
-78.422 36.505
-78.339 36.431
-78.480 36.347
-78.331 36.303
-78.392 36.296
-78.391 36.326
-78.447 36.426
-78.385 36.365
-78.430 36.295
-78.407 36.336
-78.377 36.335
-78.429 36.325
-78.439 36.226
-81.580 35.618
-81.886 35.953
-81.597 35.766
-81.791 35.717
-81.578 35.735
-81.741 35.709
-81.820 35.872
-81.439 35.704
-81.905 35.779
-81.851 35.784
-81.835 35.663
-81.657 35.822
-81.704 35.732
-81.518 35.752
-81.761 35.782
-81.711 35.790
-81.639 35.701
-81.644 35.758
-81.690 35.745
-81.679 35.765
-81.551 35.732
-81.401 35.741
-81.665 35.728
-81.455 35.760
-81.787 35.641
-81.669 35.634
-81.710 35.699
-81.607 35.733
-81.488 35.717
-81.508 35.676
-81.714 35.656
-80.185 35.345
-80.201 35.315
-80.164 35.357
-80.349 35.251
-80.123 35.201
-80.239 35.383
-80.103 35.383
-80.199 35.451
-80.298 35.419
-80.215 35.341
-80.257 35.481
-80.334 35.346
-80.410 35.281
-80.653 35.926
-80.652 35.869
-80.640 36.001
-80.558 35.830
-80.525 36.015
-80.438 35.877
-80.502 35.818
-80.550 35.904
-80.561 35.877
-80.405 35.943
-80.467 35.934
-80.480 35.979
-80.432 36.003
-80.556 35.933
-80.116 35.328
-80.212 35.219
-80.274 35.295
-80.119 35.254
-80.187 35.364
-80.305 35.214
-80.197 35.390
-80.145 35.424
-80.211 35.362
-80.435 35.203
-77.927 35.727
-77.917 35.717
-77.954 35.746
-77.941 35.758
-78.068 35.732
-77.915 35.731
-77.896 35.762
-77.936 35.634
-78.098 35.649
-77.874 35.706
-77.831 35.810
-77.966 35.789
-77.752 35.661
-77.955 35.724
-77.906 35.687
-77.918 35.766
-77.942 35.741
-77.899 35.715
-77.792 35.728
-77.929 35.741
-77.938 35.700
-77.876 35.752
-78.014 35.643
-77.849 35.631
-80.711 36.221
-80.725 36.105
-80.503 36.219
-80.516 36.140
-80.827 36.125
-80.595 36.252
-80.810 36.219
-80.653 36.139
-80.816 36.076
-80.603 36.188
-80.817 36.173
-80.601 36.076
-81.440 35.352
-81.642 35.524
-81.554 35.410
-81.481 35.313
-81.640 35.426
-81.373 35.228
-81.659 35.239
-81.541 35.504
-81.654 35.323
-81.438 35.188
-81.514 35.332
-81.565 35.274
-81.517 35.257
-81.349 35.200
-81.369 35.248
-81.496 35.418
-81.618 35.357
-81.560 35.335
-81.509 35.299
-81.413 35.287
-81.528 35.212
-81.517 35.284
-81.715 35.268
-81.598 35.233
-81.701 35.195
-81.553 35.293
-81.434 35.229
-81.362 35.275
-77.989 33.966
-78.044 33.849
-78.309 33.895
-78.538 33.968
-78.152 34.301
-78.280 34.079
-78.367 34.010
-78.172 33.974
-78.145 34.179
-78.569 33.906
-78.517 33.881
-78.392 33.934
-78.437 33.897
-78.058 34.291
-78.185 33.920
-78.067 34.046
-78.062 33.936
-77.997 34.155
-77.994 34.247
-78.460 34.095
-78.262 33.941
-78.139 34.069
-78.044 33.907
-79.198 35.213
-79.488 35.176
-79.608 35.444
-79.492 35.461
-79.688 35.470
-79.423 35.376
-79.515 35.202
-79.415 35.116
-79.299 35.249
-79.511 35.146
-79.639 35.339
-79.418 35.184
-79.584 35.225
-79.588 35.266
-79.277 35.329
-79.505 35.092
-79.450 35.174
-79.493 35.214
-79.440 35.214
-79.377 35.264
-79.381 35.149
-79.387 35.220
-79.465 35.260
-79.348 35.183
-81.580 36.317
-81.478 36.297
-81.394 36.332
-81.531 36.349
-81.506 36.404
-81.423 36.416
-81.312 36.409
-81.685 36.414
-81.611 36.395
-81.659 36.479
-81.568 36.470
-81.394 36.503
-81.512 36.516
-81.592 36.529
-81.476 36.552
-81.669 36.536
-81.592 36.571
-82.161 36.012
-82.076 35.900
-82.131 36.070
-82.340 36.090
-82.200 36.104
-82.088 36.023
-82.133 35.962
-82.238 36.027
-82.281 36.075
-79.790 34.905
-79.704 34.848
-79.985 35.126
-79.768 34.897
-79.778 34.934
-79.637 34.923
-79.840 35.033
-79.794 34.977
-79.736 35.139
-79.860 35.127
-79.738 35.074
-79.676 35.002
-79.598 35.061
-79.835 34.842
-79.825 34.904
-79.744 34.999
-77.824 36.524
-77.674 36.510
-77.442 36.488
-77.308 36.252
-77.161 36.510
-77.541 36.511
-77.527 36.398
-77.322 36.494
-77.165 36.421
-77.197 36.479
-77.210 36.322
-80.075 35.988
-80.329 35.907
-80.290 35.735
-80.356 35.854
-80.066 35.907
-80.207 35.730
-80.248 35.791
-80.309 35.799
-80.156 35.885
-80.072 35.839
-80.132 35.988
-80.064 35.877
-80.101 35.928
-80.224 35.849
-80.129 35.847
-77.424 36.387
-77.321 36.413
-77.377 36.336
-77.228 36.446
-77.299 36.358
-80.251 35.833
-80.200 35.996
-80.293 35.848
-80.263 35.967
-80.229 35.891
-80.276 35.867
-80.276 35.793
-80.086 35.871
-80.110 35.635
-80.106 35.731
-80.256 35.924
-80.275 35.676
-80.210 35.800
-80.265 35.839
-80.088 35.787
-80.164 35.799
-80.191 35.629
-80.334 35.969
-80.387 35.810
-80.402 35.761
-80.189 35.949
-80.080 35.890
-80.273 35.814
-80.126 35.555
-77.218 36.390
-80.099 35.887
-80.244 35.821
-80.111 35.670
-77.245 36.356
-77.438 35.168
-77.489 35.100
-77.208 35.011
-77.204 34.891
-77.362 35.046
-77.497 35.011
-77.617 35.030
-81.322 35.843
-81.285 35.840
-81.282 35.923
-81.066 36.007
-81.040 35.941
-81.240 35.986
-81.105 35.836
-81.097 35.929
-81.052 35.870
-81.165 35.999
-81.164 35.862
-81.157 35.940
-81.144 35.902
-81.201 35.927
-81.194 35.879
-81.225 35.843
-80.794 35.548
-80.930 35.685
-80.899 35.497
-80.799 35.476
-80.875 35.856
-80.862 35.925
-80.964 35.927
-80.759 35.925
-80.861 35.534
-80.751 36.008
-80.979 35.845
-80.855 36.012
-76.963 36.382
-77.003 36.510
-76.876 36.355
-77.030 36.341
-77.060 36.410
-77.050 36.477
-77.095 36.446
-76.980 36.309
-76.799 36.293
-76.978 36.263
-76.939 36.299
-77.121 36.321
-80.957 36.016
-80.803 35.728
-80.903 35.805
-77.129 36.258
-81.007 35.740
-80.920 35.759
-80.878 35.752
-80.833 35.797
-80.921 35.791
-81.034 35.788
-80.864 35.806
-80.878 35.561
-80.929 35.544
-80.824 35.546
-80.825 35.614
-80.892 35.613
-80.783 35.783
-81.196 35.238
-81.171 35.280
-81.045 35.231
-81.141 35.203
-81.303 35.295
-81.051 35.270
-81.174 35.220
-81.047 35.302
-81.080 35.271
-81.187 35.278
-81.215 35.284
-81.280 35.268
-81.143 35.282
-81.378 35.357
-81.027 35.272
-77.693 35.999
-77.502 35.893
-77.639 36.079
-77.763 35.954
-81.272 35.387
-81.138 35.257
-81.121 35.246
-81.002 35.322
-81.158 35.246
-81.202 35.372
-80.993 35.374
-81.126 35.224
-81.135 35.376
-81.288 35.210
-81.231 35.267
-81.101 35.269
-81.310 35.334
-77.583 35.792
-77.563 35.929
-77.792 35.926
-77.569 36.002
-77.672 35.789
-77.777 35.867
-77.491 35.979
-77.407 35.914
-77.730 35.923
-77.784 35.953
-77.775 35.936
-77.553 35.876
-77.708 35.844
-81.058 35.365
-81.116 35.175
-81.206 35.186
-81.217 35.318
-81.089 35.329
-81.164 35.330
-81.202 35.253
-81.119 35.295
-77.661 35.726
-77.635 35.887
-77.584 35.911
-77.481 35.828
-81.176 35.251
-81.392 35.401
-81.340 35.381
-81.235 35.219
-81.073 35.234
-81.026 35.192
-81.159 35.261
-81.029 35.247
-81.188 35.257
-81.066 35.191
-80.605 35.481
-80.679 35.401
-80.682 35.380
-80.618 35.375
-80.586 35.365
-80.632 35.341
-80.600 35.396
-80.585 35.451
-80.665 35.356
-80.735 35.475
-80.539 35.463
-80.633 35.487
-80.522 35.380
-80.633 35.461
-80.519 35.261
-80.591 35.271
-80.660 35.442
-80.633 35.433
-80.637 35.415
-80.644 35.476
-80.646 35.398
-76.767 35.849
-76.442 35.810
-76.626 35.855
-76.493 35.882
-76.745 35.770
-80.665 35.305
-80.643 35.279
-76.716 35.889
-80.604 35.464
-80.602 35.417
-79.213 35.389
-79.154 35.475
-79.066 35.484
-79.267 35.499
-79.126 35.570
-80.639 35.499
-80.573 35.391
-80.603 35.434
-80.581 35.422
-80.719 35.424
-80.559 35.408
-80.587 35.410
-80.584 35.396
-80.549 35.350
-80.731 35.393
-80.587 35.329
-80.677 35.329
-76.591 36.504
-76.630 36.441
-76.859 36.419
-76.823 36.506
-76.725 36.407
-76.583 36.385
-80.622 35.311
-80.456 35.468
-80.363 35.465
-80.433 35.402
-80.458 35.336
-80.616 35.496
-80.554 35.390
-80.591 35.496
-80.675 35.476
-77.551 34.549
-77.432 34.489
-77.145 34.658
-77.387 34.814
-77.533 34.749
-77.397 34.758
-77.447 34.780
-77.368 34.769
-77.578 34.924
-77.312 34.780
-77.336 34.632
-77.478 34.876
-77.216 34.783
-77.303 34.887
-77.193 34.671
-77.509 34.790
-77.494 34.674
-77.622 34.824
-77.632 34.749
-77.230 34.714
-77.425 34.841
-77.574 34.667
-77.394 34.548
-82.586 35.570
-82.629 35.554
-82.549 35.495
-78.837 36.493
-78.946 36.416
-78.929 36.494
-79.059 36.493
-78.859 36.289
-78.976 36.292
-82.582 35.670
-82.554 35.617
-82.434 35.603
-82.461 35.645
-82.472 35.563
-82.738 35.552
-82.826 35.664
-82.600 35.573
-82.468 35.604
-82.316 35.628
-82.327 35.621
-82.531 35.759
-78.951 36.368
-78.982 36.424
-79.018 36.409
-79.005 36.364
-79.070 36.269
-78.858 36.394
-79.106 36.310
-79.089 36.399
-82.523 35.503
-82.444 35.509
-82.557 35.574
-82.572 35.577
-82.274 35.528
-82.547 35.592
-82.493 35.462
-82.403 35.764
-82.420 35.581
-82.561 35.589
-82.561 35.637
-82.346 35.616
-82.632 35.715
-82.541 35.535
-82.512 35.608
-82.559 35.714
-82.482 35.497
-82.658 35.573
-82.306 35.670
-82.555 35.608
-82.600 35.607
-82.506 35.582
-82.320 35.608
-82.520 35.644
-82.354 35.649
-82.486 35.586
-82.483 35.694
-82.377 35.538
-82.503 35.544
-82.583 35.594
-82.550 35.625
-82.694 35.687
-82.625 35.591
-82.622 35.493
-82.681 35.612
-82.511 35.489
-82.585 35.637
-82.405 35.647
-82.731 35.481
-82.751 35.636
-82.693 35.561
-82.405 35.486
-82.534 35.579
-82.534 35.595
-82.554 35.698
-82.539 35.612
-82.615 35.573
-82.568 35.603
-82.591 35.461
-82.625 35.644
-82.630 35.529
-82.512 35.569
-79.290 34.533
-79.213 34.452
-79.358 34.691
-79.120 34.475
-79.182 34.528
-79.134 34.386
-79.062 34.387
-79.029 34.664
-79.007 34.602
-79.014 34.455
-79.039 34.544
-78.993 34.902
-79.115 34.586
-79.164 34.804
-79.251 34.738
-78.906 34.558
-79.240 34.601
-78.982 34.789
-79.029 34.725
-78.975 34.522
-79.352 34.626
-79.070 34.879
-79.127 34.847
-78.961 34.835
-79.080 34.804
-79.184 34.700
-79.194 34.827
-79.157 34.757
-79.098 34.655
-79.120 34.713
-79.200 34.658
-79.032 34.607
-79.045 34.619
-78.980 34.628
-78.968 34.656
-78.984 34.605
-78.867 34.678
-79.143 34.504
-79.016 34.633
-78.923 34.728
-79.285 34.801
-75.702 36.075
-75.743 36.193
-75.644 36.028
-75.932 35.831
-75.813 35.705
-75.600 35.634
-75.770 35.892
-77.914 34.399
-75.720 36.127
-75.722 36.005
-75.687 35.909
-75.576 35.896
-75.620 35.402
-78.117 34.592
-78.185 34.502
-78.157 34.392
-78.056 34.423
-77.992 34.453
-77.951 34.633
-77.785 34.600
-77.689 34.392
-76.426 36.231
-76.541 36.280
-76.472 36.323
-76.370 36.090
-76.509 36.142
-75.693 35.203
-75.620 35.258
-75.543 35.226
-77.962 34.572
-78.038 34.654
-76.537 36.185
-76.290 36.149
-75.623 35.806
-77.820 34.479
-77.901 34.534
-77.575 34.393
-77.643 34.486
-77.751 34.658
-77.697 34.429
-78.022 34.698
-79.500 34.908
-79.505 34.763
-79.498 34.722
-79.571 34.843
-79.407 34.911
-79.587 34.766
-79.423 34.748
-79.451 34.694
-79.383 34.782
-79.452 34.786
-76.984 35.501
-76.736 35.310
-76.647 35.436
-77.041 35.541
-76.963 35.376
-77.035 35.632
-76.875 35.638
-76.577 35.562
-77.016 35.461
-77.128 35.662
-77.053 35.570
-77.103 35.456
-77.073 35.562
-76.699 35.635
-77.029 35.560
-76.967 35.561
-76.875 35.341
-76.808 35.468
-76.781 35.551
-76.922 35.504
-77.015 35.530
-81.252 36.493
-81.279 36.548
-81.018 36.435
-81.118 36.525
-80.980 36.525
-81.222 36.425
-81.138 36.457
-81.915 35.471
-82.035 35.477
-81.977 35.370
-81.940 35.383
-82.187 35.453
-81.889 35.344
-81.927 35.349
-81.850 35.331
-81.757 35.512
-81.826 35.433
-81.829 35.240
-81.983 35.305
-81.912 35.240
-82.057 35.394
-81.792 35.234
-81.763 35.348
-81.849 35.294
-80.824 35.203
-80.822 35.210
-80.787 35.270
-80.770 35.243
-80.791 35.232
-80.759 35.092
-80.848 35.109
-80.720 35.185
-80.717 35.211
-80.748 35.135
-80.832 35.074
-76.361 35.764
-80.751 35.242
-80.724 35.237
-80.774 35.222
-80.762 35.218
-80.793 35.211
-80.725 35.127
-80.877 35.111
-80.884 35.156
-80.745 35.064
-81.017 35.079
-80.967 35.164
-80.880 35.058
-80.805 35.054
-80.743 35.108
-80.680 35.193
-80.602 35.201
-80.786 35.185
-80.835 35.191
-80.809 35.179
-80.813 35.166
-80.737 35.149
-80.789 35.107
-80.840 35.102
-80.722 35.163
-80.765 35.125
-80.744 35.253
-80.700 35.327
-80.811 35.345
-80.803 35.364
-80.844 35.209
-80.855 35.204
-80.846 35.172
-80.863 35.160
-80.741 35.292
-80.765 35.164
-80.786 35.313
-80.799 35.319
-80.768 35.361
-80.761 35.381
-80.810 35.397
-80.927 35.470
-81.012 35.124
-80.683 35.159
-80.694 35.178
-80.852 35.232
-80.865 35.246
-80.861 35.184
-80.889 35.193
-80.815 35.216
-80.820 35.128
-80.828 35.140
-80.782 35.071
-80.752 35.078
-80.694 35.302
-80.719 35.287
-80.827 35.458
-80.842 35.498
-80.835 35.225
-80.817 35.235
-80.807 35.224
-80.844 35.248
-80.848 35.263
-80.829 35.265
-80.866 35.106
-80.714 35.191
-80.700 35.217
-80.750 35.167
-80.755 35.199
-80.863 35.281
-80.844 35.147
-80.867 35.140
-80.769 35.112
-80.789 35.138
-80.873 35.126
-80.805 35.076
-80.801 35.198
-80.820 35.193
-80.836 35.169
-80.869 35.150
-80.762 35.258
-80.757 35.230
-80.721 35.250
-80.727 35.225
-80.731 35.172
-80.774 35.296
-80.780 35.346
-80.846 35.190
-80.860 35.195
-80.733 35.196
-80.742 35.179
-80.874 35.087
-80.866 35.076
-80.751 35.189
-80.867 35.211
-80.884 35.232
-80.919 35.234
-80.760 35.176
-80.769 35.155
-80.800 35.097
-80.755 35.275
-80.880 35.243
-80.897 35.260
-80.861 35.262
-80.779 35.174
-80.784 35.152
-80.847 35.441
-80.881 35.395
-80.824 35.323
-80.707 35.095
-80.784 35.046
-80.933 35.152
-80.841 35.025
-80.815 35.036
-80.852 35.051
-80.812 35.285
-80.812 35.259
-80.776 35.140
-80.806 35.105
-80.798 35.132
-80.813 35.153
-80.830 35.056
-80.729 35.314
-80.921 35.426
-80.876 35.422
-80.787 35.247
-80.786 35.223
-80.802 35.247
-80.888 35.216
-80.810 35.141
-80.830 35.128
-80.832 35.159
-80.892 35.458
-80.984 35.209
-80.647 35.233
-80.684 35.243
-80.696 35.271
-80.826 35.424
-80.917 35.372
-80.867 35.313
-80.861 35.347
-80.740 35.339
-80.827 35.184
-80.772 35.207
-80.775 35.191
-80.845 35.127
-80.858 35.132
-80.952 35.115
-80.894 35.127
-80.900 35.095
-80.937 35.133
-80.834 35.295
-80.789 35.344
-80.715 35.107
-80.800 35.184
-80.791 35.166
-80.908 35.153
-80.909 35.178
-80.704 35.144
-80.677 35.122
-76.230 35.661
-76.169 35.762
-80.863 35.169
-80.868 35.179
-80.932 35.209
-80.885 35.271
-80.949 35.248
-80.953 35.273
-80.920 35.264
-80.776 35.272
-80.700 35.204
-80.746 35.214
-80.732 35.213
-80.757 35.146
-80.829 35.098
-80.813 35.119
-80.850 35.076
-80.939 35.296
-80.783 35.088
-80.650 35.201
-80.646 35.155
-80.900 35.305
-80.943 35.318
-80.968 35.328
-80.989 35.270
-76.056 35.967
-76.246 35.942
-76.327 35.915
-79.640 36.357
-79.676 36.314
-79.581 36.295
-79.745 36.512
-79.749 36.417
-79.595 36.466
-79.791 36.508
-79.814 36.483
-79.680 36.522
-79.730 36.349
-79.982 36.315
-79.895 36.353
-80.003 36.392
-79.585 36.369
-79.742 36.281
-79.893 36.487
-79.856 36.308
-79.965 36.451
-83.662 35.447
-83.307 35.223
-83.318 35.023
-83.410 35.049
-83.208 35.048
-83.416 35.129
-83.256 35.124
-83.399 35.167
-83.526 35.122
-83.296 35.169
-83.638 35.213
-83.515 35.243
-83.395 35.283
-83.425 35.213
-83.414 35.186
-83.362 35.156
-80.170 36.292
-80.124 36.315
-80.238 36.293
-80.332 36.361
-80.339 36.281
-80.233 36.487
-80.392 36.276
-80.369 36.452
-80.216 36.408
-80.108 36.495
-80.302 36.294
-80.367 36.415
-80.414 36.505
-80.419 36.343
-80.381 36.310
-80.333 36.507
-80.084 36.412
-80.211 36.354
-80.069 36.347
-80.074 36.285
-80.746 34.892
-80.755 35.012
-80.659 34.864
-80.790 34.985
-80.724 34.956
-80.682 35.053
-80.706 35.001
-80.631 34.985
-80.537 34.985
-80.626 35.069
-80.672 34.946
-80.609 34.932
-80.741 34.845
-80.650 35.110
-80.730 35.040
-80.554 34.933
-80.608 34.999
-80.611 35.022
-80.510 34.988
-80.557 34.998
-80.458 35.037
-80.535 35.034
-80.353 35.034
-80.374 34.941
-80.456 34.987
-80.494 35.091
-80.567 35.079
-80.557 34.982
-80.530 34.966
-80.552 34.968
-80.477 34.925
-80.551 34.859
-80.369 34.987
-80.393 34.855
-80.576 35.162
-80.702 35.047
-80.653 35.064
-80.582 35.034
-80.617 35.101
-80.696 35.082
-80.504 35.144
-80.617 35.131
-80.364 35.126
-80.761 34.928
-80.666 35.008
-80.660 35.036
-80.635 35.085
-80.641 35.129
-80.667 35.050
-78.692 35.897
-78.712 35.948
-78.749 35.913
-78.710 35.894
-78.625 35.767
-78.643 35.768
-78.671 35.777
-78.650 35.889
-78.694 35.856
-78.668 35.879
-78.741 35.868
-78.671 35.847
-78.600 35.744
-78.650 35.741
-78.621 35.772
-78.603 35.773
-78.617 35.837
-78.648 35.841
-78.694 35.815
-78.635 35.840
-78.681 35.883
-78.665 35.895
-78.635 35.886
-78.633 35.791
-78.618 35.802
-78.627 35.813
-78.654 35.825
-78.656 35.872
-78.673 35.865
-78.688 35.867
-78.642 35.811
-78.641 35.802
-78.651 35.785
-78.701 35.849
-78.819 35.668
-78.794 35.682
-78.798 35.647
-78.820 35.639
-78.868 35.630
-78.859 35.808
-78.789 35.878
-78.847 35.846
-78.814 35.819
-78.837 35.810
-78.773 35.802
-78.652 35.793
-78.652 35.802
-78.795 35.792
-78.830 35.778
-78.788 35.828
-78.657 35.812
-78.666 35.807
-78.785 35.816
-78.797 35.761
-78.815 35.779
-78.808 35.764
-78.839 35.774
-78.759 35.758
-78.682 35.798
-78.667 35.794
-78.775 35.793
-78.820 35.761
-78.817 35.794
-78.796 35.809
-78.796 35.747
-78.775 35.754
-78.751 35.822
-78.789 35.769
-78.750 35.771
-78.765 35.781
-78.908 35.756
-78.923 35.732
-78.863 35.786
-78.819 35.734
-78.862 35.750
-78.870 35.718
-78.797 35.723
-78.856 35.770
-78.837 35.746
-78.898 35.808
-78.824 35.704
-78.520 35.875
-78.488 35.877
-78.518 35.947
-78.530 35.966
-78.791 35.780
-78.934 35.661
-78.631 35.906
-78.681 35.936
-78.605 35.932
-78.635 35.962
-78.678 35.972
-78.667 35.917
-78.478 35.942
-78.436 35.926
-78.481 35.982
-78.554 35.947
-78.540 35.997
-78.513 35.912
-78.509 35.996
-78.745 35.744
-78.717 35.678
-78.711 35.742
-78.775 35.711
-78.697 35.715
-78.767 35.736
-78.756 35.688
-78.686 35.749
-78.556 35.841
-78.633 35.858
-78.616 35.738
-78.738 35.782
-78.711 35.774
-78.613 35.892
-78.577 35.831
-78.559 35.756
-78.516 35.780
-78.556 35.780
-78.497 35.749
-78.567 35.816
-78.492 35.830
-78.548 35.814
-78.472 35.787
-78.587 35.811
-78.581 35.659
-78.553 35.722
-78.633 35.685
-78.596 35.842
-78.634 35.874
-78.617 35.702
-78.656 35.699
-78.614 35.678
-78.609 35.859
-78.624 35.861
-78.610 35.876
-78.699 35.771
-78.635 35.707
-78.601 35.724
-78.528 35.690
-78.638 35.658
-78.667 35.585
-78.669 35.649
-78.614 35.618
-78.602 36.002
-78.696 36.045
-78.585 35.916
-78.570 35.916
-78.546 35.894
-78.586 35.771
-78.650 35.861
-78.597 35.827
-78.637 35.850
-78.636 35.827
-78.629 35.754
-78.561 35.877
-78.565 35.863
-78.581 35.891
-78.588 35.872
-78.594 35.901
-78.553 35.855
-78.792 35.614
-78.823 35.596
-78.707 35.620
-78.773 35.562
-78.750 35.646
-78.724 35.560
-78.619 35.785
-78.685 35.812
-78.811 35.565
-78.753 35.607
-78.697 35.835
-78.723 35.810
-78.430 35.753
-78.363 35.781
-78.385 35.822
-78.433 35.819
-78.309 35.853
-78.313 35.812
-78.380 35.885
-78.741 35.893
-78.720 35.884
-78.709 35.871
-78.736 35.930
-78.701 35.921
-78.695 35.879
-78.725 35.774
-78.696 35.785
-78.658 35.846
-78.673 35.820
-78.602 35.796
-78.651 35.765
-76.511 34.732
-76.834 34.811
-76.919 34.790
-76.558 34.631
-76.885 34.681
-76.834 34.728
-76.558 34.761
-76.658 34.709
-77.076 34.692
-77.079 34.733
-76.632 34.737
-76.706 34.740
-76.836 34.751
-76.998 34.724
-76.766 34.779
-76.752 34.726
-76.732 34.682
-76.911 34.738
-77.010 34.651
-76.457 34.710
-76.222 35.039
-76.373 34.873
-76.402 34.830
-76.597 34.804
-76.727 34.817
-76.674 34.819
-76.754 34.747
-76.823 34.680
-76.471 34.970
-76.644 34.836
-77.054 34.779
-76.605 34.924
-76.319 34.876
-76.513 34.824
-78.950 35.056
-78.924 35.049
-78.962 35.021
-78.940 35.021
-78.974 34.994
-78.912 35.074
-78.905 35.080
-78.896 35.089
-78.928 35.059
-78.920 35.038
-78.919 35.028
-78.908 35.062
-78.907 35.052
-78.894 35.060
-78.876 35.085
-78.870 35.066
-78.940 34.943
-78.683 34.932
-78.874 34.882
-78.987 35.023
-79.012 34.980
-78.817 35.104
-78.736 35.089
-78.963 35.036
-78.884 35.162
-79.066 35.060
-78.878 35.045
-78.925 35.103
-78.982 35.077
-79.014 35.149
-78.783 35.221
-79.005 35.065
-78.886 34.994
-79.010 35.091
-78.824 34.941
-78.799 35.022
-78.937 35.071
-78.936 35.086
-78.699 35.171
-79.000 35.074
-78.960 35.098
-78.981 35.098
-78.993 35.093
-79.065 35.042
-79.037 35.051
-78.968 35.068
-78.966 35.050
-79.022 35.031
-83.419 35.355
-83.431 35.508
-83.499 35.466
-83.293 35.564
