-102.253 46.403
-101.967 46.345
-101.273 46.262
-101.536 46.340
-101.827 46.443
-103.120 46.113
-103.432 46.112
-103.832 46.113
-103.400 46.184
-99.789 48.946
-99.789 48.848
-99.584 48.816
-100.052 48.859
-99.837 48.651
-100.391 48.826
-102.507 47.660
-102.326 47.533
-102.946 47.555
-102.885 47.407
-102.795 47.040
-102.551 47.349
-102.416 46.820
-102.226 46.821
-102.801 47.196
-102.753 47.367
-102.315 47.330
-102.208 47.242
-102.335 47.083
-100.916 46.507
-102.008 46.862
-101.638 47.111
-100.911 46.840
-100.910 46.830
-101.061 46.921
-101.507 46.701
-100.883 46.836
-101.187 46.488
-101.388 46.858
-100.900 46.820
-100.898 46.836
-101.771 46.854
-100.841 46.798
-100.654 46.528
-100.976 46.705
-100.886 46.829
-101.088 46.819
-100.862 46.792
-100.671 47.128
-100.342 47.664
-100.353 47.413
-100.737 47.501
-102.410 48.282
-102.611 48.947
-102.609 48.623
-102.568 48.822
-102.808 48.860
-102.260 48.811
-102.395 48.918
-97.201 48.636
-97.371 48.852
-97.622 48.847
-97.776 48.912
-97.756 48.684
-97.445 48.622
-98.191 47.306
-97.910 47.327
-98.243 47.457
-98.119 47.444
-98.114 47.630
-98.425 47.371
-98.102 47.457
-98.372 47.586
-103.072 46.470
-103.780 46.436
-103.375 46.443
-97.055 47.404
-97.346 47.629
-96.945 47.342
-97.099 47.311
-97.037 47.572
-97.324 47.281
-96.983 47.627
-97.347 47.455
-97.346 47.368
-97.039 47.454
-97.218 47.542
-97.410 47.541
-97.315 47.495
-102.387 48.316
-101.798 48.037
-102.167 47.927
-102.524 48.416
-102.146 48.317
-102.488 47.983
-101.746 48.313
-102.452 47.967
-102.774 48.416
-102.013 48.052
-103.287 47.177
-103.557 46.955
-103.357 46.817
-98.883 47.630
-99.135 47.679
-99.039 47.803
-99.039 47.717
-98.654 47.760
-99.985 48.366
-99.998 48.361
-99.663 48.467
-99.979 47.926
-100.063 48.153
-99.976 48.326
-99.885 48.415
-100.106 48.467
-98.373 48.762
-98.035 48.616
-98.318 48.587
-98.174 48.703
-98.606 48.902
-98.881 48.877
-98.839 48.659
-98.069 48.877
-98.403 48.819
-98.592 48.631
-99.773 46.026
-99.655 46.191
-99.555 46.255
-99.226 46.237
-99.293 46.058
-99.374 46.035
-100.795 48.275
-100.714 48.564
-100.263 47.935
-100.845 48.037
-101.071 48.028
-100.933 48.433
-100.463 48.364
-100.509 48.066
-100.456 47.935
-101.026 48.695
-103.847 46.940
-97.991 46.920
-97.994 46.933
-98.061 46.891
-98.008 46.915
-98.362 47.168
-98.319 47.052
-97.799 46.979
-98.021 46.917
-97.820 46.743
-98.011 46.932
-98.087 47.023
-97.987 47.160
-98.325 46.866
-98.726 46.747
-97.997 46.718
-98.224 46.709
-100.177 46.298
-100.230 46.269
-100.163 46.176
-100.250 46.504
-100.286 46.070
-102.933 46.113
-102.170 46.064
-102.612 46.109
-96.886 46.859
-96.795 46.854
-96.820 46.862
-96.809 46.812
-96.934 46.874
-96.862 46.840
-96.811 46.881
-96.896 46.872
-96.874 46.964
-96.811 46.871
-96.868 46.748
-97.268 46.882
-97.260 47.065
-96.828 46.843
-98.347 48.043
-98.140 47.803
-98.393 47.871
-98.162 48.091
-97.956 47.896
-97.600 47.138
-96.861 46.818
-96.817 46.899
-96.841 46.781
-96.798 46.840
-96.905 46.826
-97.034 47.166
-96.829 46.818
-97.451 47.195
-97.560 46.848
-96.782 46.891
-96.775 46.912
-97.053 46.717
-96.854 46.860
-96.961 47.025
-96.892 46.912
-97.034 46.906
-96.857 46.673
-96.824 46.938
-97.304 46.716
-96.867 46.869
-100.453 48.820
-100.983 48.861
-101.306 48.664
-100.434 48.823
-100.689 48.726
-100.276 48.632
-100.379 48.904
-101.300 48.903
-100.443 48.828
-100.731 48.897
-100.449 48.828
-98.938 47.982
-99.129 47.905
-99.190 48.039
-98.723 47.902
-99.728 48.050
-99.718 48.283
-99.482 47.967
-99.386 48.235
-103.830 48.822
-103.030 48.786
-103.297 48.916
-103.365 48.820
-103.874 48.515
-98.193 46.109
-98.754 46.111
-98.442 46.110
-102.558 46.475
-102.538 46.806
-102.801 46.456
-99.960 46.851
-99.585 46.830
-99.988 47.198
-99.545 47.154
-99.692 46.470
-99.771 46.850
-99.735 47.198
-97.061 47.926
-97.104 47.801
-97.816 47.890
-99.124 47.455
-98.628 47.414
-99.134 47.448
-99.074 47.457
-98.628 47.544
-98.819 47.457
-97.171 47.911
-97.082 47.924
-97.102 47.928
-97.050 47.907
-97.024 47.918
-97.030 47.873
-97.050 47.916
-97.142 47.715
-97.090 47.926
-97.034 47.922
-97.559 47.889
-97.083 47.897
-97.050 47.922
-97.051 47.929
-97.494 47.715
-97.073 47.896
-97.028 47.908
-97.061 47.893
-97.061 47.911
-97.688 47.802
-97.065 47.938
-97.136 47.865
-97.753 47.716
-97.036 47.915
-97.050 47.894
-97.032 47.892
-97.073 47.887
-97.781 48.006
-97.181 48.098
-97.385 48.108
-97.399 47.889
-97.624 47.933
-97.037 47.885
-97.077 47.911
-97.061 47.900
-97.037 47.902
-97.217 47.976
-97.074 47.924
-97.683 48.117
-97.300 47.802
-100.799 47.781
-100.812 47.243
-101.359 47.465
-100.920 47.580
-101.059 47.308
-101.179 47.520
-102.012 47.608
-101.554 47.638
-101.315 47.781
-101.964 47.764
-102.679 47.968
-103.902 47.813
-103.272 47.806
-103.476 47.722
-103.287 47.801
-101.321 48.502
-101.748 48.930
-101.868 48.781
-101.712 48.546
-101.583 48.720
-103.348 47.850
-103.654 47.860
-103.829 47.492
-102.875 47.909
-103.267 47.801
-104.005 47.897
-103.155 47.868
-102.714 47.804
-103.348 47.448
-99.842 47.458
-99.883 47.729
-99.502 47.709
-99.232 48.458
-98.563 48.075
-98.850 48.230
-98.509 48.428
-98.875 48.112
-99.057 48.218
-99.458 47.457
-98.422 48.282
-98.801 48.466
-98.714 48.166
-102.089 47.258
-102.053 47.514
-101.618 47.364
-101.950 47.212
-101.503 47.473
-101.804 47.274
-101.414 47.320
-98.323 46.396
-98.222 46.326
-98.912 46.370
-98.725 46.370
-98.222 46.544
-98.296 46.357
-98.849 46.544
-98.599 46.370
-98.536 46.544
-103.925 48.242
-101.028 46.189
-100.821 46.314
-100.657 46.008
-100.625 46.074
-101.281 46.018
-100.638 46.298
-100.738 46.162
-99.214 46.550
-99.768 46.504
-99.163 46.370
-99.407 46.382
-97.792 47.629
-97.857 47.543
-97.654 47.326
-97.665 47.505
-101.295 47.115
-101.303 47.115
-101.253 47.183
-101.081 47.217
-101.426 47.111
-101.122 47.057
-99.263 48.859
-99.232 48.631
-97.601 46.366
-97.658 46.587
-97.909 46.543
-97.413 46.531
-97.684 46.438
-97.817 46.435
-97.752 48.396
-97.679 48.383
-97.514 48.282
-97.387 48.417
-97.838 48.260
-97.905 48.471
-98.124 48.291
-97.600 48.500
-98.149 48.448
-97.742 48.391
-97.414 48.421
-97.422 48.408
-97.404 48.409
-97.257 48.281
-97.740 48.401
-97.373 48.292
-97.427 48.415
-97.311 48.448
-103.168 46.805
-102.814 46.887
-102.782 46.888
-102.796 46.886
-102.762 46.884
-102.795 46.873
-102.979 46.805
-102.790 46.908
-102.790 46.864
-102.724 46.803
-101.310 48.204
-101.286 48.214
-101.333 48.208
-101.277 48.248
-101.306 48.252
-101.307 48.228
-101.326 48.225
-101.209 48.153
-101.301 48.241
-101.312 48.247
-101.296 48.272
-101.306 48.216
-101.469 48.284
-101.339 48.153
-101.644 47.950
-101.235 48.230
-101.555 48.182
-101.314 48.240
-101.382 48.386
-101.289 48.243
-101.203 48.239
-101.316 47.974
-101.327 48.246
-101.293 48.265
-101.290 48.201
-101.369 48.240
-101.276 48.228
-101.123 48.328
-101.273 48.386
-101.293 48.226
-102.028 48.633
-98.718 46.918
-98.898 46.966
-98.658 47.240
-98.674 46.890
-98.681 46.929
-99.164 47.197
-98.710 46.897
-99.265 46.849
-98.584 47.024
-98.725 46.893
-98.669 46.909
-96.797 46.411
-97.092 46.471
-96.925 46.500
-96.665 46.023
-96.682 46.237
-96.832 46.283
-96.696 46.324
-96.782 46.533
-96.826 46.066
-97.011 46.153
-97.156 46.587
-97.145 46.052
-96.667 46.155
-97.149 46.326
-96.951 46.022
-96.958 46.283
-96.621 46.284
-96.927 46.587
-103.755 48.156
-103.361 48.189
-102.986 48.446
-103.903 48.049
-103.637 48.156
-103.611 48.300
-103.232 48.369
-103.371 48.551
-103.651 48.159
-103.620 48.142
-103.616 48.156
-103.021 48.209
-103.611 48.168
-97.383 46.195
-97.882 46.109
-97.632 46.240
-97.375 46.022
-97.631 46.064
-100.843 46.919
-100.807 46.802
-100.784 46.800
-100.769 46.793
-100.779 46.788
-100.786 46.776
-100.798 46.792
-100.814 46.775
-100.743 46.702
-100.765 46.754
-100.741 46.788
-100.757 46.806
-100.769 46.808
-100.785 46.813
-100.796 46.811
-100.813 46.818
-100.803 46.827
-100.820 46.834
-100.793 46.852
-100.782 46.839
-100.790 46.831
-100.782 46.825
-100.761 46.820
-100.771 46.822
-100.751 46.828
-100.644 46.707
-100.739 46.835
-100.742 46.917
-100.848 47.067
-100.646 46.874
-100.486 47.173
-100.241 47.155
-100.457 46.808
-100.204 46.808
