-98.440 40.437
-98.330 40.438
-98.326 40.566
-98.384 40.575
-101.739 41.125
-98.389 40.596
-98.393 40.594
-98.392 40.623
-98.404 40.600
-101.715 41.116
-101.726 41.145
-101.714 41.142
-98.400 40.593
-98.428 40.579
-98.411 40.592
-98.413 40.598
-98.388 40.656
-101.706 41.128
-101.542 41.094
-101.706 41.060
-101.933 41.136
-101.718 41.176
-101.611 41.302
-101.876 41.325
-101.377 41.209
-98.378 40.616
-98.448 40.563
-98.382 40.590
-98.364 40.593
-98.376 40.590
-98.371 40.578
-98.667 40.612
-98.554 40.655
-98.667 40.437
-98.400 40.574
-98.554 40.568
-98.553 40.437
-98.440 40.597
-98.428 40.587
-101.219 40.158
-100.992 40.125
-101.098 40.307
-100.844 40.204
-97.193 42.178
-97.010 42.244
-97.010 42.232
-97.023 42.239
-97.077 42.265
-97.025 42.231
-96.998 42.162
-97.251 42.308
-97.310 42.178
-96.862 42.178
-96.697 40.775
-96.693 40.767
-96.674 40.765
-96.686 40.759
-96.695 40.760
-96.709 40.855
-96.750 40.722
-96.718 40.852
-96.651 40.877
-96.753 40.896
-96.735 40.854
-96.659 40.824
-96.655 40.839
-96.649 40.847
-96.666 40.840
-96.659 40.810
-96.647 40.811
-96.656 40.807
-96.649 40.804
-96.668 40.804
-96.688 40.751
-96.697 40.752
-96.679 40.759
-96.707 40.750
-96.678 40.753
-96.726 40.865
-96.728 40.878
-96.668 40.801
-96.648 40.745
-96.659 40.802
-96.635 40.810
-96.641 40.802
-96.639 40.795
-96.681 40.783
-96.673 40.772
-96.678 40.745
-96.694 40.741
-96.676 40.726
-96.854 40.828
-96.787 40.862
-96.746 40.872
-96.725 40.757
-96.671 40.733
-96.634 40.803
-96.628 40.804
-96.630 40.796
-96.707 40.767
-96.599 40.782
-96.617 40.802
-96.615 40.818
-96.621 40.825
-96.613 40.823
-96.623 40.917
-96.629 40.869
-96.659 40.845
-96.617 40.796
-96.622 40.788
-96.633 40.789
-96.621 40.780
-96.612 40.774
-96.712 40.785
-96.704 40.785
-96.699 40.781
-96.697 40.788
-96.694 40.780
-96.702 40.797
-96.696 40.795
-96.687 40.794
-96.625 40.854
-96.637 40.854
-96.631 40.624
-96.735 40.788
-96.631 40.767
-96.644 40.767
-96.649 40.761
-96.656 40.767
-96.649 40.753
-96.687 40.788
-96.687 40.797
-96.693 40.800
-96.686 40.802
-96.688 40.810
-96.678 40.803
-96.693 40.805
-96.610 40.763
-96.621 40.750
-96.621 40.766
-96.583 40.781
-96.635 40.819
-96.628 40.825
-96.657 40.751
-96.659 40.757
-96.669 40.745
-96.668 40.751
-96.658 40.744
-99.074 40.830
-99.132 40.758
-99.104 40.717
-99.147 40.690
-99.254 40.725
-99.069 40.675
-99.101 40.712
-96.612 40.780
-96.700 40.802
-96.699 40.809
-96.690 40.732
-96.707 40.803
-96.714 40.816
-96.765 40.938
-96.796 41.002
-96.868 40.910
-96.623 41.002
-96.514 40.959
-96.666 40.733
-96.668 40.758
-96.594 40.740
-96.597 40.752
-99.118 40.706
-99.112 40.697
-96.712 40.796
-96.721 40.802
-96.665 40.831
-96.676 40.824
-96.686 40.825
-96.681 40.832
-96.754 40.791
-96.620 40.831
-96.855 40.727
-96.531 40.843
-96.618 40.761
-96.633 40.813
-96.598 40.836
-96.528 40.921
-99.096 40.688
-99.367 40.727
-99.255 40.873
-99.369 40.917
-96.611 40.787
-96.617 40.791
-96.696 40.829
-96.516 40.770
-96.611 40.838
-96.518 40.654
-96.636 40.671
-96.621 40.728
-96.635 40.750
-96.537 40.905
-96.688 40.860
-96.691 40.873
-96.702 40.876
-96.675 40.880
-99.073 40.706
-99.081 40.724
-99.080 40.707
-99.066 40.729
-96.676 40.718
-96.662 40.857
-96.561 40.709
-96.656 40.725
-96.744 40.654
-96.786 40.809
-96.750 40.795
-96.610 40.830
-99.084 40.698
-99.088 40.707
-99.067 40.706
-99.069 40.691
-99.057 40.707
-99.006 40.721
-96.678 40.818
-96.678 40.815
-96.689 40.817
-96.703 40.816
-96.678 40.810
-96.668 40.810
-96.856 40.596
-96.627 40.607
-99.108 40.968
-99.096 40.697
-99.095 40.705
-98.836 40.960
-98.842 40.745
-98.849 40.748
-98.881 40.757
-98.915 41.029
-98.780 40.792
-96.706 40.826
-96.692 40.843
-96.619 40.809
-96.707 40.839
-96.743 40.567
-96.629 40.545
-96.787 40.836
-96.626 40.836
-99.066 40.718
-96.669 40.777
-96.640 40.734
-96.659 40.737
-96.663 40.765
-96.749 40.811
-96.737 40.824
-96.737 40.800
-96.754 40.766
-96.619 40.840
-96.518 40.567
-96.729 40.841
-96.666 40.782
-96.655 40.776
-96.656 40.772
-96.654 40.779
-96.651 40.782
-96.636 40.773
-96.649 40.788
-96.743 40.797
-96.759 40.795
-96.781 40.809
-96.726 40.847
-96.603 40.758
-96.639 40.763
-96.630 40.762
-96.615 40.847
-96.630 40.847
-96.658 40.788
-96.658 40.795
-96.649 40.795
-96.635 40.782
-96.668 40.788
-96.677 40.788
-96.668 40.795
-96.678 40.795
-96.764 40.847
-96.727 40.836
-96.703 40.853
-96.671 40.719
-96.634 40.831
-96.637 40.839
-96.639 40.847
-96.641 40.832
-96.648 40.838
-96.649 40.831
-96.608 40.817
-96.607 40.810
-96.606 40.803
-96.684 40.780
-96.682 40.773
-96.690 40.773
-96.697 40.853
-96.687 40.852
-96.686 40.870
-96.694 40.862
-96.625 40.817
-96.649 40.824
-96.639 40.824
-96.605 40.739
-96.648 40.817
-96.663 40.818
-100.957 42.878
-100.636 42.766
-100.610 42.572
-100.974 42.522
-100.292 42.294
-101.076 42.258
-100.784 42.900
-100.591 42.937
-100.586 42.250
-100.302 42.629
-100.358 42.917
-101.539 42.273
-101.884 42.356
-101.881 42.183
-101.888 42.530
-101.438 42.531
-101.310 42.699
-101.891 42.811
-101.420 42.892
-101.082 42.887
-103.748 42.630
-103.785 42.153
-97.607 40.887
-97.735 40.946
-97.597 40.828
-97.769 40.786
-97.455 40.852
-97.583 40.882
-97.572 40.874
-97.585 40.864
-97.597 41.003
-97.576 40.867
-97.426 41.003
-97.597 40.849
-97.540 40.742
-97.655 40.742
-95.921 41.236
-95.946 41.232
-95.935 41.207
-95.938 41.275
-96.036 41.340
-96.101 41.358
-96.114 41.275
-96.055 41.267
-96.050 41.290
-103.365 42.599
-103.411 42.847
-103.220 42.736
-102.981 42.820
-102.995 42.827
-102.997 42.831
-103.009 42.818
-96.522 41.447
-96.060 41.289
-96.055 41.300
-96.061 41.267
-96.021 41.282
-95.933 41.196
-96.186 41.283
-95.941 41.237
-96.115 41.281
-96.052 41.348
-95.983 41.280
-95.999 41.295
-95.991 41.282
-96.285 41.286
-96.063 41.297
-96.185 41.262
-103.065 42.771
-102.995 42.823
-102.999 42.820
-96.848 41.699
-96.486 41.431
-96.492 41.430
-96.080 41.269
-96.094 41.305
-96.048 41.301
-96.059 41.281
-96.002 41.220
-95.982 41.210
-95.987 41.192
-95.972 41.194
-96.029 41.274
-96.026 41.265
-95.988 41.276
-96.188 41.253
-96.183 41.204
-96.152 41.273
-96.172 41.193
-102.997 42.837
-96.481 41.432
-96.474 41.433
-96.460 41.426
-96.616 41.655
-96.732 41.699
-96.665 41.665
-96.788 41.549
-96.501 41.655
-96.039 41.197
-96.084 41.256
-96.052 41.204
-96.014 41.230
-96.252 41.264
-95.963 41.256
-95.983 41.244
-95.945 41.251
-95.977 41.277
-95.986 41.296
-95.951 41.292
-96.034 41.240
-96.018 41.275
-96.009 41.275
-96.235 41.236
-96.241 41.210
-96.129 41.286
-96.084 41.281
-96.134 41.256
-96.100 41.260
-96.097 41.253
-96.038 41.301
-96.154 41.288
-96.112 41.310
-95.990 41.266
-95.983 41.254
-95.979 41.237
-96.272 41.262
-95.996 41.277
-96.029 41.228
-95.962 41.282
-95.999 41.312
-96.094 41.273
-96.145 41.280
-96.249 41.289
-96.171 41.260
-96.192 41.218
-96.127 41.270
-96.028 41.195
-96.030 41.207
-95.957 41.264
-96.008 41.255
-95.993 41.244
-96.020 41.254
-95.940 41.296
-95.946 41.286
-95.939 41.286
-96.154 41.296
-96.145 41.285
-96.144 41.296
-96.161 41.209
-96.145 41.302
-96.154 41.281
-96.033 41.325
-96.173 41.295
-96.092 41.312
-96.057 41.194
-95.993 41.236
-95.999 41.248
-95.978 41.244
-96.002 41.242
-95.972 41.256
-95.997 41.335
-96.016 41.330
-96.226 41.285
-96.208 41.255
-96.165 41.194
-96.243 41.294
-96.086 41.319
-96.548 41.612
-96.783 41.465
-96.556 41.523
-96.061 41.315
-96.134 41.303
-95.984 41.268
-96.112 41.268
-95.952 41.256
-96.226 41.269
-96.111 41.252
-95.957 41.244
-96.040 41.266
-96.040 41.274
-96.124 41.231
-96.057 41.242
-96.068 41.246
-96.059 41.255
-96.515 41.456
-96.561 41.430
-96.573 41.467
-96.503 41.448
-96.500 41.455
-96.489 41.453
-96.495 41.443
-96.038 41.281
-96.065 41.303
-96.034 41.289
-95.965 41.251
-95.992 41.270
-95.960 41.355
-96.093 41.297
-95.960 41.336
-96.049 41.272
-96.002 41.283
-96.001 41.275
-95.950 41.320
-95.998 41.369
-95.963 41.319
-96.059 41.275
-96.107 41.280
-96.095 41.233
-96.077 41.201
-96.097 41.227
-96.485 41.441
-96.462 41.450
-96.480 41.449
-96.466 41.442
-96.404 41.430
-96.031 41.295
-96.145 41.220
-95.965 41.326
-95.994 41.262
-95.924 41.246
-96.206 41.212
-95.968 41.244
-95.933 41.265
-95.969 41.309
-96.046 41.378
-96.016 41.283
-95.991 41.289
-95.960 41.375
-96.001 41.289
-96.187 41.300
-96.192 41.346
-96.168 41.314
-96.152 41.321
-96.136 41.328
-96.465 41.437
-96.502 41.433
-96.503 41.426
-96.503 41.442
-96.501 41.438
-95.941 41.245
-95.981 41.233
-95.963 41.212
-95.986 41.199
-96.206 41.198
-96.188 41.291
-96.079 41.306
-96.018 41.291
-95.985 41.313
-95.945 41.314
-95.972 41.296
-95.978 41.270
-96.131 41.311
-96.143 41.310
-96.163 41.303
-95.969 41.231
-95.941 41.216
-95.926 41.223
-95.991 41.209
-96.114 41.258
-95.978 41.263
-96.030 41.246
-95.951 41.240
-95.987 41.262
-96.202 41.374
-95.978 41.287
-95.966 41.289
-95.981 41.307
-95.974 41.303
-95.956 41.322
-96.163 41.285
-96.169 41.269
-96.080 41.313
-96.032 41.254
-96.077 41.292
-95.927 41.240
-95.983 41.222
-96.254 41.250
-95.963 41.233
-96.001 41.231
-95.965 41.238
-95.902 41.302
-95.979 41.318
-96.314 41.225
-95.954 41.307
-95.964 41.315
-96.001 41.303
-95.962 41.298
-95.991 41.303
-96.211 41.240
-96.193 41.195
-96.183 41.194
-96.152 41.215
-96.016 41.243
-95.994 41.256
-95.978 41.335
-95.970 41.262
-96.369 41.338
-95.971 41.267
-96.015 41.206
-96.192 41.206
-96.001 41.251
-95.932 41.255
-96.268 41.331
-96.005 41.299
-96.048 41.323
-96.058 41.376
-95.967 41.273
-96.010 41.282
-96.028 41.311
-96.013 41.270
-96.010 41.263
-96.001 41.268
-96.182 41.257
-96.192 41.244
-96.173 41.196
-96.064 41.356
-95.993 41.251
-96.143 41.272
-96.070 41.290
-96.000 41.204
-95.972 41.202
-96.207 41.225
-95.950 41.197
-95.962 41.199
-95.987 41.320
-95.957 41.272
-95.945 41.327
-96.019 41.316
-96.039 41.311
-96.089 41.286
-96.071 41.282
-96.101 41.285
-95.997 41.195
-96.006 41.194
-95.983 41.229
-95.945 41.225
-95.946 41.209
-96.044 41.348
-95.983 41.290
-96.013 41.340
-96.010 41.311
-96.010 41.293
-96.016 41.301
-96.162 41.368
-103.105 42.526
-96.084 41.194
-96.153 41.267
-96.110 41.202
-96.125 41.200
-96.149 41.245
-96.076 41.194
-96.068 41.228
-96.129 41.209
-96.071 41.257
-96.069 41.238
-100.137 40.089
-100.138 40.263
-100.167 40.286
-100.177 40.285
-100.169 40.280
-100.024 40.264
-99.912 40.263
-96.047 41.242
-96.120 41.298
-96.170 41.237
-96.140 41.286
-96.034 41.202
-96.044 41.217
-96.114 41.208
-96.134 41.194
-99.968 40.089
-99.799 40.263
-99.898 40.302
-99.897 40.310
-99.742 40.089
-99.686 40.264
-96.135 41.295
-96.087 41.274
-96.104 41.275
-96.035 41.232
-96.144 41.195
-96.135 41.266
-96.116 41.194
-95.965 41.224
-96.172 41.285
-96.049 41.229
-96.058 41.228
-96.047 41.256
-96.108 41.299
-96.083 41.241
-96.053 41.199
-96.131 41.275
-96.070 41.271
-96.047 41.208
-96.092 41.195
-96.046 41.192
-96.040 41.208
-96.134 41.228
-96.210 41.285
-96.165 41.296
-96.104 41.316
-96.039 41.227
-96.145 41.237
-96.152 41.239
-96.177 41.206
-96.111 41.289
-96.349 41.318
-96.162 41.274
-96.122 41.281
-96.189 41.226
-96.150 41.260
-96.149 41.204
-96.076 41.230
-96.093 41.209
-96.082 41.229
-96.104 41.227
-96.114 41.243
-96.155 41.251
-96.125 41.238
-96.125 41.245
-96.091 41.227
-96.076 41.318
-96.229 41.255
-96.107 41.237
-96.094 41.241
-99.977 41.913
-100.556 41.914
-96.162 41.258
-96.165 41.223
-96.167 41.215
-96.099 41.246
-96.076 41.211
-96.067 41.198
-96.109 41.229
-96.152 41.194
-96.170 41.207
-96.134 41.237
-96.136 41.246
-96.083 41.328
-96.237 41.255
-96.115 41.227
-96.086 41.202
-96.205 41.244
-96.145 41.215
-96.160 41.230
-96.184 41.239
-96.070 41.216
-96.158 41.197
-96.122 41.218
-96.172 41.230
-96.135 41.201
-96.145 41.209
-96.166 41.201
-96.202 41.271
-96.168 41.252
-96.165 41.242
-96.098 41.266
-96.173 41.242
-95.982 40.349
-95.713 40.418
-95.686 40.305
-95.982 40.480
-95.734 40.476
-95.868 40.370
-95.831 40.334
-95.845 40.390
-95.845 40.467
-100.507 40.608
-100.651 40.433
-100.316 40.501
-98.984 42.544
-98.580 42.636
-99.157 42.657
-98.666 42.491
-98.555 42.344
-98.642 42.466
-98.656 42.468
-98.654 42.457
-98.639 42.455
-98.408 42.443
-98.843 42.189
-98.388 42.219
-98.975 42.531
-100.084 40.587
-100.676 40.617
-98.148 41.857
-97.930 41.858
-98.012 41.752
-98.155 41.549
-98.235 41.712
-98.096 41.668
-97.903 41.694
-97.951 41.619
-97.912 41.556
-97.245 40.655
-97.319 40.603
-96.949 40.619
-96.969 40.626
-101.420 40.851
-101.705 40.851
-101.933 40.850
-96.947 40.631
-97.027 40.393
-96.940 40.478
-97.198 40.437
-97.129 40.605
-97.312 40.437
-97.053 40.481
-96.971 40.610
-96.924 42.642
-96.726 42.585
-96.717 42.565
-96.704 42.567
-96.868 42.270
-96.867 42.266
-96.901 42.308
-96.839 42.525
-96.958 42.438
-96.753 42.460
-96.842 42.395
-96.755 42.329
-97.079 41.511
-96.963 41.656
-97.168 41.430
-97.195 41.613
-96.974 41.496
-97.079 41.656
-97.101 40.897
-97.311 40.916
-97.254 41.003
-97.082 41.003
-97.311 40.822
-97.426 42.134
-97.528 42.199
-97.631 42.199
-97.519 42.360
-97.776 42.351
-102.884 42.110
-102.888 42.092
-102.875 42.117
-102.999 42.133
-102.855 42.095
-102.863 42.108
-103.174 42.308
-102.870 42.097
-99.066 40.263
-98.781 40.568
-97.174 40.135
-98.838 40.394
-97.091 40.194
-99.122 40.394
-96.973 40.132
-99.123 40.481
-99.009 40.481
-97.188 40.140
-98.949 40.506
-97.179 40.148
-98.957 40.497
-98.953 40.490
-97.170 40.150
-97.183 40.059
-99.123 40.591
-98.970 40.633
-97.856 40.602
-97.860 40.611
-97.938 40.394
-97.267 40.183
-98.856 40.510
-98.794 40.645
-97.255 40.306
-97.029 40.306
-97.197 40.829
-97.083 40.829
-97.142 40.917
-97.083 40.741
-97.249 40.739
-96.968 40.785
-97.052 40.769
-97.055 40.775
-96.968 40.959
-97.910 40.590
-98.222 40.481
-98.222 40.611
-98.108 40.655
-97.102 40.920
-97.084 40.923
-97.086 40.911
-98.103 40.432
-98.165 40.394
-98.055 40.526
-98.052 40.525
-98.599 40.822
-98.368 40.945
-103.710 41.546
-97.955 42.481
-97.837 42.612
-97.583 42.511
-97.662 42.612
-97.545 42.732
-98.097 42.766
-98.155 42.602
-97.737 42.780
-97.078 41.946
-97.078 41.874
-97.174 41.957
-97.176 41.953
-97.078 42.033
-97.310 41.787
-97.310 41.873
-97.310 41.961
-97.194 41.787
-97.194 41.874
-97.078 41.787
-97.228 41.968
-99.236 40.089
-99.343 40.061
-97.195 42.047
-97.300 42.055
-97.312 42.046
-99.748 42.437
-99.858 42.548
-99.990 42.428
-99.358 40.143
-99.361 40.102
-99.537 40.278
-99.292 40.263
-99.461 40.132
-99.573 40.089
-98.354 40.933
-98.364 40.928
-96.469 41.846
-98.376 40.928
-98.365 40.913
-98.348 40.920
-98.354 40.907
-98.349 40.896
-101.061 41.568
-96.451 41.966
-96.472 41.936
-96.467 41.832
-96.467 41.840
-96.253 41.969
-96.163 41.791
-98.367 40.877
-98.373 40.905
-98.344 40.910
-98.350 40.926
-96.288 41.798
-96.402 41.759
-96.217 41.778
-96.226 41.777
-98.335 40.932
-98.330 40.921
-98.445 40.901
-98.394 40.939
-98.325 40.879
-98.313 40.953
-98.336 40.909
-98.376 40.935
-98.333 40.899
-98.320 40.945
-98.340 40.939
-98.372 40.919
-98.364 40.935
-98.401 40.900
-98.399 40.922
-98.449 40.939
-98.391 41.005
-98.441 40.953
-98.607 41.004
-98.607 40.917
-98.621 40.806
-98.379 40.946
-98.439 40.829
-98.329 40.776
-98.351 40.945
-98.502 40.736
-96.659 42.206
-96.719 42.246
-96.478 42.148
-96.785 42.134
-96.445 42.235
-96.687 42.126
-96.590 42.126
-96.470 42.060
-96.345 42.099
-100.338 40.992
-100.494 41.069
-101.014 41.180
-100.735 40.779
-100.776 40.951
-100.704 41.028
-100.859 41.168
-100.693 41.284
-100.768 41.147
-100.781 41.150
-100.794 41.152
-100.800 41.138
-100.805 41.130
-100.779 41.127
-100.745 41.133
-101.184 41.172
-100.766 41.135
-100.785 41.127
-100.778 41.137
-100.787 41.137
-101.085 40.835
-100.797 41.125
-100.744 41.107
-100.752 41.145
-100.746 41.124
-100.772 41.124
-100.762 41.127
-97.951 42.350
-98.022 42.127
-98.181 42.002
-98.082 41.980
-98.083 41.987
-98.008 42.003
-97.746 40.140
-97.576 40.292
-97.577 40.202
-97.576 40.130
-97.426 40.220
-97.746 40.271
-97.595 40.046
-98.930 41.552
-98.936 41.608
-98.184 42.176
-98.937 41.601
-98.989 41.660
-99.097 41.481
-98.846 41.471
-98.922 41.600
-96.348 40.462
-96.407 40.335
-96.286 40.329
-96.152 40.480
-96.152 40.393
-96.148 40.303
-98.242 42.350
-98.126 42.350
-97.837 42.044
-97.892 42.003
-97.951 42.177
-98.035 42.132
-95.854 40.677
-95.859 40.665
-95.846 40.672
-95.900 40.704
-96.009 40.654
-95.942 40.567
-96.293 40.566
-96.179 40.676
-96.179 40.633
-96.293 40.697
-97.435 41.156
-97.545 41.100
-97.579 41.177
-97.135 42.734
-97.121 42.595
-97.133 42.482
-97.387 42.598
-97.300 42.650
-97.195 42.667
-101.741 41.915
-97.640 41.096
-97.563 41.275
-97.756 41.115
-97.049 42.396
-97.107 42.393
-97.884 41.065
-97.992 41.001
-98.210 40.879
-97.883 40.872
-97.940 40.742
-98.168 40.760
-98.045 40.916
-97.193 42.395
-97.309 42.396
-97.994 40.867
-98.040 40.835
-98.008 40.862
-98.009 40.872
-97.368 42.482
-97.358 42.375
-97.308 42.743
-97.283 42.819
-97.425 42.778
-97.340 42.680
-96.121 40.741
-96.407 40.697
-95.876 40.683
-95.874 40.671
-95.866 40.685
-95.859 40.685
-102.340 41.637
-102.557 41.703
-102.497 41.338
-102.126 41.604
-98.642 41.200
-98.597 41.327
-98.377 41.214
-98.369 41.333
-98.460 41.174
-98.540 41.097
-98.689 41.089
-98.364 41.090
-97.729 40.423
-97.577 40.452
-97.426 40.481
-97.426 40.655
-97.540 40.655
-97.539 40.568
-97.729 40.626
-97.654 40.568
-97.601 40.533
-97.603 40.522
-99.530 40.394
-99.360 40.438
-99.387 40.443
-99.376 40.435
-99.369 40.438
-99.361 40.440
-99.242 40.438
-99.596 40.525
-99.632 40.526
-99.262 40.603
-99.427 40.569
-99.517 40.645
-99.484 40.481
-103.792 41.769
-103.799 41.875
-103.962 41.823
-103.927 41.975
-103.541 41.752
-103.427 41.728
-103.411 41.881
-103.517 41.898
-103.656 41.827
-103.673 41.838
-103.674 41.824
-103.661 41.766
-103.658 41.815
-103.638 41.959
-103.701 41.893
-103.670 41.847
-103.680 41.857
-103.650 41.855
-103.674 41.870
-103.670 41.863
-103.646 41.863
-103.652 41.869
-103.616 41.882
-103.648 41.880
-103.668 41.881
-103.924 41.964
-103.814 41.944
-103.806 41.942
-103.764 41.956
-103.502 41.811
-98.472 42.854
-99.022 42.923
-98.671 42.916
-99.697 42.849
-99.871 42.857
-100.074 42.899
-99.462 42.894
-99.454 41.914
-98.504 41.936
-98.661 41.801
-97.397 42.025
-97.404 42.031
-97.419 42.031
-97.412 42.043
-97.395 41.998
-97.406 42.017
-97.424 42.015
-97.426 41.830
-97.457 41.972
-97.526 42.051
-97.543 41.960
-97.717 42.003
-97.432 42.048
-97.453 42.051
-97.444 42.038
-97.829 42.043
-97.736 41.844
-97.581 41.815
-97.440 42.027
-97.456 41.823
-97.457 41.832
-97.422 42.043
-97.395 42.045
-96.365 41.040
-96.489 41.346
-96.593 42.381
-96.402 42.479
-96.414 42.467
-96.417 42.445
-96.480 42.464
-96.404 42.457
-96.640 42.466
-96.476 42.401
-96.670 42.332
-96.422 42.479
-96.483 42.316
-96.418 42.417
-96.428 42.456
-98.608 40.102
-98.622 40.273
-98.387 40.307
-98.330 40.133
-98.445 40.132
-98.991 41.915
-99.129 41.780
-99.139 41.780
-96.656 41.383
-99.072 41.304
-98.937 41.340
-99.127 41.149
-98.919 41.235
-98.816 41.300
-98.887 41.120
-96.402 41.206
-96.393 41.242
-96.515 41.262
-96.794 41.089
-96.793 41.177
-96.851 41.334
-96.736 41.302
-96.570 41.175
-96.627 41.221
-96.622 41.202
-96.609 41.225
-96.621 41.264
-96.571 41.089
-96.400 41.244
-96.398 41.077
-96.381 41.041
-103.652 41.233
-103.666 41.232
-103.471 41.202
-103.923 41.195
-103.678 41.197
-96.903 41.830
-96.652 42.018
-96.787 41.960
-96.923 42.018
-96.700 41.833
-96.712 41.843
-96.671 41.829
-95.954 40.130
-95.950 40.166
-95.940 40.166
-95.615 40.088
-95.601 40.065
-95.599 40.074
-95.599 40.060
-95.599 40.054
-95.813 40.218
-95.841 40.088
-95.700 40.218
-95.728 40.044
-95.728 40.131
-95.458 40.025
-95.532 40.165
-102.926 41.141
-102.964 41.177
-103.000 41.293
-103.281 41.228
-102.990 41.399
-96.064 40.915
-96.116 40.814
-95.997 40.835
-103.123 41.081
-102.715 41.219
-102.873 41.067
-102.991 41.140
-98.579 41.609
-98.665 41.485
-98.395 41.662
-98.387 41.466
-96.195 40.980
-96.139 40.992
-96.298 40.994
-96.179 40.915
-96.062 41.009
-95.959 40.915
-95.939 41.031
-98.839 40.089
-99.066 40.089
-98.840 40.263
-95.896 40.827
-95.875 40.943
-95.924 40.979
-95.886 40.998
-95.885 41.019
-95.896 41.017
-95.898 41.012
-95.892 40.999
-96.407 40.827
-96.407 40.914
-96.135 40.872
-96.179 40.849
-96.407 40.987
-96.294 40.827
-96.293 40.914
-95.888 41.007
-95.900 41.006
-95.866 40.898
-95.906 40.991
-101.135 41.916
-97.658 41.700
-97.367 41.443
-97.362 41.435
-97.353 41.439
-97.358 41.425
-97.346 41.419
-97.658 41.613
-97.630 41.500
-97.383 41.439
-97.332 41.446
-97.385 41.450
-97.369 41.613
-97.426 41.700
-97.329 41.434
-97.542 41.700
-97.310 41.700
-97.426 41.526
-97.542 41.569
-97.310 41.526
-97.412 41.443
-99.504 42.217
-99.579 42.535
-99.539 42.587
-99.365 42.620
-97.295 41.440
-97.335 41.417
-97.367 41.449
-97.381 41.431
-97.376 41.422
-97.773 41.634
-99.351 42.319
-97.350 41.429
-97.355 41.454
-97.555 41.408
-97.373 41.447
-96.153 41.502
-96.061 41.514
-96.321 41.445
-96.217 41.433
-96.134 41.441
-96.048 41.426
-95.973 41.436
-96.241 41.653
-96.369 41.573
-96.138 41.540
-96.140 41.550
-96.155 41.552
-96.120 41.572
-96.209 41.581
-96.146 41.529
-102.395 41.094
-102.146 41.108
-102.504 41.166
-101.900 40.484
-101.660 40.545
-101.424 40.550
-101.649 40.520
-101.632 40.512
-103.074 41.896
-103.281 41.896
-103.262 41.784
-103.253 41.547
-102.807 41.872
-103.028 41.724
-102.779 41.587
-103.168 41.666
-103.035 41.539
-98.073 41.338
-98.112 41.446
-97.812 41.429
-97.735 41.446
-97.727 41.446
-97.972 41.364
-102.644 42.443
-102.346 42.283
-102.679 42.750
-102.494 42.870
-102.420 42.666
-102.240 42.902
-102.240 42.699
-102.132 42.745
-99.812 40.568
-99.880 40.569
-99.696 40.543
-99.898 40.395
-100.946 40.435
-101.242 40.514
-100.987 40.606
-101.696 41.569
-100.611 40.187
-100.651 40.269
-100.646 40.089
-100.593 40.208
-100.478 40.220
-100.342 40.080
-100.366 40.263
-100.253 40.263
-100.641 40.210
-100.647 40.202
-100.635 40.215
-100.618 40.204
-100.618 40.210
-100.630 40.202
-100.622 40.217
-98.066 40.024
-98.070 40.030
-97.877 40.133
-97.935 40.046
-97.915 40.278
-98.059 40.203
-98.218 40.220
-98.162 40.046
-96.662 40.120
-96.577 40.045
-96.803 40.132
-96.577 40.306
-96.805 40.218
-96.577 40.219
-96.575 40.132
-100.483 41.566
-96.860 40.306
-96.518 40.480
-96.803 40.045
-96.730 40.265
-96.742 40.480
-96.767 40.264
-96.734 40.253
-96.750 40.250
-96.737 40.269
-96.593 40.422
-96.800 40.393
-96.856 40.480
-96.721 40.269
-96.738 40.273
-96.749 40.263
-96.742 40.280
-96.753 40.294
-96.746 40.311
-96.734 40.280
-96.670 40.126
-96.725 40.276
-95.888 41.147
-95.940 41.154
-95.997 41.129
-96.133 41.086
-95.925 41.183
-96.130 41.189
-96.103 41.155
-96.129 41.186
-95.953 41.115
-95.917 41.123
-95.956 41.136
-96.129 41.169
-96.149 41.180
-96.125 41.141
-96.090 41.180
-96.079 41.160
-96.168 41.188
-96.039 41.171
-95.906 41.165
-95.901 41.150
-96.057 41.138
-96.046 41.147
-96.059 41.148
-96.027 41.141
-95.914 41.145
-95.964 41.108
-95.953 41.110
-96.009 41.153
-95.992 41.145
-95.973 41.136
-95.940 41.110
-95.928 41.143
-96.056 41.110
-96.052 41.170
-96.051 41.188
-95.900 41.141
-95.897 41.089
-95.902 41.129
-96.144 41.186
-96.040 41.187
-96.042 41.180
-96.027 41.172
-96.285 41.140
-96.153 41.187
-96.083 41.068
-95.966 41.075
-95.985 41.106
-96.157 41.120
-96.230 41.158
-96.230 41.118
-96.223 41.050
-96.253 41.124
-96.235 41.146
-96.031 41.167
-95.949 41.098
-95.957 41.125
-95.892 41.118
-96.052 41.158
-96.077 41.185
-96.029 41.146
-96.061 41.179
-96.036 41.149
-96.001 41.162
-96.033 41.159
-96.188 41.186
-96.020 41.179
-96.030 41.187
-96.032 41.180
-96.019 41.187
-95.992 41.184
-95.992 41.177
-95.979 41.178
-95.956 41.169
-95.999 41.187
-95.979 41.187
-95.968 41.186
-95.944 41.180
-95.926 41.172
-95.955 41.187
-95.942 41.187
-95.912 41.169
-96.161 41.165
-95.920 41.161
-95.943 41.180
-95.911 41.156
-95.940 41.162
-95.912 41.137
-101.855 40.161
-101.550 40.244
-101.434 40.114
-98.117 41.177
-98.212 41.107
-98.240 40.977
-98.222 41.230
-98.152 41.029
-98.063 41.080
-97.886 41.139
-98.001 41.147
-97.845 41.259
-97.908 41.173
-97.874 41.205
-97.995 41.116
-98.010 41.109
-97.670 41.334
-98.019 41.243
-96.124 40.045
-96.067 40.207
-96.132 40.127
-96.350 40.088
-96.293 40.219
-99.672 41.003
-99.932 40.961
-99.777 40.829
-99.745 40.782
-99.990 40.751
-99.939 40.844
-100.130 40.838
-99.990 40.854
-100.111 40.918
-100.190 40.938
-99.525 40.951
-99.798 40.893
-99.730 40.830
-99.725 40.780
-99.778 40.762
-99.790 40.723
-99.652 40.787
-99.510 40.775
-100.110 41.003
-96.966 41.351
-96.953 41.419
-97.123 41.249
-97.077 41.354
-97.124 41.261
-97.135 41.266
-97.197 41.346
-97.311 41.352
-96.966 41.264
-96.966 41.177
-96.966 41.090
-97.078 41.264
-97.081 41.177
-97.081 41.090
-97.196 41.090
-97.196 41.265
-97.196 41.177
-97.311 41.265
-97.311 41.178
-97.311 41.090
-100.167 40.743
-99.992 41.372
-99.981 41.496
-100.105 41.653
-100.165 41.455
-100.194 41.423
-99.377 41.641
-99.364 41.641
-99.500 41.690
-99.321 41.105
-99.640 41.705
-99.301 41.223
-99.550 41.133
-99.397 41.282
-99.650 41.402
-99.634 41.263
-99.779 41.133
-99.980 41.112
-100.152 41.112
-99.270 41.698
-99.264 41.373
-99.277 41.477
-99.241 41.583
-99.373 41.674
-99.807 41.263
-99.968 41.253
-99.354 41.547
-99.393 41.414
-99.500 41.335
-99.526 41.507
-99.550 41.609
-99.647 41.411
-99.634 41.411
-99.633 41.400
-99.649 41.358
-99.636 41.469
-99.806 41.350
-99.794 41.487
-99.825 41.649
-100.139 41.252
