-71.048 44.165
-71.188 44.184
-71.373 44.137
-71.234 44.080
-71.171 44.039
-71.072 44.009
-71.270 43.974
-71.048 43.903
-71.150 43.899
-71.277 43.857
-71.447 43.839
-71.378 43.725
-71.264 43.675
-71.150 43.736
-71.071 43.826
-71.042 43.746
-71.010 43.592
-71.171 43.612
-71.083 43.562
-70.768 43.069
-70.782 43.037
-71.303 42.861
-71.319 42.886
-71.313 42.918
-71.249 42.887
-71.210 43.213
-71.257 43.138
-71.121 43.124
-71.310 43.059
-71.199 43.032
-71.075 43.050
-70.952 43.069
-70.966 43.039
-70.836 43.093
-70.848 43.038
-70.718 43.063
-70.721 43.002
-70.829 42.979
-70.901 43.016
-70.964 42.990
-71.045 42.989
-71.125 42.989
-71.344 42.990
-71.251 42.967
-71.183 42.933
-71.121 42.928
-71.066 42.916
-71.004 42.925
-70.950 42.929
-70.886 42.927
-70.835 42.938
-71.387 42.880
-71.299 42.808
-71.220 42.790
-71.170 42.882
-71.160 42.837
-71.096 42.840
-71.043 42.868
-70.968 42.885
-70.861 42.887
-70.800 43.068
-70.778 43.086
-70.705 42.930
-70.753 43.067
-72.011 42.753
-72.060 42.829
-72.091 42.942
-72.121 42.994
-72.215 43.017
-72.072 42.894
-72.201 42.952
-72.190 42.827
-72.148 42.759
-72.272 42.766
-72.296 42.862
-72.400 42.787
-72.184 42.891
-72.500 42.809
-72.432 42.969
-72.330 43.021
-72.264 43.040
-72.115 43.078
-72.215 43.131
-72.310 43.114
-72.408 43.074
-72.300 42.944
-72.299 42.968
-72.338 42.942
-72.264 42.918
-72.453 42.891
-72.256 42.959
-72.089 43.183
-72.373 43.362
-72.307 43.351
-72.325 43.399
-72.282 43.551
-72.150 43.517
-72.037 43.493
-72.320 43.474
-72.191 43.444
-72.200 43.365
-72.090 43.391
-72.115 43.289
-72.271 43.298
-72.394 43.247
-72.381 43.169
-72.287 43.217
-72.181 43.227
-72.066 43.896
-71.695 43.668
-71.877 44.041
-71.795 44.222
-71.730 43.619
-71.982 43.771
-71.771 43.903
-71.882 43.945
-72.031 43.975
-71.478 43.946
-71.644 43.924
-71.736 43.998
-71.995 44.075
-71.460 44.044
-71.580 44.098
-71.794 44.126
-71.879 44.155
-71.987 44.180
-71.661 44.184
-71.862 44.240
-71.940 44.265
-72.010 44.285
-71.598 44.253
-71.809 44.332
-72.213 43.641
-72.293 43.637
-72.250 43.623
-72.191 43.716
-72.048 43.679
-72.116 43.598
-71.972 43.576
-71.938 43.654
-71.832 43.623
-71.631 43.716
-71.588 43.750
-71.722 43.744
-71.792 43.695
-71.859 43.745
-72.115 43.805
-71.645 43.828
-71.808 43.827
-71.929 43.860
-71.490 43.590
-71.455 43.578
-71.491 43.539
-71.467 43.543
-71.463 43.515
-71.459 43.524
-71.511 43.704
-71.634 43.625
-71.502 43.630
-71.385 43.558
-71.246 43.491
-71.255 43.352
-71.362 43.427
-71.475 43.468
-71.575 43.467
-71.602 43.528
-70.901 43.255
-70.877 43.206
-70.889 43.241
-70.850 43.194
-70.916 43.225
-70.873 43.158
-70.845 43.161
-70.916 43.197
-70.937 43.313
-70.891 43.270
-71.016 43.321
-70.946 43.284
-70.968 43.259
-70.996 43.294
-70.853 43.247
-70.871 43.240
-70.968 43.312
-71.143 43.464
-71.069 43.484
-71.008 43.450
-71.077 43.363
-71.150 43.280
-71.042 43.214
-70.941 43.175
-71.007 43.120
-70.920 43.117
-70.843 43.221
-71.763 43.382
-71.829 43.282
-72.028 43.315
-71.867 43.528
-71.639 43.456
-71.647 43.434
-71.496 43.225
-71.588 43.191
-71.765 43.525
-71.680 43.450
-71.505 43.200
-71.528 43.191
-71.546 43.182
-71.542 43.214
-71.522 43.261
-71.594 43.232
-71.615 43.266
-71.597 43.255
-71.437 43.071
-71.382 43.138
-71.450 43.180
-71.605 43.102
-71.697 43.198
-71.822 43.173
-71.339 43.215
-71.399 43.257
-71.310 43.294
-71.440 43.321
-71.544 43.353
-71.969 43.235
-71.930 43.340
-71.793 43.447
-71.991 43.418
-71.919 43.452
-71.531 43.131
-71.574 43.411
-71.653 43.324
-71.719 43.300
-71.292 44.482
-71.178 44.509
-71.190 44.485
-71.167 44.466
-71.251 45.143
-71.314 45.010
-71.414 44.961
-71.415 44.899
-71.273 44.887
-71.124 44.990
-71.193 44.913
-71.107 44.913
-71.129 44.843
-71.126 44.768
-71.271 44.765
-71.344 44.801
-71.467 44.826
-71.515 44.714
-71.379 44.728
-71.252 44.657
-71.106 44.659
-71.077 44.509
-71.216 44.567
-71.405 44.599
-71.517 44.576
-71.547 44.475
-71.397 44.495
-71.682 44.387
-71.592 44.373
-71.465 44.397
-71.315 44.397
-71.204 44.395
-71.088 44.390
-71.119 44.289
-71.214 44.327
-71.222 44.299
-71.245 44.261
-71.292 44.300
-71.365 44.323
-71.505 44.300
-71.402 44.262
-71.359 44.261
-71.377 44.223
-71.336 44.205
-71.300 44.219
-71.333 44.126
-71.507 42.790
-71.484 42.978
-71.428 42.945
-71.440 42.977
-71.400 42.977
-71.441 42.985
-71.457 42.960
-71.584 42.749
-71.671 42.746
-71.749 42.748
-71.800 42.758
-71.875 42.749
-71.324 42.734
-71.481 42.991
-71.436 42.993
-71.407 42.764
-71.455 42.843
-71.464 42.991
-71.433 43.006
-71.519 42.855
-71.607 42.871
-71.461 43.022
-71.491 43.023
-71.674 42.818
-71.773 42.831
-71.855 42.829
-71.934 42.816
-71.684 42.902
-71.774 42.903
-71.940 42.891
-71.871 42.940
-71.530 42.941
-71.568 43.019
-71.686 42.977
-71.815 42.996
-71.908 43.012
-71.996 42.976
-71.722 43.081
-71.851 43.075
-71.983 43.053
-72.018 43.113
-71.947 43.149
-71.455 42.716
-71.515 42.725
-71.486 42.719
-71.473 42.744
-71.449 42.745
-71.469 42.781
-71.480 42.761
-71.522 42.773
