-74.282 40.732
-74.231 40.742
-74.202 40.728
-74.164 40.811
-74.199 40.796
-74.330 40.724
-74.208 40.711
-74.194 40.775
-74.255 40.717
-74.265 40.845
-74.172 40.770
-74.220 40.751
-74.152 40.800
-74.208 40.800
-74.220 40.711
-74.180 40.783
-74.146 40.730
-74.197 40.835
-74.210 40.725
-74.184 40.762
-74.322 40.780
-74.193 40.767
-74.183 40.765
-74.249 40.835
-74.207 40.721
-74.240 40.761
-74.307 40.748
-74.242 40.774
-74.192 40.848
-74.179 40.745
-74.230 40.790
-74.312 40.798
-74.168 40.735
-74.341 40.731
-74.213 40.725
-74.225 40.776
-74.206 40.816
-74.200 40.720
-74.211 40.751
-74.219 40.832
-74.258 40.771
-74.320 40.794
-74.181 40.754
-74.166 40.825
-74.350 40.750
-74.273 40.841
-74.222 40.740
-74.315 40.894
-74.198 40.723
-74.258 40.807
-74.199 40.765
-74.218 40.762
-74.188 40.731
-74.211 40.776
-74.186 40.798
-74.201 40.763
-74.285 40.829
-74.284 40.736
-74.235 40.723
-74.145 40.816
-74.176 40.833
-74.159 40.816
-74.273 40.806
-74.246 40.792
-74.232 40.771
-74.229 40.756
-74.190 40.732
-74.278 40.727
-74.219 40.734
-74.185 40.811
-74.281 40.788
-74.246 40.770
-74.229 40.780
-74.140 40.822
-74.219 40.818
-74.315 40.839
-74.206 40.765
-74.205 40.796
-74.188 40.742
-74.178 40.734
-74.200 40.803
-74.157 40.821
-74.246 40.736
-74.165 40.721
-74.154 40.792
-74.185 40.806
-74.305 40.802
-74.222 40.721
-74.152 40.814
-74.220 40.739
-74.283 40.875
-74.234 40.736
-74.217 40.759
-74.199 40.736
-74.154 40.804
-74.244 40.764
-74.213 40.732
-74.252 40.754
-74.192 40.737
-74.254 40.735
-74.204 40.842
-74.178 40.754
-74.217 40.780
-74.226 40.733
-74.245 40.773
-74.180 40.761
-74.179 40.787
-74.244 40.724
-74.346 40.776
-74.211 40.759
-74.311 40.721
-74.185 40.768
-74.275 40.834
-74.191 40.808
-74.144 40.799
-74.204 40.764
-74.171 40.724
-74.203 40.821
-74.186 40.726
-74.270 40.848
-74.160 40.726
-74.194 40.797
-74.223 40.747
-74.221 40.806
-74.190 40.695
-74.176 40.791
-74.179 40.823
-74.153 40.699
-74.238 40.712
-74.179 40.730
-74.237 40.743
-74.223 40.728
-74.297 40.737
-74.183 40.833
-74.195 40.762
-74.333 40.792
-74.230 40.745
-74.310 40.764
-74.195 40.732
-74.210 40.846
-74.149 40.803
-74.203 40.719
-74.274 40.776
-74.233 40.753
-74.229 40.867
-74.183 40.841
-74.207 40.756
-74.214 40.767
-74.261 40.733
-74.153 40.727
-74.226 40.831
-74.181 40.772
-74.163 40.730
-74.240 40.723
-74.209 40.705
-74.219 40.718
-74.218 40.785
-74.246 40.718
-74.188 40.736
-74.155 40.824
-74.234 40.859
-74.177 40.757
-74.252 40.774
-74.196 40.782
-74.177 40.771
-74.190 40.845
-74.217 40.769
-74.174 40.796
-74.254 40.781
-74.215 40.726
-74.320 40.738
-74.189 40.727
-74.163 40.780
-74.244 40.728
-74.244 40.778
-74.184 40.788
-74.184 40.794
-74.174 40.840
-74.213 40.712
-74.157 40.723
-74.174 40.802
-74.241 40.877
-74.181 40.722
-74.203 40.774
-74.302 40.717
-74.175 40.718
-74.173 40.750
-74.240 40.719
-74.160 40.777
-74.220 40.825
-74.155 40.730
-74.177 40.747
-74.251 40.769
-74.193 40.792
-74.148 40.727
-74.155 40.779
-74.273 40.853
-74.228 40.721
-74.288 40.888
-74.216 40.800
-74.202 40.733
-74.233 40.848
-74.172 40.807
-74.298 40.790
-74.163 40.771
-74.220 40.764
-74.338 40.805
-74.250 40.842
-74.214 40.757
-74.236 40.765
-74.165 40.789
-74.250 40.717
-74.271 40.774
-74.285 40.842
-74.174 40.728
-74.199 40.713
-74.157 40.799
-74.242 40.841
-74.253 40.803
-74.220 40.756
-74.218 40.731
-74.215 40.804
-74.188 40.793
-74.223 40.797
-74.196 40.800
-74.146 40.820
-74.210 40.822
-74.301 40.776
-74.232 40.796
-74.280 40.858
-74.257 40.827
-74.320 40.800
-74.214 40.703
-74.269 40.749
-74.315 40.776
-74.155 40.725
-74.185 40.816
-74.300 40.762
-74.223 40.756
-74.214 40.815
-74.211 40.768
-74.209 40.761
-74.319 40.727
-74.198 40.767
-74.172 40.753
-74.264 40.819
-74.155 40.787
-74.185 40.730
-74.257 40.873
-74.328 40.750
-74.195 40.772
-74.196 40.718
-74.211 40.736
-74.132 40.714
-74.201 40.786
-74.129 40.734
-74.262 40.741
-74.167 40.796
-74.190 40.758
-74.195 40.722
-74.159 40.728
-74.162 40.794
-74.224 40.730
-74.236 40.822
-74.284 40.748
-74.206 40.736
-74.183 40.774
-74.176 40.752
-74.265 40.860
-74.275 40.755
-74.218 40.748
-74.210 40.811
-74.206 40.836
-74.196 40.754
-74.251 40.713
-74.269 40.744
-74.158 40.770
-74.199 40.743
-74.206 40.725
-74.162 40.774
-74.223 40.736
-74.191 40.771
-74.335 40.738
-74.246 40.827
-74.235 40.777
-74.313 40.731
-74.172 40.779
-74.203 40.745
-74.292 40.816
-74.328 40.784
-74.280 40.777
-74.171 40.822
-74.202 40.710
-74.190 40.821
-74.163 40.725
-74.168 40.775
-74.193 40.749
-74.209 40.770
-74.194 40.840
-74.204 40.806
-74.186 40.748
-74.218 40.714
-74.220 40.744
-74.165 40.819
-74.298 40.834
-74.251 40.760
-74.203 40.768
-74.224 40.771
-74.168 40.767
-74.152 40.829
-74.321 40.871
-74.199 40.826
-74.256 40.743
-74.221 40.731
-74.207 40.714
-74.159 40.798
-74.215 40.732
-74.213 40.784
-74.237 40.768
-74.200 40.701
-74.172 40.760
-74.160 40.832
-74.228 40.736
-74.138 40.729
-74.222 40.839
-74.309 40.792
-74.209 40.780
-74.227 40.823
-74.187 40.781
-74.226 40.748
-74.243 40.739
-74.205 40.761
-74.173 40.765
-74.186 40.755
-74.230 40.763
-74.189 40.765
-74.160 40.733
-74.224 40.743
-74.238 40.782
-74.199 40.752
-74.225 40.712
-74.213 40.718
-74.319 40.787
-74.184 40.732
-74.294 40.844
-74.225 40.725
-74.197 40.745
-74.308 40.782
-74.176 40.764
-74.208 40.743
-74.197 40.787
-74.232 40.830
-74.189 40.787
-74.235 40.743
-74.166 40.731
-74.149 40.787
-74.272 40.738
-74.205 40.789
-74.187 40.717
-74.193 40.815
-74.229 40.716
-74.216 40.853
-74.178 40.725
-74.239 40.836
-74.220 40.772
-74.157 40.784
-74.226 40.765
-74.178 40.777
-74.243 40.735
-74.212 40.828
-74.166 40.773
-74.181 40.727
-74.207 40.786
-74.274 40.824
-74.264 40.718
-74.227 40.767
-74.223 40.708
-74.225 40.789
-74.214 40.745
-74.216 40.721
-74.155 40.810
-74.199 40.741
-74.224 40.758
-74.238 40.757
-74.175 40.754
-74.191 40.720
-74.151 40.809
-74.286 40.837
-74.219 40.776
-74.217 40.706
-74.247 40.758
-74.167 40.802
-74.209 40.765
-74.201 40.759
-74.353 40.787
-74.235 40.748
-74.216 40.753
-74.174 40.818
-74.233 40.719
-74.169 40.784
-74.229 40.801
-74.268 40.723
-74.206 40.775
-74.238 40.738
-74.226 40.845
-74.261 40.729
-74.272 40.726
-74.182 40.779
-74.265 40.808
-74.254 40.724
-74.292 40.857
-74.192 40.786
-74.167 40.727
-74.227 40.752
-74.208 40.739
-74.256 40.739
-74.200 40.717
-74.207 40.729
-74.229 40.724
-74.214 40.790
-74.181 40.802
-74.204 40.827
-74.193 40.744
-74.158 40.791
-74.222 40.763
-74.184 40.729
-74.191 40.726
-74.292 40.769
-74.222 40.786
-74.223 40.765
-74.212 40.817
-74.218 40.818
-74.248 40.724
-74.203 40.724
-74.228 40.786
-74.321 40.827
-74.214 40.773
-74.214 40.715
-74.192 40.722
-74.200 40.755
-74.205 40.709
-74.189 40.831
-74.232 40.749
-74.252 40.742
-74.253 40.730
-74.164 40.764
-74.221 40.861
-74.194 40.805
-74.195 40.740
-74.169 40.764
-74.169 40.744
-74.235 40.731
-74.206 40.716
-74.232 40.739
-74.260 40.797
-74.203 40.780
-74.231 40.776
-74.262 40.764
-74.239 40.808
-74.235 40.727
-74.239 40.732
-74.200 40.811
-74.217 40.810
-74.176 40.783
-74.311 40.818
-74.320 40.751
-74.174 40.761
-74.214 40.823
-74.173 40.743
-74.232 40.837
-74.204 40.751
-74.227 40.759
-74.319 40.808
-74.197 40.728
-74.209 40.709
-74.209 40.719
-74.230 40.730
-74.197 40.758
-74.243 40.714
-74.351 40.738
-74.203 40.755
-74.227 40.743
-74.195 40.715
-74.212 40.738
-74.193 40.757
-74.299 40.722
-74.201 40.792
-74.200 40.832
-74.291 40.724
-74.164 40.829
-74.277 40.722
-74.189 40.775
-74.211 40.756
-74.245 40.743
-74.194 40.760
-74.230 40.808
-74.212 40.764
-74.194 40.778
-74.199 40.773
-74.255 40.832
-74.221 40.813
-74.232 40.712
-74.233 40.786
-74.229 40.749
-74.215 40.735
-74.244 40.721
-74.221 40.727
-74.176 40.780
-74.197 40.748
-74.187 40.772
-74.293 40.803
-74.241 40.860
-74.253 40.855
-74.211 40.730
-74.248 40.729
-74.248 40.765
-74.206 40.719
-74.209 40.746
-74.200 40.723
-74.217 40.726
-74.164 40.806
-74.240 40.728
-74.144 40.810
-74.238 40.772
-74.229 40.760
-74.199 40.850
-74.267 40.734
-74.218 40.794
-74.176 40.813
-74.210 40.714
-74.270 40.719
-74.308 40.849
-74.228 40.793
-74.249 40.737
-74.173 40.756
-74.275 40.733
-74.178 40.739
-74.150 40.796
-74.212 40.807
-74.344 40.768
-74.166 40.759
-74.237 40.715
-74.242 40.767
-74.227 40.739
-74.192 40.752
-74.212 40.721
-74.168 40.752
-74.189 40.762
-74.228 40.817
-74.203 40.855
-74.248 40.733
-74.254 40.766
-74.184 40.826
-74.277 40.844
-74.215 40.739
-74.210 40.792
-74.337 40.781
-74.167 40.815
-74.159 40.804
-74.246 40.748
-74.170 40.759
-74.197 40.821
-74.309 40.807
-74.258 40.762
-74.268 40.838
-74.240 40.750
-74.321 40.722
-74.264 40.725
-74.225 40.782
-74.166 40.780
-74.241 40.734
-74.281 40.846
-74.256 40.748
-74.250 40.814
-74.259 40.719
-74.170 40.832
-74.214 40.762
-74.198 40.771
-74.197 40.761
-74.201 40.712
-74.212 40.837
-74.237 40.793
-74.237 40.832
-74.264 40.756
-74.214 40.709
-74.282 40.798
-74.212 40.706
-74.152 40.755
-74.054 40.719
-74.150 40.759
-74.083 40.704
-74.029 40.764
-74.105 40.674
-74.066 40.712
-74.062 40.715
-74.039 40.765
-74.014 40.797
-74.096 40.704
-74.009 40.802
-74.073 40.740
-74.032 40.727
-74.068 40.729
-74.125 40.677
-74.130 40.646
-74.021 40.798
-74.093 40.705
-74.032 40.745
-74.021 40.747
-74.151 40.764
-74.024 40.772
-74.071 40.715
-74.028 40.800
-73.999 40.807
-74.019 40.782
-74.112 40.755
-74.036 40.737
-74.046 40.726
-74.007 40.805
-74.145 40.782
-74.100 40.702
-74.055 40.698
-74.104 40.681
-74.117 40.666
-74.000 40.803
-74.059 40.730
-74.056 40.745
-74.047 40.737
-74.058 40.720
-74.051 40.741
-74.119 40.661
-74.041 40.754
-74.055 40.688
-74.008 40.811
-74.015 40.767
-74.057 40.761
-74.010 40.787
-74.131 40.670
-74.099 40.713
-74.016 40.788
-74.032 40.742
-74.010 40.790
-74.088 40.722
-74.025 40.778
-74.003 40.799
-74.012 40.792
-74.042 40.767
-74.030 40.777
-74.007 40.807
-74.017 40.785
-74.047 40.759
-74.044 40.743
-74.035 40.770
-74.045 40.790
-74.065 40.790
-74.047 40.739
-74.078 40.722
-74.107 40.701
-74.089 40.729
-74.032 40.795
-74.087 40.661
-74.093 40.714
-74.069 40.734
-74.022 40.785
-74.124 40.661
-73.993 40.795
-74.040 40.742
-74.114 40.768
-74.074 40.727
-74.083 40.698
-74.067 40.739
-74.013 40.788
-74.094 40.690
-74.040 40.749
-74.060 40.737
-74.049 40.723
-74.038 40.739
-74.077 40.720
-74.032 40.743
-74.004 40.782
-74.026 40.788
-74.045 40.729
-74.086 40.702
-74.160 40.748
-74.113 40.682
-74.141 40.780
-74.163 40.750
-74.073 40.711
-74.113 40.677
-74.059 40.790
-74.159 40.745
-74.075 40.725
-74.154 40.755
-74.129 40.650
-74.085 40.703
-74.090 40.706
-74.088 40.702
-74.063 40.718
-74.047 40.746
-74.162 40.752
-74.071 40.738
-74.036 40.762
-74.049 40.767
-74.122 40.663
-73.998 40.788
-74.007 40.789
-74.021 40.793
-74.011 40.799
-74.086 40.714
-74.132 40.658
-74.046 40.748
-74.027 40.749
-74.022 40.761
-74.054 40.731
-74.066 40.733
-73.997 40.789
-74.094 40.705
-74.082 40.706
-74.048 40.757
-74.036 40.756
-74.028 40.755
-74.079 40.678
-74.063 40.801
-74.130 40.661
-74.003 40.795
-74.151 40.747
-74.134 40.666
-74.109 40.687
-74.011 40.795
-74.094 40.708
-74.074 40.708
-74.079 40.725
-74.054 40.748
-74.023 40.781
-74.098 40.693
-74.005 40.790
-74.011 40.811
-74.110 40.676
-74.108 40.708
-74.147 40.749
-74.055 40.746
-74.155 40.759
-74.000 40.798
-74.028 40.783
-74.073 40.735
-74.083 40.710
-74.014 40.783
-74.064 40.736
-74.121 40.657
-74.051 40.735
-74.069 40.683
-74.055 40.799
-74.032 40.766
-74.029 40.739
-74.079 40.713
-74.037 40.754
-74.163 40.747
-74.030 40.746
-74.029 40.744
-74.126 40.656
-74.008 40.804
-74.080 40.710
-74.037 40.744
-74.105 40.685
-74.017 40.775
-74.085 40.720
-74.054 40.735
-74.062 40.725
-74.080 40.729
-74.149 40.773
-74.082 40.733
-74.008 40.796
-74.059 40.750
-74.046 40.720
-74.058 40.796
-74.026 40.752
-74.089 40.710
-74.052 40.751
-74.095 40.720
-74.080 40.737
-74.032 40.737
-74.017 40.797
-74.084 40.716
-74.035 40.750
-74.041 40.718
-74.102 40.682
-74.028 40.749
-74.129 40.657
-74.041 40.702
-74.047 40.753
-74.013 40.786
-74.033 40.716
-74.049 40.755
-74.034 40.740
-74.075 40.717
-74.021 40.802
-74.154 40.746
-74.112 40.673
-74.058 40.733
-74.048 40.719
-74.072 40.719
-74.049 40.744
-74.092 40.693
-74.066 40.729
-74.034 40.711
-74.066 40.724
-74.145 40.768
-74.045 40.762
-74.142 40.757
-74.021 40.788
-74.101 40.685
-74.157 40.749
-74.040 40.757
-74.040 40.763
-73.995 40.803
-74.059 40.682
-74.047 40.802
-74.005 40.780
-74.023 40.775
-74.133 40.651
-74.009 40.774
-74.031 40.763
-74.049 40.752
-74.059 40.740
-74.096 40.695
-74.137 40.771
-74.030 40.780
-74.079 40.708
-74.045 40.755
-74.084 40.711
-74.072 40.724
-74.019 40.773
-74.107 40.679
-74.004 40.810
-74.007 40.793
-74.147 40.756
-74.079 40.702
-74.029 40.751
-74.031 40.740
-74.125 40.659
-74.152 40.762
-74.037 40.742
-74.060 40.755
-74.057 40.737
-74.009 40.792
-74.103 40.689
-74.011 40.801
-74.149 40.768
-74.034 40.786
-74.048 40.750
-74.069 40.726
-74.043 40.752
-74.076 40.706
-74.157 40.754
-74.144 40.763
-74.080 40.716
-74.027 40.739
-74.105 40.698
-74.073 40.766
-74.048 40.714
-74.138 40.647
-74.090 40.721
-74.004 40.808
-74.028 40.768
-74.042 40.746
-74.037 40.747
-74.020 40.754
-74.054 40.737
-74.026 40.770
-74.069 40.717
-74.129 40.653
-74.061 40.736
-74.090 40.701
-74.051 40.754
-74.133 40.647
-74.117 40.677
-74.002 40.784
-74.115 40.670
-74.100 40.692
-74.069 40.708
-74.068 40.723
-74.127 40.670
-74.042 40.716
-74.032 40.721
-74.072 40.730
-74.064 40.726
-74.091 40.691
-74.155 40.748
-74.059 40.719
-74.032 40.755
-74.146 40.776
-74.061 40.747
-74.074 40.722
-74.019 40.778
-74.051 40.748
-74.052 40.745
-74.016 40.777
-74.052 40.750
-74.085 40.707
-74.076 40.741
-74.062 40.793
-74.041 40.738
-74.076 40.712
-74.018 40.784
-74.022 40.770
-74.115 40.675
-74.066 40.795
-74.081 40.776
-74.071 40.731
-74.093 40.709
-74.156 40.763
-74.042 40.726
-74.114 40.736
-74.059 40.782
-74.095 40.696
-74.046 40.722
-74.007 40.786
-74.030 40.749
-74.142 40.767
-74.015 40.802
-74.033 40.747
-74.034 40.737
-74.114 40.651
-74.051 40.742
-74.091 40.699
-74.055 40.736
-74.047 40.743
-74.027 40.752
-74.139 40.773
-74.071 40.788
-74.053 40.788
-74.153 40.768
-74.041 40.743
-74.053 40.724
-74.117 40.689
-74.039 40.752
-74.124 40.648
-74.070 40.711
-74.022 40.777
-74.043 40.757
-74.118 40.670
-74.006 40.794
-74.026 40.766
-74.019 40.781
-74.109 40.672
-74.031 40.749
-74.157 40.757
-74.128 40.674
-74.031 40.768
-74.042 40.759
-74.089 40.707
-74.109 40.685
-74.035 40.758
-74.045 40.749
-74.037 40.732
-74.109 40.682
-74.057 40.743
-74.017 40.794
-74.075 40.715
-74.078 40.727
-74.027 40.776
-74.033 40.773
-74.148 40.741
-74.069 40.750
-74.136 40.777
-74.094 40.656
-74.141 40.659
-74.100 40.697
-74.080 40.668
-74.030 40.774
-74.038 40.759
-74.147 40.649
-74.050 40.726
-74.159 40.740
-74.035 40.744
-74.011 40.807
-74.138 40.778
-74.030 40.771
-74.025 40.773
-74.094 40.697
-74.070 40.721
-74.011 40.785
-74.039 40.766
-74.062 40.729
-74.054 40.739
-74.081 40.718
-74.042 40.780
-74.023 40.811
-74.017 40.790
-74.087 40.718
-74.097 40.701
-74.026 40.743
-74.077 40.724
-74.083 40.722
-74.037 40.768
-74.057 40.749
-74.021 40.779
-74.046 40.775
-74.070 40.734
-74.008 40.779
-74.034 40.761
-74.093 40.698
-74.088 40.695
-74.050 40.729
-74.000 40.787
-74.041 40.761
-74.006 40.797
-74.075 40.721
-74.112 40.665
-74.011 40.789
-74.061 40.733
-74.057 40.727
-74.079 40.719
-74.006 40.800
-74.071 40.725
-74.020 40.792
-74.147 40.763
-74.002 40.792
-74.132 40.668
-74.031 40.761
-74.001 40.786
-74.121 40.666
-74.029 40.747
-74.073 40.723
-74.088 40.699
-74.035 40.764
-74.024 40.737
-74.149 40.751
-74.161 40.758
-74.052 40.733
-74.015 40.793
-74.045 40.724
-74.073 40.728
-74.142 40.774
-74.065 40.721
-74.154 40.752
-74.090 40.719
-74.342 40.234
-74.015 40.197
-74.006 40.437
-74.173 40.233
-74.060 40.205
-74.232 40.124
-74.283 40.364
-74.045 40.147
-74.299 40.316
-74.320 40.331
-74.274 40.327
-74.214 40.440
-74.245 40.140
-73.997 40.412
-74.261 40.248
-74.046 40.158
-74.191 40.440
-75.441 39.715
-75.486 39.470
-75.500 39.688
-75.509 39.661
-75.457 39.712
-75.499 39.674
-75.432 39.684
-75.460 39.573
-75.367 39.580
-74.074 40.130
-74.030 40.198
-74.114 40.339
-73.975 40.380
-74.178 40.440
-74.116 40.417
-74.583 40.180
-74.124 40.304
-74.162 40.345
-74.279 40.280
-74.189 40.417
-74.030 40.108
-74.034 40.407
-74.252 40.209
-74.220 40.155
-74.261 40.304
-74.325 40.284
-74.361 40.273
-74.029 40.312
-74.055 40.338
-74.085 40.240
-75.514 39.664
-75.168 39.620
-75.472 39.570
-75.471 39.560
-75.457 39.567
-75.505 39.666
-75.419 39.770
-75.496 39.652
-75.397 39.596
-75.185 39.552
-75.433 39.632
-74.067 40.148
-74.238 40.255
-74.542 40.184
-74.120 40.149
-73.994 40.285
-74.263 40.382
-74.283 40.213
-74.253 40.325
-74.239 40.220
-74.217 40.237
-74.254 40.262
-74.014 40.243
-74.090 40.324
-74.019 40.348
-74.100 40.366
-74.411 40.185
-75.362 39.530
-75.474 39.717
-75.516 39.620
-75.468 39.723
-75.463 39.744
-74.061 40.266
-74.201 40.419
-74.104 40.316
-74.283 40.234
-74.143 40.415
-74.072 40.244
-74.042 40.296
-74.052 40.435
-74.262 40.283
-74.111 40.426
-74.090 40.382
-74.072 40.313
-74.061 40.343
-74.044 40.203
-74.079 40.330
-75.144 39.570
-75.485 39.703
-74.067 40.120
-74.219 40.145
-74.030 40.361
-74.033 40.304
-74.077 40.318
-74.004 40.377
-74.235 40.437
-74.160 40.114
-73.999 40.276
-74.341 40.329
-74.311 40.305
-74.105 40.402
-74.328 40.338
-74.056 40.352
-74.210 40.178
-74.362 40.190
-74.031 40.258
-74.050 40.342
-74.103 40.418
-74.009 40.325
-75.525 39.649
-75.507 39.606
-75.503 39.529
-75.176 39.594
-75.473 39.728
-75.468 39.569
-75.524 39.644
-75.234 39.607
-75.361 39.672
-74.201 40.160
-74.181 40.272
-74.207 40.409
-74.058 40.330
-74.008 40.269
-74.280 40.251
-74.036 40.357
-74.269 40.215
-74.155 40.388
-74.001 40.232
-74.112 40.214
-74.058 40.349
-74.202 40.427
-74.213 40.411
-74.115 40.380
-74.009 40.256
-75.137 39.515
-75.322 39.646
-75.397 39.720
-75.515 39.656
-74.347 40.319
-74.004 40.213
-74.070 40.294
-74.195 40.431
-74.068 40.227
-74.148 40.105
-74.293 40.331
-74.170 40.198
-74.240 40.421
-74.234 40.378
-73.993 40.302
-74.021 40.299
-74.277 40.265
-74.331 40.318
-74.049 40.300
-74.059 40.243
-74.096 40.239
-75.485 39.574
-75.520 39.659
-75.380 39.512
-74.011 40.209
-74.028 40.290
-74.145 40.285
-74.021 40.173
-74.292 40.307
-74.027 40.340
-74.260 40.320
-73.996 40.299
-74.073 40.310
-74.033 40.391
-74.303 40.235
-74.279 40.227
-74.029 40.228
-74.375 40.260
-74.149 40.417
-75.462 39.564
-75.431 39.553
-75.471 39.735
-75.453 39.735
-74.145 40.442
-74.313 40.343
-74.045 40.420
-74.099 40.352
-74.262 40.208
-74.086 40.109
-74.044 40.237
-74.247 40.222
-74.085 40.249
-74.094 40.401
-74.046 40.352
-74.256 40.337
-74.223 40.390
-73.986 40.374
-74.541 40.118
-75.302 39.567
-75.504 39.627
-75.469 39.575
-74.023 40.279
-74.266 40.259
-74.166 40.171
-74.084 40.409
-74.268 40.267
-74.344 40.303
-74.471 40.234
-74.202 40.149
-74.021 40.330
-74.043 40.365
-74.275 40.348
-74.176 40.363
-74.040 40.189
-74.286 40.262
-74.059 40.215
-75.464 39.704
-75.300 39.628
-75.510 39.670
-74.027 40.214
-74.015 40.228
-74.040 40.283
-74.034 40.268
-74.140 40.452
-74.147 40.115
-74.061 40.107
-74.057 40.372
-74.054 40.121
-74.211 40.431
-74.282 40.303
-74.212 40.394
-74.011 40.218
-74.058 40.279
-74.329 40.308
-74.234 40.190
-74.082 40.167
-75.486 39.555
-75.509 39.643
-75.097 39.551
-75.329 39.643
-74.245 40.398
-74.044 40.329
-74.271 40.304
-74.052 40.196
-74.205 40.127
-74.231 40.431
-74.176 40.421
-74.297 40.357
-74.208 40.162
-74.014 40.194
-74.292 40.230
-75.426 39.434
-75.295 39.670
-75.465 39.730
-75.537 39.634
-75.095 39.497
-74.011 40.206
-74.073 40.159
-73.980 40.319
-74.198 40.437
-74.294 40.297
-74.501 40.156
-74.050 40.137
-74.208 40.278
-74.130 40.422
-74.044 40.213
-74.011 40.213
-74.230 40.418
-74.212 40.317
-74.029 40.241
-74.101 40.331
-75.437 39.750
-74.032 40.208
-73.989 40.279
-74.056 40.346
-74.017 40.261
-74.132 40.440
-74.297 40.256
-74.174 40.431
-74.073 40.216
-74.013 40.201
-73.989 40.360
-74.086 40.235
-74.258 40.181
-74.001 40.236
-74.091 40.351
-74.041 40.166
-74.105 40.386
-74.077 40.181
-74.064 40.253
-74.131 40.339
-74.245 40.156
-74.016 40.223
-74.318 40.242
-74.385 40.208
-74.106 40.356
-75.482 39.665
-75.325 39.533
-74.243 40.409
-74.167 40.429
-74.054 40.113
-74.098 40.354
-74.243 40.418
-73.985 40.395
-74.000 40.225
-74.151 40.401
-74.167 40.408
-74.010 40.282
-74.304 40.225
-74.261 40.346
-73.979 40.293
-74.315 40.326
-75.331 39.655
-75.477 39.685
-75.321 39.657
-75.117 39.585
-75.172 39.589
-75.524 39.653
-75.468 39.709
-74.126 40.430
-74.086 40.310
-74.262 40.237
-74.053 40.172
-74.219 40.414
-74.070 40.353
-74.069 40.393
-74.290 40.283
-74.267 40.297
-74.254 40.272
-74.134 40.447
-74.275 40.312
-74.024 40.199
-74.058 40.321
-73.986 40.340
-74.028 40.249
-74.124 40.442
-74.010 40.293
-74.026 40.234
-74.181 40.449
-74.222 40.418
-74.059 40.357
-74.239 40.279
-74.321 40.193
-74.272 40.317
-74.047 40.256
-74.033 40.147
-74.215 40.398
-73.982 40.306
-74.059 40.406
-74.222 40.383
-74.005 40.221
-74.078 40.113
-74.188 40.426
-73.985 40.330
-74.042 40.155
-74.448 40.174
-74.031 40.410
-74.125 40.447
-74.322 40.225
-74.335 40.298
-74.116 40.406
-74.287 40.323
-74.217 40.461
-74.283 40.257
-74.139 40.442
-74.126 40.412
-73.979 40.352
-74.002 40.296
-74.284 40.339
-74.030 40.159
-74.068 40.177
-74.129 40.327
-74.066 40.223
-74.285 40.186
-74.006 40.304
-74.050 40.360
-74.031 40.367
-74.087 40.260
-74.361 40.297
-74.035 40.137
-74.055 40.182
-74.125 40.361
-74.314 40.332
-74.106 40.449
-74.023 40.222
-74.068 40.443
-74.014 40.185
-74.017 40.235
-74.164 40.440
-74.092 40.248
-74.224 40.359
-74.408 40.226
-73.958 40.341
-74.053 40.252
-74.024 40.148
-74.126 40.401
-74.189 40.305
-74.300 40.342
-74.167 40.422
-74.199 40.329
-74.310 40.291
-74.096 40.444
-74.348 40.309
-74.069 40.343
-74.037 40.332
-74.193 40.332
-74.050 40.128
-74.069 40.332
-74.042 40.343
-74.026 40.171
-74.309 40.244
-74.088 40.366
-74.205 40.414
-74.049 40.202
-74.234 40.423
-74.314 40.346
-74.072 40.302
-73.997 40.250
-74.239 40.149
-74.001 40.323
-74.180 40.399
-74.449 40.207
-74.231 40.144
-74.172 40.448
-74.237 40.299
-74.263 40.198
-74.069 40.285
-74.111 40.232
-74.016 40.318
-74.168 40.128
-74.122 40.438
-74.038 40.172
-73.995 40.291
-74.207 40.207
-73.993 40.324
-74.048 40.192
-73.998 40.310
-74.257 40.312
-74.059 40.297
-74.040 40.161
-74.313 40.243
-74.088 40.207
-74.016 40.189
-74.261 40.227
-74.038 40.202
-74.167 40.435
-74.024 40.199
-74.365 40.307
-74.035 40.427
-74.194 40.391
-74.138 40.431
-73.988 40.318
-74.591 40.176
-74.081 40.339
-74.120 40.425
-74.237 40.398
-74.023 40.161
-74.018 40.373
-74.076 40.141
-74.087 40.440
-74.153 40.423
-74.012 40.203
-73.985 40.403
-74.072 40.099
-74.235 40.333
-74.210 40.144
-74.008 40.358
-74.256 40.364
-74.133 40.374
-74.021 40.216
-74.472 40.221
-74.034 40.181
-73.999 40.229
-74.416 40.252
-74.095 40.281
-74.157 40.445
-74.236 40.267
-74.330 40.328
-74.228 40.414
-74.018 40.182
-74.314 40.319
-74.182 40.427
-74.118 40.186
-74.216 40.390
-74.094 40.130
-74.194 40.371
-74.033 40.128
-74.139 40.118
-74.078 40.348
-74.153 40.432
-74.033 40.231
-74.044 40.250
-74.085 40.216
-74.007 40.227
-74.045 40.265
-74.018 40.291
-74.060 40.235
-74.084 40.231
-74.120 40.370
-74.134 40.390
-74.150 40.471
-74.021 40.269
-74.272 40.254
-74.021 40.179
-74.081 40.368
-74.368 40.246
-74.249 40.166
-73.992 40.269
-74.221 40.403
-74.071 40.203
-73.993 40.406
-74.016 40.420
-73.985 40.289
-74.036 40.153
-74.096 40.342
-74.182 40.434
-73.993 40.312
-74.094 40.414
-74.040 40.222
-74.084 40.417
-74.039 40.119
-74.136 40.355
-74.204 40.435
-74.053 40.308
-74.465 39.340
-74.479 39.336
-74.540 39.418
-74.559 39.365
-74.549 39.366
-74.479 39.540
-74.408 39.387
-74.843 39.593
-74.782 39.464
-74.616 39.374
-74.367 39.427
-74.775 39.359
-74.551 39.360
-74.644 39.343
-74.671 39.428
-74.418 39.372
-74.441 39.448
-74.525 39.309
-74.547 39.355
-74.888 39.508
-74.652 39.583
-74.447 39.358
-74.594 39.318
-74.443 39.351
-74.510 39.492
-74.469 39.505
-74.496 39.346
-74.927 39.509
-74.579 39.331
-74.422 39.360
-74.609 39.306
-74.614 39.328
-74.607 39.321
-74.609 39.567
-74.454 39.347
-74.362 39.377
-74.528 39.399
-74.438 39.357
-74.641 39.411
-74.479 39.345
-74.560 39.390
-74.552 39.382
-74.500 39.515
-74.872 39.453
-74.567 39.348
-74.636 39.528
-74.579 39.417
-74.686 39.375
-74.503 39.438
-74.477 39.423
-74.480 39.362
-74.782 39.542
-74.966 39.517
-74.603 39.331
-74.487 39.331
-74.723 39.575
-74.430 39.366
-74.657 39.455
-74.426 39.367
-74.619 39.428
-74.697 39.501
-74.545 39.498
-74.590 39.323
-74.509 39.412
-74.599 39.377
-74.462 39.342
-74.736 39.674
-74.720 39.305
-74.426 39.380
-74.879 39.588
-74.881 39.561
-74.563 39.355
-74.648 39.534
-74.520 39.392
-74.442 39.380
-74.514 39.324
-74.704 39.450
-74.448 39.352
-74.638 39.470
-74.515 39.426
-74.517 39.373
-74.471 39.337
-74.747 39.471
-74.501 39.379
-74.568 39.367
-74.929 39.524
-74.782 39.677
-74.540 39.374
-74.556 39.467
-74.694 39.632
-74.826 39.474
-74.607 39.534
-74.564 39.377
-74.528 39.384
-74.565 39.438
-74.494 39.437
-74.929 39.492
-74.449 39.373
-74.510 39.407
-74.573 39.343
-74.510 39.439
-74.548 39.376
-74.600 39.431
-74.652 39.355
-74.508 39.396
-74.456 39.392
-74.486 39.348
-74.417 39.363
-74.941 39.514
-74.392 39.402
-74.457 39.360
-74.620 39.314
-74.410 39.366
-74.458 39.345
-74.368 39.407
-74.478 39.351
-74.832 39.629
-74.434 39.365
-74.383 39.488
-74.483 39.333
-74.507 39.339
-74.940 39.538
-74.521 39.453
-74.451 39.349
-74.510 39.328
-74.500 39.482
-74.814 39.646
-74.560 39.528
-74.443 39.368
-74.779 39.625
-74.502 39.329
-74.485 39.448
-74.512 39.326
-74.585 39.567
-74.455 39.374
-74.602 39.358
-74.734 39.429
-74.816 39.412
-74.507 39.335
-74.415 39.375
-74.785 39.639
-74.582 39.325
-74.651 39.531
-74.805 39.638
-74.498 39.331
-74.433 39.373
-74.600 39.396
-74.495 39.333
-74.530 39.390
-74.801 39.634
-74.432 39.377
-74.508 39.330
-74.501 39.340
-74.584 39.325
-74.490 39.410
-74.517 39.322
-74.803 39.609
-74.428 39.357
-74.640 39.525
-74.575 39.337
-75.098 39.710
-75.040 39.724
-75.266 39.820
-75.239 39.826
-75.098 39.649
-75.125 39.741
-75.026 39.741
-75.107 39.826
-75.163 39.834
-75.356 39.796
-75.158 39.854
-75.079 39.603
-75.155 39.810
-74.975 39.655
-75.106 39.688
-75.154 39.792
-75.134 39.739
-75.132 39.863
-75.283 39.822
-75.090 39.785
-75.029 39.573
-75.157 39.829
-75.228 39.780
-75.105 39.659
-75.031 39.746
-75.149 39.842
-75.110 39.724
-74.987 39.676
-75.236 39.841
-75.128 39.704
-75.129 39.865
-75.115 39.700
-75.070 39.730
-75.104 39.773
-75.017 39.696
-75.182 39.770
-75.073 39.766
-75.254 39.805
-75.010 39.618
-75.076 39.716
-75.135 39.710
-75.262 39.782
-75.076 39.722
-75.346 39.765
-75.126 39.786
-75.200 39.854
-75.187 39.867
-75.031 39.734
-75.141 39.735
-75.125 39.870
-75.248 39.732
-75.070 39.636
-75.248 39.830
-75.009 39.703
-75.250 39.677
-74.995 39.705
-75.063 39.750
-75.056 39.719
-75.312 39.751
-75.139 39.823
-75.249 39.746
-75.157 39.798
-75.151 39.816
-75.066 39.716
-75.143 39.859
-75.349 39.732
-75.177 39.805
-74.991 39.682
-75.078 39.760
-75.136 39.853
-75.187 39.871
-75.168 39.852
-75.154 39.741
-75.063 39.667
-75.211 39.837
-75.179 39.845
-75.165 39.798
-75.182 39.869
-75.312 39.743
-75.145 39.696
-75.182 39.788
-75.064 39.771
-75.078 39.797
-75.225 39.718
-74.987 39.673
-75.040 39.754
-75.205 39.771
-75.162 39.839
-75.092 39.720
-75.074 39.747
-75.107 39.712
-75.186 39.803
-75.239 39.850
-75.053 39.754
-75.158 39.822
-75.087 39.691
-75.120 39.811
-75.307 39.766
-74.939 39.634
-75.116 39.852
-75.156 39.805
-75.121 39.682
-75.141 39.729
-75.150 39.776
-75.061 39.778
-75.134 39.723
-75.163 39.773
-75.136 39.759
-74.982 39.663
-75.052 39.734
-75.154 39.834
-75.096 39.746
-75.123 39.655
-75.147 39.796
-75.184 39.775
-75.151 39.855
-74.963 39.645
-75.181 39.753
-75.199 39.722
-75.366 39.752
-75.340 39.749
-74.932 39.610
-75.010 39.662
-75.093 39.756
-75.135 39.880
-75.152 39.660
-75.052 39.745
-75.249 39.822
-75.022 39.712
-75.142 39.846
-75.132 39.731
-75.160 39.814
-75.017 39.549
-75.053 39.765
-75.061 39.765
-75.028 39.686
-75.171 39.874
-74.968 39.587
-75.098 39.763
-75.172 39.786
-75.306 39.838
-75.210 39.803
-75.122 39.713
-75.164 39.837
-75.163 39.843
-74.927 39.652
-75.238 39.807
-75.127 39.829
-75.149 39.833
-75.285 39.811
-75.167 39.820
-75.183 39.733
-75.124 39.728
-75.100 39.718
-75.319 39.716
-75.143 39.833
-75.133 39.843
-75.154 39.848
-75.104 39.622
-75.183 39.792
-74.979 39.698
-74.992 39.697
-75.174 39.866
-75.165 39.806
-75.198 39.680
-75.064 39.739
-75.119 39.720
-75.170 39.809
-75.146 39.851
-74.993 39.651
-75.069 39.756
-75.186 39.814
-75.120 39.863
-75.175 39.831
-75.008 39.716
-75.105 39.742
-75.285 39.744
-75.083 39.712
-74.976 39.677
-75.129 39.853
-75.086 39.724
-75.354 39.751
-75.082 39.773
-74.960 39.690
-75.103 39.801
-75.132 39.836
-75.241 39.835
-75.237 39.696
-75.145 39.787
-75.106 39.841
-75.084 39.753
-75.265 39.835
-75.127 39.726
-75.091 39.671
-75.161 39.805
-75.063 39.699
-75.116 39.756
-75.187 39.825
-75.212 39.744
-75.150 39.871
-75.120 39.822
-75.134 39.754
-75.087 39.802
-75.236 39.754
-75.047 39.591
-75.121 39.730
-75.064 39.726
-74.983 39.690
-75.003 39.688
-75.085 39.739
-75.117 39.734
-75.085 39.731
-75.001 39.693
-75.126 39.733
-75.047 39.683
-74.977 39.552
-75.143 39.815
-75.076 39.653
-75.140 39.805
-75.091 39.827
-75.175 39.815
-75.279 39.709
-75.171 39.704
-75.028 39.646
-74.192 40.861
-74.209 40.891
-74.206 40.914
-74.180 40.921
-74.176 40.925
-74.193 40.926
-74.144 40.866
-74.128 40.876
-74.236 40.932
-74.177 40.916
-74.183 40.925
-74.160 40.961
-74.122 40.859
-74.130 40.880
-74.200 40.913
-74.265 40.970
-74.147 40.923
-74.174 40.923
-74.326 41.135
-74.156 40.913
-74.268 40.995
-74.126 40.839
-74.240 40.955
-74.227 40.904
-74.231 40.879
-74.232 40.897
-74.190 40.952
-74.168 40.929
-74.134 40.860
-74.152 40.926
-74.212 40.879
-74.350 41.165
-74.172 40.881
-74.306 41.037
-74.163 40.924
-74.139 40.911
-74.223 40.881
-74.151 40.919
-74.235 40.946
-74.264 41.068
-74.150 40.956
-74.183 40.859
-74.143 40.873
-74.130 40.862
-74.139 40.861
-74.202 40.907
-74.149 40.910
-74.149 40.960
-74.138 40.856
-74.172 40.890
-74.240 40.923
-74.248 40.883
-74.249 40.935
-74.141 40.877
-74.257 41.097
-74.140 40.882
-74.165 40.912
-74.161 40.889
-74.158 40.920
-74.157 40.885
-74.152 40.922
-74.199 40.915
-74.163 40.958
-74.144 40.919
-74.146 40.837
-74.161 40.913
-74.289 41.025
-74.196 40.969
-74.136 40.901
-74.194 40.890
-74.183 40.909
-74.123 40.852
-74.237 40.883
-74.162 40.930
-74.152 40.929
-74.197 40.917
-74.145 40.869
-74.135 40.846
-74.153 40.874
-74.278 40.928
-74.152 40.843
-74.164 40.897
-74.172 40.934
-74.256 40.989
-74.269 41.133
-74.161 40.910
-74.189 40.922
-74.153 40.869
-74.266 40.958
-74.137 40.873
-74.252 40.957
-74.162 40.906
-74.400 41.072
-74.171 40.926
-74.288 40.984
-74.150 40.932
-74.242 40.887
-74.192 40.919
-74.351 41.017
-74.364 41.106
-74.175 40.928
-74.185 40.853
-74.159 40.855
-74.116 40.862
-74.158 40.933
-74.143 40.907
-74.204 40.933
-74.345 41.027
-74.194 40.931
-74.149 40.904
-74.152 40.945
-74.260 40.953
-74.287 41.048
-74.270 40.983
-74.183 40.874
-74.165 40.917
-74.155 40.894
-74.193 40.899
-74.286 41.014
-74.124 40.847
-74.128 40.870
-74.190 40.888
-74.249 40.944
-74.286 40.995
-74.155 40.904
-74.303 41.022
-74.145 40.931
-74.249 41.104
-74.132 40.842
-74.150 40.854
-74.137 40.864
-74.149 40.895
-74.224 40.940
-74.257 40.895
-74.162 40.968
-74.162 40.871
-74.195 40.918
-74.164 40.920
-74.190 40.936
-74.361 41.072
-74.155 40.970
-74.274 41.078
-74.128 40.854
-74.149 40.862
-74.367 41.179
-74.110 40.861
-74.277 40.977
-74.275 40.952
-74.274 40.966
-74.132 40.865
-74.147 40.928
-74.191 40.909
-74.213 40.872
-74.271 41.045
-74.178 40.861
-74.147 40.965
-74.314 41.013
-74.386 41.127
-74.122 40.869
-74.175 40.974
-74.171 40.885
-74.280 41.061
-74.154 40.908
-74.178 40.878
-74.215 40.949
-74.147 40.884
-74.132 40.856
-74.151 40.900
-74.170 40.920
-74.163 40.842
-74.230 40.956
-74.151 40.951
-74.126 40.858
-74.250 40.973
-74.182 40.941
-74.197 40.903
-74.134 40.890
-74.174 40.868
-74.161 40.951
-74.141 40.838
-74.209 40.900
-74.171 40.915
-74.234 41.123
-74.159 40.917
-74.266 40.948
-74.166 40.976
-74.235 40.965
-74.123 40.867
-74.133 40.920
-74.154 40.882
-74.389 41.029
-74.292 41.036
-74.175 40.961
-74.177 40.936
-74.220 40.923
-74.212 40.964
-74.149 40.934
-74.189 40.943
-74.157 40.923
-74.128 40.847
-74.276 41.010
-74.262 40.934
-74.141 40.923
-74.178 40.910
-74.116 40.868
-74.159 40.891
-74.143 40.895
-74.147 40.938
-74.217 40.913
-74.181 40.934
-74.138 40.915
-74.188 40.972
-74.305 41.056
-74.172 40.849
-74.161 40.895
-74.247 41.082
-74.232 40.919
-74.160 40.943
-74.235 40.939
-74.161 40.847
-74.178 40.930
-74.302 41.092
-74.184 40.932
-74.167 40.944
-74.136 40.879
-74.171 40.903
-74.172 40.855
-74.460 41.092
-74.145 40.902
-74.200 40.889
-74.155 40.878
-74.421 41.076
-74.266 40.924
-74.373 41.048
-74.288 41.003
-74.132 40.830
-74.150 40.915
-74.266 40.941
-74.252 40.929
-74.172 40.895
-74.259 41.002
-74.125 40.863
-74.184 40.868
-74.226 40.953
-74.140 40.849
-74.144 40.890
-74.188 40.927
-74.152 40.859
-74.216 40.938
-74.176 40.952
-74.161 40.881
-74.146 40.876
-74.166 40.859
-74.127 40.875
-74.167 40.899
-74.127 40.866
-74.136 40.869
-74.185 40.918
-74.201 40.867
-74.179 40.970
-74.186 40.916
-74.170 40.933
-74.136 40.867
-74.170 40.864
-74.250 40.922
-74.120 40.867
-74.238 40.982
-74.395 41.158
-74.171 40.911
-74.255 40.910
-74.131 40.851
-74.126 40.844
-74.129 40.878
-74.143 40.887
-74.161 40.863
-74.174 40.941
-74.251 41.091
-74.129 40.882
-74.214 40.930
-74.129 40.871
-74.256 40.943
-74.332 41.040
-74.135 40.885
-74.378 41.108
-74.143 40.854
-74.303 40.909
-74.121 40.873
-74.837 39.859
-74.572 39.682
-75.021 40.013
-74.771 40.119
-74.883 40.041
-75.005 39.967
-74.775 40.117
-74.959 40.009
-74.807 40.122
-74.699 40.175
-75.002 39.950
-74.574 40.016
-74.845 40.070
-74.894 40.033
-74.816 40.120
-74.994 39.960
-75.012 39.948
-74.951 39.955
-74.969 40.003
-74.912 39.993
-74.793 40.025
-74.992 39.948
-75.010 39.958
-74.710 40.154
-74.833 40.043
-74.730 40.136
-74.994 39.984
-74.509 39.938
-74.855 40.056
-74.870 39.869
-74.912 39.913
-74.728 39.855
-74.756 39.777
-74.883 40.022
-74.878 39.881
-74.630 40.027
-74.878 39.937
-74.979 40.036
-74.904 39.937
-74.787 40.084
-74.855 40.066
-74.819 40.075
-74.935 40.062
-74.931 39.965
-74.687 40.011
-74.909 40.035
-74.682 39.950
-74.889 39.814
-74.915 40.034
-74.800 40.118
-74.954 40.047
-74.940 39.973
-75.029 40.005
-74.790 39.872
-74.927 40.064
-75.008 39.979
-74.932 39.910
-74.515 39.840
-74.871 40.077
-74.938 39.900
-74.750 39.988
-74.952 40.008
-74.895 40.060
-74.955 40.054
-74.886 40.063
-75.023 40.007
-74.992 40.004
-74.982 39.998
-74.891 40.041
-74.553 39.928
-74.957 40.009
-74.990 39.954
-74.999 39.992
-74.764 39.831
-74.834 39.950
-74.920 39.900
-74.890 40.051
-74.808 39.893
-74.948 39.966
-75.016 39.965
-74.938 39.982
-74.964 39.992
-74.895 39.890
-74.877 39.853
-74.654 39.944
-74.876 40.019
-74.688 40.149
-74.865 40.023
-74.873 40.031
-74.980 39.991
-74.761 39.926
-74.796 39.999
-74.843 39.880
-74.917 39.886
-74.841 40.060
-75.011 39.952
-74.992 40.018
-74.901 40.053
-74.876 40.009
-74.883 39.899
-74.793 39.967
-74.955 39.967
-74.923 40.017
-74.885 40.011
-74.965 40.032
-74.669 40.088
-74.814 39.992
-74.962 40.001
-74.903 39.875
-74.945 39.941
-74.905 40.067
-74.785 39.957
-74.890 39.858
-74.765 40.045
-74.607 39.977
-74.957 39.962
-74.572 39.954
-74.948 39.911
-74.856 40.076
-74.674 39.912
-74.867 39.946
-74.903 39.896
-75.028 39.998
-74.924 39.919
-74.581 39.985
-74.958 40.036
-74.790 40.007
-74.776 39.976
-75.016 40.003
-74.833 39.868
-74.905 40.032
-74.600 39.946
-74.878 40.003
-74.713 40.144
-74.801 40.107
-74.956 39.997
-74.789 39.989
-74.855 39.865
-74.885 40.071
-74.885 39.847
-74.624 39.995
-74.947 40.012
-74.922 39.946
-74.748 40.003
-74.688 40.162
-74.975 40.002
-74.870 40.039
-74.862 40.047
-74.972 39.955
-74.850 39.831
-74.691 40.140
-74.912 40.049
-74.675 40.081
-74.882 39.910
-74.787 39.977
-74.956 39.932
-75.035 40.011
-74.958 40.028
-74.880 40.016
-74.698 39.892
-74.868 40.069
-74.713 39.905
-74.942 40.027
-74.810 40.003
-74.787 40.002
-74.795 39.978
-74.921 40.066
-74.825 39.977
-74.962 39.922
-74.673 39.985
-74.767 39.999
-74.814 40.053
-75.011 40.013
-74.805 39.857
-74.528 39.967
-74.962 40.034
-74.777 39.990
-74.852 40.077
-74.977 39.943
-74.642 40.105
-74.792 39.972
-75.013 39.996
-75.019 39.991
-75.018 40.000
-75.023 39.997
-74.876 39.957
-74.863 40.030
-75.030 40.008
-74.955 40.003
-74.873 40.062
-74.915 40.056
-74.984 39.984
-74.586 40.102
-74.705 40.150
-74.692 40.146
-74.897 40.042
-74.945 39.959
-74.818 39.909
-74.970 40.017
-74.680 40.039
-74.861 39.969
-74.998 39.980
-74.951 40.032
-74.884 40.036
-74.813 39.852
-74.948 39.902
-74.978 39.933
-74.859 40.037
-74.727 40.129
-74.828 40.009
-74.896 39.923
-74.797 39.991
-74.953 40.022
-74.966 40.008
-74.908 39.931
-74.840 39.918
-74.966 40.040
-74.927 39.899
-74.826 39.877
-74.879 40.025
-74.990 39.990
-74.885 40.046
-74.909 39.891
-75.001 39.945
-75.003 39.996
-74.958 39.974
-74.897 39.954
-74.872 39.926
-74.962 39.958
-74.898 39.972
-74.872 40.019
-74.869 39.975
-75.006 39.951
-74.963 39.983
-74.797 39.861
-74.938 39.920
-74.843 40.080
-74.939 40.047
-74.945 40.001
-74.859 40.080
-74.764 40.014
-74.931 39.889
-74.915 39.923
-74.971 39.961
-74.972 40.029
-75.011 39.964
-74.895 39.881
-74.812 39.862
-74.747 40.065
-74.877 40.054
-74.867 40.016
-74.750 39.858
-75.045 40.000
-74.916 39.929
-74.809 39.973
-74.676 40.072
-74.900 39.900
-74.900 40.028
-74.831 40.083
-74.858 39.989
-74.998 39.952
-74.938 40.012
-74.785 40.118
-74.692 40.130
-74.951 39.997
-74.823 40.098
-74.921 39.875
-74.861 40.067
-74.825 40.084
-74.868 39.990
-74.973 39.992
-74.706 40.144
-74.712 40.141
-74.965 40.022
-75.007 40.000
-74.694 39.768
-74.694 40.099
-74.589 39.914
-74.873 40.041
-74.946 40.038
-74.966 39.997
-74.658 40.146
-74.751 40.066
-74.839 40.076
-74.882 39.856
-74.935 39.969
-74.635 39.811
-74.570 39.981
-74.782 39.847
-74.765 39.969
-74.886 40.029
-74.923 40.047
-74.928 39.936
-74.818 39.866
-74.538 39.952
-74.930 39.926
-74.874 40.026
-75.001 39.959
-74.722 40.081
-74.876 39.968
-74.771 40.103
-74.562 40.064
-74.868 39.962
-74.800 39.919
-74.861 40.074
-74.841 39.893
-74.905 40.060
-74.980 39.969
-74.881 39.986
-74.725 39.957
-74.894 40.026
-74.848 40.017
-74.736 39.887
-74.827 39.812
-74.912 39.901
-74.955 40.040
-74.909 39.862
-74.988 39.996
-74.916 40.066
-74.852 39.884
-74.807 39.839
-74.873 40.035
-74.889 40.020
-74.896 40.015
-74.849 39.980
-74.991 39.965
-74.901 39.805
-74.834 39.990
-74.928 39.956
-74.902 40.059
-74.779 40.002
-74.811 39.943
-74.706 39.858
-74.848 40.088
-74.962 39.948
-74.727 39.831
-74.805 40.009
-74.749 40.095
-74.543 39.983
-74.860 40.035
-74.986 39.945
-74.445 39.659
-74.788 39.805
-74.700 40.165
-75.010 40.006
-74.868 40.024
-74.979 39.947
-74.686 39.971
-74.877 39.839
-74.907 40.022
-74.862 40.060
-74.984 39.952
-74.968 40.047
-74.599 40.060
-74.900 40.037
-74.850 39.961
-74.581 40.674
-74.620 40.624
-74.632 40.567
-74.693 40.556
-74.628 40.452
-74.466 40.661
-74.674 40.499
-74.634 40.646
-74.651 40.479
-74.636 40.653
-74.564 40.668
-74.509 40.504
-74.654 40.512
-74.667 40.397
-74.489 40.498
-74.522 40.553
-74.645 40.680
-74.644 40.510
-74.427 40.628
-74.634 40.601
-74.463 40.626
-74.472 40.614
-74.638 40.516
-74.757 40.475
-74.586 40.718
-74.619 40.598
-74.550 40.443
-74.668 40.505
-74.492 40.591
-74.532 40.576
-74.646 40.565
-74.659 40.618
-74.467 40.649
-74.603 40.569
-74.517 40.510
-74.724 40.557
-74.560 40.457
-74.488 40.511
-74.633 40.391
-74.613 40.563
-74.509 40.616
-74.508 40.603
-74.509 40.529
-74.550 40.714
-74.458 40.615
-74.529 40.611
-74.633 40.632
-74.606 40.657
-74.611 40.403
-74.555 40.435
-74.626 40.509
-74.492 40.629
-74.590 40.568
-74.653 40.503
-74.612 40.575
-74.475 40.494
-74.729 40.561
-74.608 40.570
-74.564 40.558
-74.598 40.586
-74.532 40.570
-74.622 40.568
-74.569 40.485
-74.564 40.725
-74.713 40.575
-74.423 40.646
-74.663 40.501
-74.420 40.631
-74.641 40.619
-74.595 40.429
-74.560 40.686
-74.707 40.600
-74.548 40.565
-74.489 40.491
-74.552 40.438
-74.590 40.483
-74.520 40.631
-74.536 40.676
-74.605 40.516
-74.426 40.649
-74.500 40.525
-74.650 40.444
-74.524 40.503
-74.495 40.481
-74.562 40.700
-74.676 40.565
-74.684 40.615
-74.626 40.690
-74.641 40.400
-74.550 40.611
-74.609 40.547
-74.549 40.673
-74.581 40.444
-74.620 40.641
-74.536 40.591
-74.599 40.548
-74.601 40.530
-74.581 40.708
-74.588 40.575
-74.631 40.657
-74.638 40.650
-74.652 40.522
-74.551 40.730
-74.423 40.629
-74.667 40.597
-74.541 40.560
-74.598 40.616
-74.621 40.465
-74.470 40.602
-74.532 40.565
-74.567 40.572
-74.596 40.473
-74.637 40.663
-74.545 40.437
-74.552 40.598
-74.617 40.614
-74.537 40.520
-74.589 40.691
-74.493 40.515
-74.613 40.594
-74.551 40.571
-74.550 40.701
-74.628 40.433
-74.437 40.654
-74.462 40.493
-74.689 40.591
-74.703 40.613
-74.498 40.516
-74.464 40.498
-74.603 40.465
-74.529 40.546
-74.641 40.572
-74.634 40.588
-74.602 40.628
-74.534 40.556
-74.578 40.541
-74.711 40.550
-74.480 40.639
-74.617 40.472
-74.590 40.560
-74.547 40.484
-74.457 40.607
-74.623 40.662
-74.454 40.613
-74.558 40.710
-74.592 40.501
-74.596 40.537
-74.737 40.517
-74.596 40.540
-74.649 40.600
-74.568 40.744
-74.678 40.513
-74.583 40.549
-74.498 40.496
-74.564 40.714
-74.517 40.497
-74.440 40.617
-74.535 40.655
-74.665 40.544
-74.593 40.533
-74.599 40.574
-74.444 40.621
-74.705 40.587
-74.647 40.426
-74.641 40.567
-74.584 40.633
-74.657 40.586
-74.476 40.507
-74.469 40.501
-74.669 40.520
-74.587 40.603
-74.562 40.637
-74.554 40.660
-74.434 40.625
-74.509 40.495
-74.659 40.413
-74.665 40.575
-74.557 40.626
-74.428 40.622
-74.523 40.469
-74.607 40.706
-74.729 40.408
-74.484 40.507
-74.670 40.586
-74.670 40.713
-74.480 40.500
-74.644 40.578
-74.634 40.540
-74.619 40.575
-74.647 40.399
-74.688 40.453
-74.695 40.692
-74.614 40.486
-74.530 40.551
-74.564 40.506
-74.534 40.452
-74.692 40.497
-74.663 40.558
-74.655 40.580
-74.605 40.577
-74.522 40.487
-74.608 40.732
-74.596 40.659
-74.502 40.490
-74.613 40.450
-74.616 40.578
-74.744 40.527
-74.442 40.626
-74.597 40.564
-74.471 40.505
-74.580 40.588
-74.640 40.514
-74.667 40.592
-74.624 40.610
-74.694 40.530
-74.501 40.597
-74.434 40.616
-74.541 40.630
-74.701 40.412
-74.591 40.464
-74.654 40.563
-74.649 40.719
-74.703 40.569
-74.542 40.662
-74.521 40.647
-74.717 40.481
-74.640 40.655
-74.576 40.684
-74.708 40.396
-74.494 40.503
-74.573 40.605
-74.729 40.542
-74.597 40.568
-74.640 40.493
-74.425 40.635
-74.536 40.690
-74.641 40.457
-74.584 40.542
-74.535 40.537
-74.714 40.765
-74.608 40.650
-74.520 40.518
-74.719 40.592
-74.509 40.515
-74.622 40.653
-74.670 40.581
-74.690 40.574
-74.447 40.610
-74.499 40.507
-74.418 40.636
-74.533 40.709
-74.469 40.490
-74.679 40.648
-74.594 40.547
-74.653 40.610
-74.540 40.570
-74.677 40.431
-74.463 40.635
-74.550 40.581
-74.525 40.580
-74.654 40.464
-74.565 40.530
-74.562 40.655
-74.561 40.433
-74.721 40.883
-74.426 40.862
-74.415 40.766
-74.490 40.834
-74.643 40.925
-74.373 40.801
-74.702 40.826
-74.586 40.765
-74.337 40.995
-74.399 40.754
-74.373 40.742
-74.492 40.853
-74.525 40.930
-74.477 40.786
-74.673 40.818
-74.696 40.830
-74.797 40.805
-74.390 40.877
-74.532 40.884
-74.463 40.796
-74.457 40.774
-74.652 40.917
-74.456 40.846
-74.572 40.881
-74.500 41.030
-74.508 40.840
-74.343 40.979
-74.465 40.791
-74.466 40.786
-74.385 40.840
-74.567 40.888
-74.394 40.732
-74.439 40.889
-74.621 40.903
-74.439 40.848
-74.532 40.907
-74.391 40.784
-74.581 40.977
-74.388 40.749
-74.455 40.875
-74.450 40.793
-74.489 40.826
-74.404 40.726
-74.522 40.907
-74.309 40.945
-74.548 40.887
-74.325 40.979
-74.351 40.853
-74.538 40.871
-74.351 40.991
-74.393 40.765
-74.517 40.925
-74.405 40.768
-74.775 40.825
-74.395 40.774
-74.484 40.790
-74.643 40.866
-74.806 40.732
-74.495 40.670
-74.505 40.869
-74.373 40.999
-74.419 40.770
-74.480 40.807
-74.363 40.910
-74.787 40.874
-74.518 40.914
-74.484 40.817
-74.338 41.003
-74.514 40.825
-74.469 40.857
-74.315 40.992
-74.386 40.969
-74.597 40.836
-74.502 40.778
-74.502 40.810
-74.377 40.790
-74.338 40.836
-74.369 40.873
-74.554 40.876
-74.421 40.876
-74.287 40.969
-74.390 40.776
-74.400 40.737
-74.478 40.795
-74.562 40.898
-74.308 40.976
-74.749 40.812
-74.529 40.826
-74.437 40.697
-74.419 40.904
-74.440 40.899
-74.653 40.853
-74.322 40.964
-74.518 40.919
-74.643 40.853
-74.471 40.792
-74.591 40.801
-74.430 40.753
-74.408 41.015
-74.353 40.923
-74.385 40.730
-74.609 40.870
-74.347 40.892
-74.313 40.920
-74.321 40.939
-74.428 40.896
-74.612 40.781
-74.601 40.784
-74.390 40.853
-74.560 40.891
-74.515 41.034
-74.436 40.882
-74.472 40.800
-74.523 41.107
-74.367 40.896
-74.387 40.884
-74.485 41.010
-74.432 40.733
-74.394 40.865
-74.758 40.785
-74.529 40.744
-74.409 40.756
-74.409 40.908
-74.784 40.758
-74.720 40.889
-74.431 40.855
-74.506 40.929
-74.738 40.865
-74.696 40.854
-74.505 40.896
-74.483 40.841
-74.661 40.863
-74.580 40.850
-74.565 40.876
-74.498 40.820
-74.651 40.907
-74.444 40.749
-74.276 40.907
-74.391 40.943
-74.378 40.756
-74.433 40.869
-74.475 40.872
-74.557 41.017
-74.403 40.761
-74.424 40.856
-74.292 40.927
-74.485 40.812
-74.577 40.891
-74.624 40.951
-74.421 40.868
-74.380 40.748
-74.506 41.011
-74.405 40.868
-74.570 40.871
-74.552 40.822
-74.513 41.058
-74.672 40.909
-74.498 40.927
-74.401 40.904
-74.379 40.773
-74.525 40.800
-74.284 40.913
-74.469 40.891
-74.397 40.868
-74.398 40.788
-74.447 40.833
-74.417 40.746
-74.424 40.920
-74.411 40.723
-74.624 40.845
-74.354 40.901
-74.345 40.939
-74.554 40.891
-74.606 40.968
-74.445 40.783
-74.490 40.876
-74.393 40.739
-74.379 40.915
-74.556 40.880
-74.463 40.826
-74.495 40.940
-74.300 40.994
-74.692 40.787
-74.551 40.906
-74.696 40.841
-74.458 40.866
-74.292 40.944
-74.802 40.817
-74.490 40.796
-74.381 40.906
-74.453 40.889
-74.517 40.904
-74.464 40.679
-74.812 40.775
-74.483 40.851
-74.468 40.754
-74.393 40.802
-74.399 40.876
-74.404 40.747
-74.346 40.997
-74.488 40.776
-74.815 40.831
-74.818 40.829
-74.478 40.883
-74.376 40.745
-74.460 40.784
-74.408 40.936
-74.400 40.822
-74.384 40.893
-74.562 40.772
-74.460 40.817
-74.417 40.911
-74.555 40.806
-74.334 40.908
-74.303 40.950
-74.395 40.887
-74.521 40.930
-74.755 40.868
-74.706 40.898
-74.305 40.935
-74.284 40.950
-74.631 40.963
-74.348 40.961
-74.695 40.899
-74.744 40.854
-74.738 40.840
-74.590 40.900
-74.371 40.815
-74.548 40.882
-74.717 40.872
-74.482 40.862
-74.550 40.832
-74.507 40.885
-74.602 40.859
-74.423 40.766
-74.342 40.872
-74.478 40.908
-74.491 40.723
-74.689 40.880
-74.674 40.758
-74.414 40.813
-74.631 40.935
-74.588 40.877
-74.432 40.765
-74.540 40.828
-74.656 40.787
-74.674 40.837
-74.547 40.948
-74.605 40.818
-74.485 40.891
-74.649 40.884
-74.537 40.839
-74.428 40.940
-74.565 40.828
-74.476 40.807
-74.474 40.842
-74.724 40.859
-74.354 40.885
-74.367 40.883
-74.469 40.809
-74.702 40.870
-74.334 40.857
-74.561 40.881
-74.401 40.909
-74.527 40.894
-74.448 40.855
-74.437 40.800
-74.412 40.887
-74.551 40.900
-74.434 40.913
-74.548 40.916
-74.500 40.956
-74.459 40.860
-74.355 40.810
-74.589 40.946
-74.411 40.987
-74.516 40.683
-74.547 40.890
-74.858 40.788
-74.371 40.828
-74.747 40.749
-74.826 40.802
-74.355 40.872
-74.643 40.902
-74.764 40.853
-74.599 40.886
-74.517 40.662
-74.415 40.751
-74.507 40.915
-74.552 40.860
-74.423 40.801
-74.657 40.844
-74.667 40.855
-74.385 40.877
-74.297 40.916
-74.519 40.859
-74.298 40.968
-74.494 40.689
-74.566 40.867
-74.429 40.831
-74.412 40.845
-74.492 40.893
-74.305 40.969
-74.378 40.873
-74.385 40.737
-74.483 40.916
-74.420 40.757
-74.437 40.862
-74.669 40.881
-74.648 40.812
-74.518 40.763
-74.410 40.898
-74.574 40.899
-74.468 41.037
-74.633 40.771
-74.481 40.828
-74.700 40.822
-74.523 41.015
-74.452 41.008
-74.719 40.831
-74.426 40.724
-74.501 40.794
-74.497 40.791
-74.570 40.790
-74.377 40.879
-74.362 40.982
-74.450 40.801
-74.367 40.864
-74.470 40.831
-74.466 40.699
-74.828 40.921
-74.647 40.845
-74.707 40.817
-74.518 40.892
-74.529 40.917
-74.607 40.986
-74.378 40.886
-74.450 40.926
-74.629 40.876
-74.513 40.785
-74.629 40.866
-74.538 40.991
-74.395 40.721
-74.675 40.844
-74.442 40.859
-74.579 40.909
-74.535 40.898
-74.365 40.932
-74.419 40.782
-74.591 40.787
-74.311 40.957
-74.544 40.876
-74.682 40.858
-74.490 40.804
-74.648 40.911
-74.484 40.821
-74.576 40.822
-74.396 40.900
-74.411 40.833
-74.456 40.905
-74.375 40.940
-74.626 40.830
-74.393 40.744
-74.485 40.802
-74.430 40.709
-74.410 40.716
-74.356 41.007
-74.295 40.958
-74.443 40.813
-74.507 40.905
-74.546 40.843
-74.413 40.761
-74.585 40.892
-74.336 40.919
-74.557 40.847
-74.800 40.854
-74.738 40.876
-74.410 40.912
-74.469 40.910
-74.545 40.897
-74.788 40.838
-74.471 40.773
-74.607 40.762
-74.582 40.871
-74.748 40.898
-74.535 40.894
-74.469 40.968
-74.352 40.837
-74.764 40.874
-74.672 40.899
-74.658 40.872
-74.345 40.821
-75.018 39.884
-75.117 39.871
-75.114 39.928
-75.055 39.944
-75.009 39.798
-74.989 39.938
-75.070 39.958
-75.095 39.883
-75.068 39.902
-75.042 39.955
-74.976 39.816
-75.020 39.754
-74.940 39.812
-75.001 39.924
-75.042 39.949
-75.053 39.860
-74.953 39.794
-74.987 39.858
-75.089 39.939
-74.975 39.869
-74.990 39.790
-74.984 39.821
-74.945 39.862
-75.085 39.917
-75.056 39.902
-74.992 39.829
-75.101 39.922
-75.045 39.854
-75.060 39.923
-75.057 39.794
-75.009 39.868
-75.067 39.966
-75.068 39.849
-75.109 39.904
-75.030 39.971
-74.919 39.820
-75.053 39.957
-75.075 39.874
-75.089 39.949
-75.056 39.909
-75.107 39.896
-75.041 39.985
-75.062 39.965
-75.078 39.887
-75.048 39.935
-74.979 39.768
-75.031 39.849
-75.061 39.826
-75.048 39.848
-74.952 39.803
-74.973 39.902
-75.056 39.948
-75.057 39.896
-75.082 39.953
-74.946 39.889
-74.923 39.808
-75.044 39.887
-75.005 39.909
-74.875 39.665
-74.918 39.826
-75.041 39.899
-75.018 39.850
-74.981 39.936
-75.074 39.866
-75.068 39.910
-74.878 39.731
-74.983 39.891
-74.998 39.774
-75.097 39.936
-75.028 39.876
-74.976 39.896
-75.118 39.878
-75.058 39.816
-75.074 39.946
-75.036 39.935
-75.124 39.897
-75.038 39.911
-75.098 39.942
-75.002 39.934
-74.923 39.708
-75.116 39.892
-74.964 39.784
-75.106 39.921
-75.072 39.788
-75.075 39.827
-75.055 39.879
-75.105 39.913
-75.084 39.922
-75.058 39.807
-74.945 39.833
-74.912 39.796
-74.938 39.875
-75.008 39.820
-75.017 39.735
-75.066 39.867
-75.073 39.903
-75.014 39.837
-74.942 39.796
-75.116 39.900
-74.977 39.808
-75.059 39.800
-75.098 39.967
-75.060 39.903
-74.998 39.815
-75.073 39.893
-74.909 39.762
-75.047 39.895
-75.077 39.814
-74.859 39.775
-75.033 39.786
-75.064 39.907
-75.088 39.902
-75.060 39.940
-74.995 39.759
-75.060 39.956
-75.068 39.881
-75.000 39.880
-75.029 39.881
-75.036 39.904
-75.014 39.918
-75.081 39.947
-74.927 39.841
-75.064 39.917
-75.020 39.967
-75.009 39.744
-75.024 39.865
-74.988 39.842
-74.874 39.754
-75.087 39.964
-75.023 39.936
-75.104 39.888
-74.960 39.765
-75.029 39.856
-75.060 39.843
-75.013 39.807
-74.966 39.910
-75.080 39.942
-75.011 39.889
-75.066 39.945
-75.089 39.851
-75.096 39.917
-75.050 39.883
-74.990 39.882
-75.028 39.888
-75.128 39.933
-75.003 39.729
-75.069 39.950
-75.083 39.905
-75.126 39.879
-74.991 39.852
-75.047 39.916
-75.109 39.873
-75.112 39.947
-75.022 39.837
-75.078 39.921
-75.098 39.924
-75.002 39.829
-74.950 39.706
-75.081 39.910
-74.975 39.879
-75.107 39.865
-75.036 39.799
-74.961 39.882
-75.039 39.815
-75.037 39.834
-74.921 39.788
-75.076 39.913
-75.009 39.814
-75.075 39.958
-75.099 39.916
-75.048 39.840
-75.079 39.964
-74.981 39.731
-75.056 39.917
-75.074 39.942
-74.939 39.883
-74.959 39.893
-75.126 39.889
-75.047 39.906
-75.070 39.856
-75.064 39.936
-75.026 39.829
-75.099 39.928
-74.982 39.803
-74.966 39.833
-75.090 39.914
-75.006 39.941
-75.073 39.838
-75.065 39.921
-75.008 39.839
-74.900 39.734
-75.008 39.900
-75.097 39.870
-75.036 39.858
-75.062 39.911
-74.934 39.867
-74.926 39.781
-75.062 39.974
-75.078 39.878
-75.071 39.939
-75.116 39.940
-75.088 39.885
-74.948 39.722
-75.083 39.891
-74.965 39.871
-75.128 39.940
-75.080 39.856
-74.993 39.872
-75.077 39.954
-74.992 39.921
-75.008 39.853
-75.066 39.840
-75.096 39.895
-75.069 39.921
-75.119 39.936
-74.984 39.925
-74.941 39.823
-75.057 39.886
-75.087 39.877
-74.900 39.772
-74.928 39.755
-75.068 39.917
-75.057 39.852
-74.805 39.756
-75.051 39.952
-75.111 39.884
-75.081 39.936
-75.041 39.965
-74.936 39.786
-75.023 39.774
-74.966 39.814
-75.102 39.934
-75.043 39.910
-74.888 39.775
-75.005 39.757
-75.089 39.863
-75.058 39.872
-75.023 39.947
-75.060 39.914
-75.077 39.900
-74.965 39.855
-75.024 39.844
-75.078 39.846
-75.029 39.907
-75.123 39.904
-75.034 39.823
-75.034 39.924
-74.949 39.845
-74.986 39.915
-75.114 39.956
-74.957 39.747
-74.883 39.715
-74.927 39.864
-75.086 39.909
-75.104 39.928
-75.001 39.787
-75.041 39.856
-75.009 39.924
-75.096 39.959
-74.966 39.707
-75.029 39.799
-75.068 39.896
-74.993 39.864
-75.015 39.767
-75.090 39.960
-74.898 39.690
-75.049 39.963
-75.043 39.876
-74.978 39.714
-75.093 39.917
-75.063 39.892
-74.981 39.880
-75.100 39.907
-75.057 39.961
-75.051 39.829
-75.118 39.951
-75.015 39.934
-75.112 39.912
-75.004 39.929
-75.091 39.929
-75.093 39.906
-75.097 39.878
-75.124 39.919
-75.076 39.907
-75.126 39.947
-74.985 39.868
-75.131 39.894
-75.010 39.832
-75.000 39.916
-75.065 39.954
-75.073 39.922
-75.050 39.918
-75.057 39.890
-75.075 39.930
-74.811 39.718
-74.951 39.873
-75.018 39.906
-74.844 39.656
-75.033 39.807
-74.854 39.712
-75.109 39.937
-75.029 39.841
-75.036 39.871
-74.984 39.780
-75.039 39.891
-75.042 39.881
-75.029 39.899
-75.067 39.887
-75.113 39.920
-75.089 39.897
-75.063 39.876
-75.020 39.826
-74.872 39.772
-74.941 39.806
-74.936 39.854
-75.073 39.885
-74.988 39.764
-75.096 39.952
-75.037 39.839
-74.998 39.896
-75.031 39.761
-75.032 39.956
-75.047 39.798
-75.002 39.823
-74.987 39.743
-75.079 39.839
-75.021 39.815
-75.087 39.944
-74.999 39.848
-74.991 39.718
-74.974 39.787
-75.053 39.868
-75.016 39.824
-75.052 39.896
-75.125 39.956
-75.023 39.913
-75.105 39.952
-75.081 39.898
-74.991 39.906
-74.995 39.803
-74.821 38.989
-74.794 39.003
-74.565 39.285
-74.800 39.238
-74.745 39.237
-74.576 39.276
-74.904 39.047
-74.580 39.279
-74.717 39.107
-74.606 39.256
-74.941 38.989
-74.838 38.971
-74.797 39.138
-74.556 39.290
-74.833 38.976
-74.850 39.010
-74.572 39.281
-74.696 39.203
-74.804 38.995
-74.927 39.028
-74.929 39.015
-74.732 39.273
-74.721 39.225
-74.860 39.108
-74.794 39.088
-74.914 39.040
-74.590 39.271
-74.632 39.238
-74.899 39.002
-74.804 39.280
-74.931 38.942
-74.929 38.931
-74.943 38.999
-74.892 39.031
-74.800 39.000
-74.749 39.194
-74.952 39.003
-74.603 39.278
-74.921 38.933
-74.619 39.249
-74.755 39.059
-74.695 39.233
-74.954 38.981
-74.811 39.201
-74.794 39.058
-74.703 39.146
-74.948 38.952
-74.756 39.166
-74.653 39.276
-74.795 39.018
-74.965 38.937
-74.854 39.143
-74.883 39.068
-74.563 39.288
-74.773 39.038
-74.857 38.991
-74.929 38.987
-74.691 39.251
-74.771 39.113
-74.579 39.296
-74.845 38.966
-74.825 39.021
-74.900 38.945
-74.916 38.934
-74.938 39.029
-74.849 38.963
-74.586 39.273
-74.864 39.042
-74.651 39.248
-74.793 39.006
-74.710 39.130
-74.728 39.097
-74.826 39.047
-74.942 39.018
-74.815 38.991
-74.934 38.975
-74.645 39.223
-74.884 38.976
-74.727 39.156
-74.687 39.168
-74.917 38.984
-74.955 38.989
-74.596 39.264
-74.876 39.026
-74.928 39.033
-74.681 39.276
-74.828 39.075
-74.747 39.081
-74.955 38.972
-74.628 39.280
-74.675 39.193
-74.939 39.023
-74.917 38.943
-74.697 39.154
-74.851 39.078
-74.826 38.982
-74.859 39.260
-74.929 39.023
-74.888 39.018
-74.945 38.974
-74.938 38.982
-74.569 39.282
-74.810 38.993
-74.805 38.996
-74.560 39.293
-74.784 39.186
-74.873 39.091
-74.722 39.207
-74.945 39.013
-74.670 39.224
-74.918 38.963
-74.803 38.998
-74.805 39.004
-74.567 39.283
-74.892 38.942
-74.885 38.953
-74.815 39.223
-74.945 39.009
-74.598 39.271
-74.917 39.011
-74.880 39.203
-74.583 39.275
-74.831 38.981
-74.805 39.162
-74.947 38.989
-74.826 38.987
-74.824 39.001
-74.673 39.245
-74.942 38.942
-74.844 40.498
-74.890 40.367
-74.887 40.601
-74.903 40.527
-74.801 40.505
-75.101 40.618
-74.887 40.696
-74.825 40.507
-74.814 40.655
-74.858 40.516
-74.784 40.539
-74.864 40.511
-74.844 40.502
-74.890 40.641
-74.739 40.605
-74.918 40.635
-74.782 40.582
-74.770 40.715
-74.917 40.471
-74.976 40.406
-74.858 40.483
-74.992 40.518
-74.783 40.614
-74.903 40.671
-75.011 40.561
-74.814 40.679
-74.830 40.632
-74.859 40.679
-74.954 40.477
-74.794 40.697
-74.896 40.612
-75.059 40.647
-74.866 40.498
-74.899 40.753
-75.061 40.618
-74.880 40.474
-74.760 40.554
-74.850 40.726
-74.935 40.727
-74.876 40.563
-74.939 40.367
-74.738 40.584
-74.896 40.622
-74.745 40.676
-74.781 40.519
-75.084 40.654
-74.987 40.642
-74.892 40.631
-74.914 40.706
-74.997 40.433
-75.027 40.669
-74.765 40.614
-74.858 40.505
-74.783 40.453
-74.827 40.448
-74.752 40.636
-74.946 40.376
-75.049 40.457
-74.893 40.667
-74.919 40.446
-74.781 40.624
-74.940 40.700
-74.868 40.418
-74.859 40.608
-74.849 40.531
-75.148 40.584
-74.945 40.413
-75.091 40.569
-74.964 40.707
-74.840 40.554
-74.872 40.654
-75.009 40.464
-74.803 40.488
-74.801 40.587
-74.974 40.614
-74.740 40.563
-74.814 40.416
-74.935 40.588
-74.824 40.578
-74.827 40.496
-75.046 40.574
-75.074 40.580
-74.877 40.586
-74.865 40.524
-74.812 40.546
-74.767 40.569
-75.056 40.528
-74.907 40.654
-75.109 40.588
-74.835 40.643
-74.835 40.488
-74.875 40.528
-74.951 40.614
-74.908 40.588
-74.959 40.680
-74.942 40.649
-74.907 40.636
-74.941 40.361
-74.993 40.675
-74.906 40.498
-75.157 40.603
-74.875 40.436
-74.882 40.667
-74.904 40.397
-75.001 40.592
-74.847 40.465
-74.949 40.546
-74.855 40.494
-74.870 40.748
-74.837 40.719
-74.820 40.488
-75.034 40.514
-74.945 40.370
-74.446 40.479
-74.480 40.299
-74.446 40.533
-74.328 40.527
-74.508 40.379
-74.334 40.549
-74.410 40.465
-74.360 40.546
-74.345 40.561
-74.443 40.495
-74.442 40.489
-74.465 40.466
-74.444 40.357
-74.346 40.476
-74.397 40.503
-74.298 40.460
-74.239 40.448
-74.474 40.461
-74.443 40.562
-74.256 40.527
-74.320 40.576
-74.598 40.375
-74.436 40.587
-74.241 40.573
-74.408 40.524
-74.452 40.496
-74.275 40.502
-74.339 40.565
-74.308 40.536
-74.364 40.534
-74.450 40.589
-74.267 40.503
-74.304 40.448
-74.478 40.401
-74.255 40.572
-74.383 40.518
-74.298 40.379
-74.513 40.437
-74.371 40.442
-74.393 40.445
-74.262 40.547
-74.474 40.448
-74.552 40.327
-74.397 40.386
-74.227 40.568
-74.414 40.509
-74.465 40.565
-74.321 40.548
-74.258 40.450
-74.286 40.553
-74.428 40.504
-74.446 40.455
-74.470 40.328
-74.372 40.533
-74.472 40.573
-74.447 40.337
-74.514 40.563
-74.273 40.435
-74.384 40.443
-74.358 40.552
-74.392 40.583
-74.274 40.513
-74.425 40.413
-74.455 40.571
-74.238 40.466
-74.491 40.545
-74.478 40.561
-74.263 40.414
-74.441 40.472
-74.556 40.328
-74.289 40.442
-74.286 40.548
-74.307 40.563
-74.454 40.473
-74.326 40.581
-74.369 40.469
-74.424 40.461
-74.236 40.585
-74.277 40.534
-74.553 40.385
-74.342 40.547
-74.439 40.508
-74.462 40.487
-74.468 40.315
-74.562 40.329
-74.437 40.383
-74.392 40.473
-74.322 40.458
-74.420 40.347
-74.459 40.548
-74.418 40.393
-74.392 40.362
-74.458 40.424
-74.300 40.569
-74.321 40.604
-74.311 40.470
-74.277 40.396
-74.364 40.558
-74.286 40.479
-74.421 40.440
-74.480 40.588
-74.286 40.530
-74.309 40.405
-74.564 40.334
-74.570 40.394
-74.443 40.460
-74.319 40.401
-74.416 40.366
-74.452 40.307
-74.220 40.587
-74.389 40.505
-74.504 40.456
-74.277 40.454
-74.284 40.467
-74.272 40.466
-74.247 40.443
-74.288 40.460
-74.404 40.542
-74.470 40.595
-74.388 40.539
-74.401 40.509
-74.503 40.556
-74.269 40.489
-74.413 40.408
-74.463 40.525
-74.496 40.453
-74.399 40.575
-74.354 40.581
-74.354 40.599
-74.413 40.412
-74.504 40.575
-74.484 40.568
-74.262 40.509
-74.309 40.550
-74.531 40.431
-74.420 40.584
-74.407 40.437
-74.237 40.597
-74.332 40.396
-74.221 40.564
-74.335 40.601
-74.305 40.475
-74.364 40.519
-74.282 40.591
-74.509 40.450
-74.437 40.406
-74.390 40.444
-74.296 40.565
-74.272 40.522
-74.378 40.373
-74.264 40.573
-74.524 40.384
-74.443 40.307
-74.372 40.409
-74.419 40.494
-74.291 40.482
-74.485 40.465
-74.620 40.354
-74.457 40.520
-74.272 40.518
-74.334 40.577
-74.490 40.538
-74.343 40.463
-74.303 40.580
-74.392 40.452
-74.313 40.391
-74.394 40.513
-74.415 40.503
-74.414 40.484
-74.230 40.582
-74.314 40.512
-74.438 40.491
-74.485 40.439
-74.429 40.446
-74.421 40.419
-74.412 40.497
-74.367 40.591
-74.222 40.583
-74.349 40.456
-74.546 40.304
-74.249 40.557
-74.320 40.394
-74.372 40.538
-74.257 40.406
-74.540 40.430
-74.383 40.331
-74.493 40.463
-74.302 40.530
-74.280 40.526
-74.294 40.525
-74.293 40.471
-74.356 40.539
-74.449 40.581
-74.436 40.500
-74.370 40.445
-74.568 40.404
-74.460 40.469
-74.446 40.350
-74.285 40.516
-74.425 40.488
-74.477 40.477
-74.444 40.573
-74.588 40.366
-74.519 40.379
-74.267 40.464
-74.389 40.448
-74.342 40.532
-74.276 40.514
-74.297 40.587
-74.476 40.333
-74.463 40.580
-74.384 40.556
-74.378 40.437
-74.412 40.528
-74.428 40.495
-74.584 40.396
-74.393 40.555
-74.498 40.423
-74.350 40.542
-74.257 40.434
-74.514 40.450
-74.388 40.459
-74.438 40.421
-74.432 40.503
-74.295 40.581
-74.543 40.392
-74.405 40.416
-74.530 40.354
-74.505 40.295
-74.409 40.513
-74.400 40.397
-74.307 40.605
-74.333 40.584
-74.474 40.592
-74.470 40.334
-74.312 40.444
-74.433 40.440
-74.414 40.436
-74.536 40.420
-74.400 40.587
-74.233 40.577
-74.404 40.388
-74.481 40.537
-74.509 40.581
-74.269 40.513
-74.226 40.576
-74.454 40.480
-74.417 40.520
-74.424 40.378
-74.365 40.421
-74.528 40.410
-74.491 40.573
-74.405 40.496
-74.257 40.424
-74.336 40.559
-74.387 40.522
-74.372 40.584
-74.315 40.596
-74.453 40.363
-74.273 40.506
-74.286 40.535
-74.282 40.512
-74.425 40.559
-74.290 40.433
-74.456 40.450
-74.264 40.506
-74.344 40.594
-74.399 40.438
-74.441 40.450
-74.381 40.571
-74.330 40.400
-74.419 40.300
-74.351 40.549
-74.325 40.534
-74.283 40.524
-74.349 40.501
-74.528 40.435
-74.449 40.594
-74.237 40.581
-74.342 40.601
-74.445 40.482
-74.300 40.543
-74.287 40.487
-74.474 40.468
-74.335 40.405
-74.348 40.527
-74.533 40.379
-74.389 40.399
-74.289 40.453
-74.432 40.493
-74.262 40.514
-74.436 40.482
-74.412 40.476
-74.466 40.585
-74.570 40.376
-74.330 40.391
-74.404 40.459
-74.426 40.513
-74.369 40.600
-74.467 40.306
-74.452 40.503
-74.268 40.536
-74.276 40.480
-74.385 40.373
-74.325 40.566
-74.358 40.404
-74.352 40.469
-74.330 40.538
-74.342 40.570
-74.356 40.398
-74.405 40.422
-74.356 40.460
-74.370 40.524
-74.364 40.436
-74.458 40.494
-74.286 40.411
-74.386 40.321
-74.356 40.455
-74.442 40.314
-74.436 40.549
-74.364 40.568
-74.448 40.500
-74.295 40.532
-74.400 40.516
-74.402 40.487
-74.268 40.518
-74.368 40.564
-74.384 40.591
-74.337 40.382
-74.377 40.492
-74.384 40.508
-74.285 40.522
-74.223 40.580
-74.213 40.582
-74.478 40.522
-74.275 40.550
-74.442 40.323
-74.397 40.430
-74.443 40.586
-74.308 40.464
-74.405 40.518
-74.575 40.316
-74.372 40.546
-74.313 40.575
-74.379 40.426
-74.285 40.542
-74.360 40.409
-74.415 40.403
-74.383 40.439
-74.284 40.519
-74.462 40.455
-74.294 40.449
-74.332 40.595
-74.456 40.516
-74.561 40.390
-74.390 40.547
-74.369 40.549
-74.444 40.332
-74.514 40.575
-74.297 40.574
-74.447 40.485
-74.338 40.472
-74.383 40.379
-74.377 40.433
-74.399 40.317
-74.476 40.435
-74.581 40.414
-74.473 40.577
-74.398 40.409
-74.486 40.470
-74.321 40.532
-74.395 40.373
-74.382 40.411
-74.302 40.493
-74.515 40.394
-74.318 40.589
-74.463 40.596
-74.468 40.312
-74.326 40.395
-74.475 40.454
-74.264 40.588
-74.308 40.529
-74.408 40.595
-74.507 40.443
-74.353 40.406
-74.314 40.603
-74.382 40.448
-74.452 40.504
-74.424 40.574
-74.458 40.504
-74.467 40.320
-74.490 40.442
-74.380 40.396
-74.505 40.569
-74.357 40.442
-74.421 40.504
-74.355 40.425
-74.349 40.587
-74.310 40.394
-74.332 40.536
-74.583 40.386
-74.249 40.571
-74.309 40.526
-74.462 40.474
-74.381 40.355
-74.449 40.491
-74.285 40.482
-74.333 40.571
-74.455 40.481
-74.329 40.469
-74.380 40.525
-74.428 40.452
-74.375 40.450
-74.430 40.494
-74.315 40.544
-74.269 40.560
-74.383 40.404
-74.418 40.466
-74.285 40.473
-74.313 40.532
-74.295 40.467
-74.246 40.597
-74.352 40.392
-74.422 40.497
-74.456 40.493
-74.344 40.538
-74.231 40.574
-74.459 40.589
-74.548 40.421
-74.342 40.582
-74.461 40.573
-74.284 40.505
-74.326 40.465
-74.460 40.464
-74.428 40.532
-74.570 40.330
-74.377 40.559
-74.373 40.414
-74.327 40.552
-74.393 40.493
-74.406 40.504
-74.291 40.580
-74.369 40.572
-74.333 40.589
-74.559 40.325
-74.352 40.559
-74.315 40.583
-74.348 40.405
-74.463 40.569
-74.436 40.447
-74.355 40.534
-74.597 40.350
-74.432 40.456
-74.514 40.323
-74.338 40.446
-74.567 40.344
-74.325 40.421
-74.606 40.334
-74.278 40.519
-74.393 40.519
-74.428 40.431
-74.459 40.331
-74.419 40.498
-74.279 40.557
-74.410 40.448
-74.416 40.426
-74.595 40.325
-74.270 40.510
-74.354 40.574
-74.289 40.491
-74.285 40.573
-74.471 40.342
-74.435 40.467
-74.424 40.590
-74.273 40.567
-74.444 40.486
-74.322 40.555
-74.296 40.554
-74.239 40.578
-74.408 40.510
-74.282 40.561
-74.558 40.407
-74.431 40.541
-74.450 40.538
-74.497 40.581
-74.270 40.504
-74.364 40.514
-74.416 40.535
-74.353 40.568
-74.300 40.410
-74.460 40.531
-74.415 40.458
-74.442 40.346
-74.452 40.318
-74.372 40.458
-74.308 40.575
-74.372 40.429
-74.266 40.522
-74.402 40.377
-74.439 40.456
-74.438 40.525
-74.245 40.457
-74.301 40.590
-74.323 40.484
-74.289 40.562
-74.574 40.417
-74.369 40.392
-74.327 40.575
-74.282 40.568
-74.312 40.399
-74.491 40.563
-74.430 40.588
-74.487 40.370
-74.563 40.418
-74.385 40.452
-74.459 40.307
-74.366 40.362
-74.397 40.509
-74.402 40.533
-74.301 40.393
-74.359 40.530
-74.485 40.529
-74.453 40.564
-74.286 40.585
-74.305 40.596
-74.457 40.498
-74.454 40.486
-74.338 40.537
-74.381 40.417
-74.408 40.564
-74.366 40.578
-74.520 40.568
-74.271 40.526
-74.460 40.315
-74.554 40.424
-74.292 40.398
-74.463 40.478
-74.394 40.416
-74.316 40.562
-74.282 40.580
-74.220 40.594
-74.386 40.501
-74.450 40.441
-74.278 40.483
-74.342 40.575
-74.426 40.482
-74.465 40.347
-74.330 40.603
-74.235 40.567
-74.512 40.544
-74.231 40.587
-74.503 40.548
-74.440 40.567
-74.468 40.590
-74.424 40.495
-74.389 40.425
-74.246 40.587
-74.290 40.477
-74.274 40.519
-74.293 40.429
-74.450 40.314
-74.303 40.469
-74.261 40.476
-74.299 40.425
-74.418 40.593
-74.487 40.584
-74.360 40.459
-74.502 40.449
-74.316 40.537
-74.411 40.430
-74.417 40.542
-74.461 40.501
-74.564 40.423
-74.357 40.593
-74.376 40.511
-74.397 40.597
-74.274 40.574
-74.307 40.458
-74.265 40.519
-74.392 40.527
-74.431 40.595
-74.411 40.583
-74.459 40.277
-74.321 40.542
-74.431 40.348
-74.336 40.359
-74.324 40.594
-74.406 40.507
-74.396 40.402
-74.280 40.421
-74.329 40.541
-74.306 40.571
-74.386 40.513
-74.352 40.537
-74.268 40.499
-74.449 40.323
-74.388 40.564
-74.217 40.574
-74.475 40.097
-74.250 39.743
-74.058 40.081
-74.130 40.088
-74.150 40.011
-74.252 39.973
-74.146 40.065
-74.102 40.079
-74.121 40.114
-74.188 39.885
-74.095 40.099
-74.160 39.913
-74.399 39.954
-74.073 40.078
-74.162 39.969
-74.426 40.109
-74.257 40.141
-74.223 40.095
-74.314 40.154
-74.169 39.895
-74.100 40.110
-74.085 40.074
-74.400 39.563
-74.059 40.064
-74.267 39.968
-74.396 39.955
-74.116 40.037
-74.287 40.017
-74.280 40.004
-74.148 40.043
-74.110 39.959
-74.207 40.022
-74.213 40.095
-74.264 40.036
-74.136 40.023
-74.346 39.955
-74.043 40.085
-74.192 39.854
-74.197 40.026
-74.111 40.066
-74.162 39.948
-74.305 39.553
-74.200 39.771
-74.228 40.054
-74.081 39.954
-74.102 40.040
-74.172 39.934
-74.282 40.108
-74.230 40.091
-74.350 39.532
-74.176 39.921
-74.174 39.982
-74.223 40.109
-74.391 40.059
-74.194 39.997
-74.145 39.964
-74.249 39.566
-74.193 39.929
-74.361 39.934
-74.185 39.816
-74.213 39.823
-74.185 40.045
-74.340 39.941
-74.175 40.033
-74.253 40.046
-74.172 39.904
-74.287 40.145
-74.183 39.646
-74.246 39.751
-74.051 40.087
-74.148 40.025
-74.299 39.596
-74.257 39.979
-74.181 39.948
-74.372 39.615
-74.187 40.092
-74.128 40.056
-74.201 39.943
-74.217 39.850
-74.088 40.084
-74.316 40.103
-74.085 40.056
-74.175 39.965
-74.351 39.960
-74.236 40.048
-74.246 39.677
-74.262 40.129
-74.132 40.100
-74.128 40.077
-74.163 40.029
-74.260 39.772
-74.131 39.945
-74.086 40.065
-74.381 39.942
-74.222 39.790
-74.188 39.940
-74.248 39.579
-74.292 39.648
-74.192 39.936
-74.154 39.974
-74.361 40.146
-74.265 39.710
-74.073 40.041
-74.194 40.039
-74.180 40.074
-74.203 39.981
-74.239 40.009
-74.121 40.028
-74.080 40.078
-74.286 39.745
-74.172 39.823
-74.138 39.990
-74.195 39.959
-74.210 40.102
-74.151 40.067
-74.228 40.069
-74.334 39.621
-74.165 40.034
-74.320 40.013
-74.239 40.081
-74.134 40.038
-74.511 40.079
-74.193 40.060
-74.386 39.537
-74.272 39.998
-74.251 40.001
-74.296 39.745
-74.239 40.040
-74.297 40.018
-74.206 40.091
-74.068 39.970
-74.246 40.063
-74.105 40.086
-74.267 40.041
-74.138 39.736
-74.291 40.102
-74.113 40.010
-74.134 40.027
-74.288 39.733
-74.171 40.041
-74.218 39.943
-74.406 40.137
-74.205 40.109
-74.165 39.848
-74.149 40.052
-74.181 39.992
-74.074 40.086
-74.169 39.662
-74.359 40.094
-74.218 39.998
-74.259 39.668
-74.390 40.159
-74.145 39.953
-74.146 40.085
-74.146 39.983
-74.293 39.739
-74.189 40.029
-74.152 40.034
-74.159 39.964
-74.155 39.841
-74.141 40.076
-74.219 40.104
-74.286 40.098
-74.179 40.043
-74.237 39.965
-74.244 40.108
-74.339 40.046
-74.145 40.099
-74.048 40.070
-74.268 39.974
-74.101 39.774
-74.358 39.590
-74.284 39.770
-74.204 39.691
-74.240 39.984
-74.226 39.783
-74.194 39.966
-74.202 39.933
-74.254 39.728
-74.066 40.014
-74.273 40.158
-74.167 39.938
-74.111 39.752
-74.098 40.074
-74.101 40.066
-74.233 39.674
-74.371 39.593
-74.182 39.865
-74.103 40.093
-74.051 40.044
-74.198 40.044
-74.160 39.991
-74.281 39.696
-74.079 39.919
-74.080 40.024
-74.188 39.830
-74.343 39.596
-74.095 40.067
-74.069 40.067
-74.195 40.104
-74.248 40.122
-74.147 39.946
-74.192 39.782
-74.079 39.945
-74.265 39.928
-74.275 40.140
-74.117 39.983
-74.250 40.097
-74.078 40.068
-74.111 39.921
-74.356 39.597
-74.350 39.949
-74.142 39.699
-74.377 39.563
-74.331 39.730
-74.125 39.847
-74.481 40.026
-74.216 40.091
-74.125 39.864
-74.236 39.956
-74.210 39.922
-74.128 40.007
-74.169 40.100
-74.075 39.969
-74.126 40.097
-74.140 40.090
-74.158 39.957
-74.202 39.872
-74.206 39.757
-74.249 39.755
-74.279 39.758
-74.338 40.120
-74.095 39.985
-74.132 40.108
-74.208 39.988
-74.285 40.012
-74.372 40.120
-74.257 39.965
-74.362 39.955
-74.144 40.000
-74.360 39.674
-74.108 40.025
-74.113 40.102
-74.130 39.873
-74.218 39.660
-74.164 39.910
-74.267 40.121
-74.227 40.024
-74.314 40.165
-74.372 39.959
-74.054 40.097
-74.277 39.741
-74.217 39.837
-74.136 39.926
-74.259 39.956
-74.158 40.019
-74.277 39.721
-74.108 40.097
-74.318 40.135
-74.089 39.924
-74.373 39.576
-74.291 40.028
-74.095 40.029
-74.082 40.083
-74.117 40.048
-74.196 40.034
-74.237 39.951
-74.191 39.981
-74.128 40.015
-74.278 39.974
-74.055 40.085
-74.166 40.087
-74.386 39.581
-74.192 39.971
-74.310 40.139
-74.174 40.025
-74.276 40.015
-74.368 39.962
-74.154 40.028
-74.162 39.978
-74.293 40.042
-74.252 39.962
-74.197 39.975
-74.175 40.009
-74.118 40.074
-74.282 39.963
-74.246 40.052
-74.273 40.038
-74.260 40.034
-74.221 39.973
-74.221 40.097
-74.210 39.961
-74.274 39.963
-74.238 40.021
-74.258 39.971
-74.184 40.047
-74.058 40.073
-74.108 40.124
-74.203 39.928
-74.243 39.763
-74.164 39.932
-74.136 40.050
-74.282 39.956
-74.119 40.087
-74.166 40.047
-74.102 40.049
-74.121 40.105
-74.164 39.865
-74.200 39.846
-74.121 39.890
-74.402 39.951
-74.071 39.992
-74.111 39.946
-74.270 40.014
-74.136 39.821
-74.136 40.088
-74.268 39.983
-74.206 40.101
-74.213 39.976
-74.258 39.768
-74.363 39.584
-74.197 39.906
-74.281 40.119
-74.144 39.940
-74.361 39.794
-74.198 40.080
-74.376 39.949
-74.184 39.958
-74.142 39.973
-74.284 39.996
-74.227 40.098
-74.314 39.864
-74.300 39.748
-74.154 40.047
-74.261 39.976
-74.122 40.065
-74.269 40.105
-74.062 40.089
-74.152 40.038
-74.730 41.188
-74.590 41.074
-74.845 41.079
-74.759 41.054
-74.566 41.169
-74.606 41.152
-74.819 41.119
-74.793 41.056
-74.743 40.986
-74.601 41.236
-74.286 40.093
-74.205 39.801
-74.292 39.961
-74.361 39.960
-74.710 40.907
-74.489 41.240
-74.564 41.195
-74.711 40.941
-74.675 40.931
-74.633 41.015
-74.082 40.091
-74.814 41.016
-74.475 41.152
-74.765 41.298
-74.787 40.987
-74.658 41.008
-74.550 41.234
-74.654 40.947
-74.327 39.598
-74.218 39.950
-74.639 41.295
-74.700 41.048
-74.585 41.118
-74.726 40.969
-74.654 40.972
-74.626 41.213
-74.625 41.030
-74.250 39.996
-74.284 39.727
-74.042 40.099
-74.630 41.084
-74.509 41.176
-74.639 41.245
-74.733 41.014
-74.505 41.258
-74.844 41.027
-74.502 41.219
-74.235 39.961
-74.226 39.963
-74.276 39.979
-74.687 40.925
-74.551 41.089
-74.454 41.148
-74.750 40.940
-74.753 41.050
-74.659 40.953
-74.885 41.073
-74.446 41.199
-74.608 41.210
-74.751 41.043
-74.171 40.038
-74.362 39.968
-74.273 39.694
-74.721 40.994
-74.437 41.210
-74.553 41.136
-74.652 40.934
-74.420 41.189
-74.673 40.999
-74.706 40.918
-74.181 40.051
-74.229 39.767
-74.539 41.186
-74.831 41.055
-74.750 41.146
-74.593 41.104
-74.496 41.152
-74.742 41.329
-74.673 41.017
-74.579 41.125
-74.251 40.133
-74.314 39.959
-74.654 41.128
-74.752 41.090
-74.576 41.153
-74.802 40.965
-74.680 41.022
-74.077 39.932
-74.238 39.946
-74.093 40.090
-74.066 40.076
-74.676 40.941
-74.537 41.207
-74.666 40.940
-74.679 40.916
-74.655 41.227
-74.827 40.991
-74.260 40.007
-74.216 39.937
-74.143 39.914
-74.094 39.823
-74.523 41.196
-74.782 41.037
-74.662 40.936
-74.691 40.975
-74.763 41.057
-74.647 41.036
-74.283 40.022
-74.268 39.959
-74.236 40.059
-74.757 41.142
-74.806 41.218
-74.724 41.287
-74.787 41.096
-74.718 41.060
-74.911 41.125
-74.699 41.088
-74.473 41.166
-74.354 39.939
-74.287 40.118
-74.149 39.928
-74.188 39.735
-74.328 39.958
-74.799 41.155
-74.465 41.174
-74.694 40.913
-74.761 41.048
-74.534 41.225
-74.728 41.079
-74.645 41.021
-74.634 41.004
-74.289 40.006
-74.211 39.955
-74.523 41.250
-74.581 41.274
-74.595 41.139
-74.536 41.166
-74.642 40.948
-74.667 40.922
-74.680 41.125
-74.216 39.626
-74.269 39.735
-74.093 40.016
-74.757 41.016
-74.658 41.020
-74.616 41.191
-74.701 41.156
-74.675 41.035
-74.682 41.219
-74.603 41.079
-74.771 40.958
-74.584 41.054
-74.616 41.133
-74.262 40.048
-74.134 39.960
-74.134 40.004
-74.704 41.023
-74.595 41.023
-74.570 41.143
-74.747 41.059
-74.655 41.067
-74.729 40.930
-75.051 39.396
-75.092 39.382
-75.060 39.478
-75.184 39.197
-75.259 39.440
-75.216 39.431
-75.019 39.362
-74.986 39.503
-75.053 39.544
-75.010 39.469
-75.096 39.421
-75.225 39.414
-75.102 39.399
-75.013 39.474
-75.244 39.440
-75.297 39.459
-75.198 39.454
-75.196 39.422
-75.229 39.515
-75.014 39.404
-75.237 39.461
-75.040 39.414
-74.985 39.411
-74.975 39.451
-75.021 39.398
-75.238 39.417
-74.962 39.227
-75.032 39.483
-75.247 39.429
-75.057 39.503
-74.987 39.490
-75.040 39.474
-75.068 39.368
-75.216 39.442
-75.230 39.433
-75.002 39.494
-74.994 39.477
-75.029 39.501
-75.137 39.464
-75.025 39.288
-74.988 39.377
-75.039 39.353
-75.281 39.356
-75.054 39.329
-75.049 39.521
-75.012 39.520
-75.028 39.412
-75.274 39.482
-74.990 39.468
-75.366 39.396
-75.035 39.387
-75.171 39.394
-75.023 39.480
-75.104 39.279
-75.247 39.421
-75.009 39.488
-75.239 39.431
-75.019 39.389
-75.035 39.401
-75.006 39.482
-75.169 39.419
-75.055 39.424
-75.060 39.237
-74.922 39.343
-75.228 39.425
-75.002 39.455
-75.021 39.457
-75.189 39.335
-75.224 39.445
-75.005 39.503
-75.164 39.263
-75.022 39.475
-75.037 39.498
-75.018 39.324
-75.020 39.436
-75.212 39.418
-75.042 39.402
-75.020 39.501
-74.961 39.486
-75.353 39.454
-74.937 39.462
-75.023 39.484
-75.014 39.481
-75.191 39.485
-75.057 39.453
-75.035 39.462
-75.044 39.483
-75.034 39.397
-74.974 39.461
-75.020 39.488
-75.055 39.490
-74.944 39.426
-75.281 39.410
-74.264 40.623
-74.279 40.641
-74.246 40.639
-74.245 40.671
-74.423 40.679
-74.286 40.694
-74.270 40.699
-74.303 40.623
-74.342 40.608
-74.267 40.714
-74.357 40.664
-74.369 40.644
-74.247 40.661
-74.309 40.657
-74.216 40.682
-74.444 40.662
-74.263 40.610
-74.284 40.638
-74.276 40.711
-74.323 40.695
-74.319 40.659
-74.418 40.610
-74.248 40.655
-74.259 40.659
-74.210 40.662
-75.183 40.714
-74.990 40.838
-74.969 40.961
-75.045 40.903
-75.164 40.655
-74.990 41.026
-74.941 40.862
-74.371 40.671
-74.374 40.630
-74.323 40.651
-74.292 40.616
-74.279 40.672
-74.228 40.685
-74.281 40.664
-74.391 40.667
-74.194 40.646
-74.311 40.711
-74.273 40.610
-74.251 40.634
-74.364 40.637
-74.261 40.669
-74.349 40.716
-74.270 40.694
-74.287 40.630
-74.236 40.673
-74.267 40.708
-74.327 40.633
-74.397 40.633
-74.250 40.641
-74.276 40.621
-74.821 40.871
-75.184 40.700
-74.983 40.762
-74.985 40.808
-75.008 40.774
-74.870 40.851
-74.275 40.633
-74.387 40.702
-74.371 40.707
-74.232 40.669
-74.298 40.648
-74.224 40.664
-74.415 40.670
-74.205 40.650
-74.270 40.674
-74.207 40.653
-74.298 40.635
-74.219 40.674
-74.301 40.602
-74.304 40.646
-74.363 40.651
-74.211 40.689
-74.268 40.652
-74.415 40.617
-74.311 40.706
-74.227 40.668
-74.337 40.647
-74.354 40.630
-74.283 40.597
-74.431 40.600
-74.358 40.642
-74.287 40.718
-74.361 40.691
-74.285 40.609
-74.222 40.703
-75.149 40.676
-75.166 40.685
-75.154 40.714
-74.988 40.752
-75.042 40.847
-74.818 40.866
-75.102 40.690
-74.268 40.645
-74.353 40.655
-74.224 40.654
-74.407 40.632
-74.269 40.704
-74.284 40.675
-74.296 40.703
-74.201 40.654
-74.366 40.663
-74.431 40.611
-74.267 40.668
-74.332 40.613
-74.236 40.660
-74.290 40.598
-74.288 40.646
-74.409 40.700
-74.444 40.674
-74.376 40.718
-74.346 40.711
-74.246 40.696
-74.350 40.707
-74.394 40.706
-74.291 40.668
-74.211 40.667
-74.316 40.649
-74.280 40.653
-75.068 40.825
-75.124 40.685
-75.004 41.006
-74.957 40.743
-75.156 40.681
-75.179 40.679
-75.159 40.626
-74.975 40.764
-74.378 40.642
-74.376 40.652
-74.204 40.641
-74.293 40.632
-74.339 40.671
-74.369 40.683
-74.286 40.710
-74.357 40.651
-74.303 40.666
-74.402 40.704
-74.208 40.670
-74.329 40.645
-74.255 40.711
-74.280 40.617
-74.264 40.676
-74.325 40.637
-74.263 40.606
-74.261 40.702
-74.329 40.672
-74.389 40.629
-74.316 40.691
-74.223 40.672
-74.240 40.670
-74.347 40.646
-74.347 40.658
-74.250 40.648
-74.271 40.635
-74.858 40.819
-75.108 40.659
-75.191 40.690
-75.173 40.690
-74.828 40.837
-74.965 40.999
-74.393 40.684
-74.243 40.623
-74.238 40.648
-74.315 40.644
-74.417 40.703
-74.258 40.631
-74.386 40.662
-74.218 40.619
-74.257 40.663
-74.367 40.714
-74.347 40.674
-74.453 40.674
-74.253 40.702
-74.294 40.603
-74.411 40.638
-74.261 40.712
-74.204 40.657
-74.309 40.643
-74.426 40.606
-74.355 40.719
-74.381 40.622
-74.289 40.654
-74.345 40.663
-74.249 40.670
-74.289 40.700
-74.324 40.661
-74.359 40.709
-75.181 40.693
-74.846 40.904
-74.948 40.797
-74.991 40.732
-75.075 40.833
-74.814 40.857
-75.063 40.792
-75.091 40.802
-74.899 40.791
-74.344 40.703
-74.237 40.694
-74.261 40.651
-74.351 40.683
-74.256 40.705
-74.268 40.635
-74.272 40.662
-74.313 40.630
-74.335 40.630
-74.213 40.659
-74.255 40.668
-74.229 40.645
-74.412 40.609
-74.379 40.705
-74.231 40.705
-74.404 40.649
-74.197 40.654
-74.367 40.698
-74.264 40.690
-74.404 40.603
-74.307 40.652
-75.168 40.700
-75.021 40.763
-74.904 40.974
-74.996 40.904
-75.153 40.664
-74.883 40.892
-75.158 40.695
-75.164 40.749
-74.297 40.654
-74.413 40.634
-74.289 40.662
-74.245 40.685
-74.218 40.702
-74.197 40.682
-74.191 40.669
-74.261 40.654
-74.391 40.652
-74.262 40.698
-74.279 40.696
-74.369 40.659
-74.245 40.611
-74.251 40.665
-74.310 40.648
-74.264 40.663
-74.378 40.677
-74.279 40.635
-74.296 40.664
-74.254 40.660
-74.248 40.677
-74.182 40.681
-74.226 40.666
-74.313 40.612
-74.308 40.671
-74.307 40.665
-74.212 40.681
-75.005 40.811
-75.164 40.715
-74.878 40.952
-74.831 40.861
-74.288 40.637
-74.299 40.674
-74.279 40.716
-74.187 40.653
-74.258 40.647
-74.272 40.684
-74.309 40.639
-74.204 40.673
-74.300 40.616
-74.246 40.659
-74.413 40.603
-74.200 40.683
-74.214 40.655
-74.253 40.689
-74.313 40.699
-74.343 40.642
-74.229 40.702
-74.394 40.621
-74.279 40.607
-74.342 40.651
-74.299 40.609
-74.291 40.689
-74.170 40.650
-74.246 40.647
-74.387 40.649
-74.283 40.705
-74.328 40.715
-74.371 40.638
-74.219 40.658
-75.136 40.710
-75.186 40.694
-75.198 40.698
-74.213 40.650
-74.378 40.710
-74.243 40.666
-74.204 40.681
-74.353 40.677
-74.210 40.673
-74.184 40.652
-74.258 40.676
-74.296 40.707
-74.302 40.661
-74.200 40.648
-74.358 40.725
-74.361 40.674
-74.322 40.684
-74.196 40.664
-74.259 40.682
-74.272 40.620
-74.317 40.672
-74.253 40.651
-74.451 40.665
-74.213 40.685
-74.400 40.605
-74.256 40.620
-74.350 40.727
-74.370 40.721
-74.291 40.712
-74.286 40.604
-74.837 40.842
-74.972 40.757
-74.840 40.850
-75.196 40.692
-74.258 40.628
-74.241 40.645
-74.240 40.627
-74.205 40.663
-74.369 40.703
-74.288 40.613
-74.234 40.698
-74.322 40.647
-74.220 40.667
-74.283 40.622
-74.269 40.638
-74.228 40.672
-74.250 40.709
-74.337 40.622
-74.388 40.718
-74.320 40.639
-74.311 40.660
-74.276 40.657
-74.290 40.706
-74.435 40.601
-74.322 40.612
-74.386 40.609
-74.420 40.620
-74.393 40.657
-74.189 40.654
-74.398 40.654
-74.333 40.616
-75.034 40.981
-74.965 40.872
-74.991 40.761
-75.043 40.702
-75.065 40.816
-75.141 40.686
-75.028 40.807
-74.268 40.629
-74.382 40.646
-74.298 40.644
-74.273 40.667
-74.203 40.678
-74.233 40.652
-74.251 40.684
-74.423 40.602
-74.230 40.655
-74.449 40.604
-74.275 40.605
-74.419 40.603
-74.336 40.640
-74.322 40.665
-74.362 40.721
-74.222 40.694
-74.337 40.716
-74.277 40.701
-74.315 40.715
-74.334 40.661
-74.418 40.694
-74.395 40.626
-74.273 40.716
-74.354 40.643
-74.400 40.645
-74.280 40.689
-74.279 40.645
-74.296 40.659
-74.851 40.910
-74.831 40.906
-75.171 40.681
-75.075 40.952
-74.319 40.655
-74.301 40.692
-74.256 40.639
-74.242 40.705
-74.386 40.637
-74.204 40.670
-74.264 40.641
-74.391 40.643
-74.274 40.598
-74.222 40.641
-74.295 40.621
-74.410 40.686
-74.223 40.662
-74.334 40.656
-74.435 40.677
-74.399 40.711
-74.439 40.602
-74.305 40.679
-74.414 40.624
-74.410 40.614
-74.199 40.659
-74.296 40.599
-74.266 40.601
-74.216 40.676
-74.341 40.720
-74.270 40.631
-74.405 40.623
-74.273 40.648
-74.303 40.709
-74.252 40.694
-75.150 40.664
-74.838 40.833
-75.079 40.825
-74.370 40.733
-74.187 40.649
-74.403 40.637
-74.218 40.652
-74.403 40.610
-74.374 40.729
-74.319 40.620
-74.220 40.649
-74.390 40.660
-74.381 40.723
-74.195 40.656
-74.395 40.640
-74.370 40.649
-74.276 40.629
-74.237 40.662
-74.335 40.698
-74.208 40.656
-74.223 40.699
-74.274 40.640
-74.294 40.628
-74.254 40.635
-74.344 40.686
-74.381 40.635
-74.295 40.677
-74.239 40.664
-74.346 40.635
-74.327 40.655
-74.376 40.715
-74.283 40.626
-75.195 40.685
-75.061 40.733
-75.173 40.710
-74.965 40.772
-74.232 40.679
-74.445 40.600
-74.427 40.688
-74.261 40.686
-74.271 40.615
-74.254 40.643
-74.162 40.669
-74.401 40.692
-74.220 40.663
-74.236 40.668
-74.228 40.658
-74.222 40.652
-74.408 40.641
-74.432 40.668
-74.294 40.608
-74.260 40.637
-74.220 40.682
-74.409 40.628
-74.225 40.660
-74.253 40.656
-74.241 40.689
-74.303 40.638
-74.278 40.662
-74.241 40.654
-74.324 40.707
-74.320 40.710
-74.336 40.690
-74.231 40.663
-74.299 40.670
-74.242 40.626
-74.847 40.827
-75.169 40.652
-74.879 40.867
-74.828 40.850
-74.958 40.908
-75.009 40.951
-74.352 40.616
-74.241 40.634
-74.312 40.626
-74.220 40.669
-74.193 40.659
-74.379 40.698
-74.427 40.609
-74.267 40.681
-74.210 40.678
-74.233 40.658
-74.409 40.621
-74.297 40.640
-74.363 40.730
-74.397 40.715
-74.292 40.717
-74.252 40.680
-74.393 40.698
-74.281 40.613
-74.303 40.702
-74.314 40.665
-74.242 40.676
-74.215 40.692
-74.380 40.656
-74.366 40.615
-74.440 40.687
-75.105 40.755
-74.909 40.829
-74.988 40.782
-74.401 40.625
-74.268 40.658
-74.207 40.685
-74.400 40.615
-74.305 40.617
-74.286 40.684
-74.360 40.712
-74.226 40.691
-74.828 40.261
-74.756 40.196
-74.815 40.328
-74.860 40.301
-74.776 40.239
-74.656 40.230
-74.734 40.247
-74.740 40.197
-74.744 40.221
-74.659 40.354
-74.785 40.235
-74.780 40.230
-74.781 40.248
-74.784 40.228
-74.657 40.363
-74.642 40.353
-74.691 40.183
-74.727 40.195
-74.881 40.330
-74.497 40.262
-74.590 40.199
-74.630 40.358
-74.722 40.174
-74.678 40.246
-74.777 40.233
-74.765 40.259
-74.755 40.257
-74.736 40.214
-74.782 40.258
-74.781 40.236
-74.740 40.237
-74.647 40.379
-74.651 40.326
-74.765 40.398
-74.650 40.350
-74.699 40.193
-74.659 40.211
-74.685 40.241
-74.694 40.195
-74.774 40.285
-74.680 40.260
-74.486 40.271
-74.763 40.232
-74.743 40.258
-74.748 40.212
-74.633 40.331
-74.663 40.187
-74.570 40.231
-74.707 40.199
-74.787 40.274
-74.683 40.183
-74.654 40.181
-74.622 40.283
-74.762 40.241
-74.619 40.232
-74.753 40.297
-74.662 40.239
-74.776 40.252
-74.777 40.245
-74.746 40.291
-74.598 40.285
-74.696 40.242
-74.611 40.293
-74.712 40.239
-74.725 40.220
-74.568 40.273
-74.503 40.252
-74.745 40.249
-74.789 40.238
-74.718 40.273
-74.632 40.189
-74.552 40.285
-74.734 40.223
-74.532 40.242
-74.799 40.236
-74.667 40.241
-74.676 40.199
-74.810 40.256
-74.531 40.268
-74.739 40.217
-74.749 40.230
-74.764 40.266
-74.702 40.201
-74.610 40.316
-74.739 40.208
-74.777 40.236
-74.717 40.201
-74.491 40.270
-74.809 40.237
-74.665 40.381
-74.639 40.275
-74.488 40.262
-74.734 40.301
-74.668 40.222
-74.793 40.253
-74.599 40.222
-74.655 40.225
-74.672 40.351
-74.767 40.220
-74.744 40.203
-74.630 40.308
-74.731 40.210
-74.772 40.301
-74.732 40.199
-74.616 40.202
-74.625 40.260
-74.776 40.226
-74.777 40.273
-74.642 40.219
-74.742 40.226
-74.770 40.329
-74.703 40.228
-74.559 40.260
-74.663 40.196
-74.608 40.237
-74.719 40.189
-74.669 40.345
-74.647 40.365
-74.750 40.215
-74.618 40.299
-74.690 40.192
-74.529 40.285
-74.563 40.272
-74.794 40.281
-74.791 40.319
-74.710 40.223
-74.786 40.229
-74.525 40.263
-74.713 40.195
-74.629 40.376
-74.732 40.281
-74.766 40.279
-74.693 40.232
-74.677 40.324
-74.749 40.201
-74.830 40.362
-74.835 40.281
-74.673 40.239
-74.771 40.244
-74.636 40.363
-74.487 40.273
-74.726 40.274
-74.764 40.249
-74.727 40.238
-74.637 40.347
-74.751 40.207
-74.740 40.298
-74.790 40.325
-74.674 40.235
-74.597 40.304
-74.689 40.277
-74.718 40.228
-74.740 40.355
-74.806 40.248
-74.746 40.218
-74.790 40.297
-74.737 40.222
-74.741 40.307
-74.754 40.236
-74.755 40.220
-74.750 40.279
-74.712 40.318
-74.705 40.257
-74.731 40.322
-74.644 40.210
-74.630 40.241
-74.752 40.218
-74.674 40.209
-74.654 40.220
-74.689 40.338
-74.679 40.219
-74.659 40.347
-74.733 40.217
-74.845 40.282
-74.649 40.232
-74.711 40.212
-74.788 40.266
-74.621 40.157
-74.773 40.228
-74.728 40.224
-74.737 40.203
-74.767 40.225
-74.655 40.309
-74.519 40.272
-74.700 40.361
-74.664 40.364
-74.743 40.211
-74.836 40.251
-74.788 40.255
-74.727 40.262
-74.637 40.231
-74.765 40.215
-74.791 40.331
-74.779 40.367
-74.770 40.255
-74.757 40.231
-74.527 40.274
-74.580 40.287
-74.582 40.271
-74.667 40.253
-74.572 40.266
-74.801 40.267
-74.740 40.213
-74.558 40.278
-74.734 40.267
-74.507 40.277
-74.746 40.244
-74.804 40.242
-74.691 40.246
-74.762 40.210
-74.725 40.206
-74.625 40.222
-74.829 40.304
-74.744 40.207
-74.686 40.214
-74.681 40.238
-74.707 40.193
-74.843 40.270
-74.702 40.215
-74.664 40.352
-74.653 40.339
-74.681 40.369
-74.758 40.208
-74.814 40.277
-74.724 40.215
-74.748 40.268
-74.792 40.261
-74.549 40.267
-74.683 40.189
-74.744 40.241
-74.672 40.256
-74.654 40.356
-74.656 40.244
-74.769 40.387
-74.766 40.273
-74.761 40.304
-74.756 40.203
-74.758 40.391
-74.698 40.292
-74.628 40.297
-74.793 40.232
-74.646 40.357
-74.642 40.226
-74.776 40.259
-74.770 40.233
-74.724 40.254
-74.779 40.224
-74.676 40.188
-74.741 40.192
-74.792 40.242
-74.692 40.224
-74.691 40.202
-74.653 40.289
-74.786 40.245
-74.664 40.169
-74.698 40.237
-74.677 40.229
-74.112 40.946
-74.105 40.948
-74.108 40.940
-74.106 40.933
-74.126 40.921
-74.128 40.916
-74.117 40.915
-74.127 40.911
-74.114 40.907
-74.126 40.906
-74.044 40.978
-74.045 40.984
-74.118 40.842
-74.107 40.836
-74.112 40.838
-74.116 40.833
-74.102 40.824
-74.112 40.829
-74.105 40.830
-74.101 40.817
-73.995 40.821
-73.986 40.837
-74.005 40.832
-74.001 40.830
-73.995 40.829
-74.086 40.914
-74.078 40.910
-74.073 40.905
-74.024 40.928
-74.024 40.925
-74.023 40.933
-74.015 40.935
-74.134 40.798
-74.127 40.801
-74.129 40.806
-74.122 40.805
-74.125 40.796
-74.112 40.808
-74.116 40.806
-74.089 40.999
-74.120 40.993
-74.110 41.005
-74.056 40.897
-74.049 40.898
-74.031 40.888
-74.038 40.899
-74.041 40.894
-74.058 40.890
-74.046 40.894
-74.032 40.881
-74.226 40.989
-74.182 40.983
-74.236 41.022
-74.226 41.005
-74.223 41.030
-74.214 41.040
-74.200 41.023
-74.164 41.018
-74.051 40.894
-74.041 40.886
-73.961 40.862
-73.970 40.857
-73.958 40.857
-74.098 40.933
-74.103 40.927
-74.106 40.923
-73.976 40.860
-73.971 40.863
-73.966 40.865
-74.123 40.900
-73.973 40.841
-73.963 40.850
-73.969 40.841
-74.026 40.989
-74.044 40.991
-74.040 40.994
-74.034 40.986
-74.052 40.986
-74.051 40.995
-74.155 41.045
-74.128 41.069
-74.157 41.064
-74.054 40.920
-74.060 40.931
-74.074 40.919
-74.003 40.942
-73.998 40.951
-74.003 40.945
-74.019 40.941
-74.019 40.947
-74.103 40.783
-74.100 40.799
-74.107 40.999
-74.136 41.009
-74.054 40.892
-74.050 40.882
-74.064 40.881
-74.050 40.890
-74.057 40.877
-74.052 40.887
-74.056 40.884
-74.062 40.877
-74.212 41.016
-74.201 40.997
-74.189 41.031
-74.165 41.035
-73.971 40.854
-73.973 40.848
-73.976 40.852
-73.981 40.845
-73.968 40.859
-73.972 40.843
-73.977 40.843
-74.001 40.813
-73.982 40.894
-73.974 40.883
-73.974 40.874
-73.959 40.870
-73.965 40.836
-73.981 40.812
-74.129 41.040
-74.059 40.989
-74.108 40.852
-74.105 40.847
-74.116 40.857
-74.115 40.853
-74.110 41.014
-73.989 40.830
-73.976 40.834
-73.981 40.834
-73.985 40.829
-73.981 40.827
-73.990 40.827
-73.992 40.824
-73.983 40.822
-74.154 41.051
-74.069 40.928
-73.993 40.839
-73.986 40.846
-73.992 40.848
-73.993 40.851
-73.999 40.838
-73.991 40.842
-74.009 40.949
-74.049 40.836
-74.057 40.823
-74.095 40.803
-74.068 40.894
-74.077 40.900
-74.097 41.020
-74.051 41.017
-74.060 40.857
-74.044 40.878
-74.047 40.875
-74.033 40.874
-74.061 40.887
-74.041 40.871
-74.041 40.856
-74.138 40.935
-74.130 40.931
-74.140 40.945
-74.132 40.940
-73.953 40.876
-73.978 40.899
-73.945 40.898
-73.967 40.886
-74.143 41.035
-73.988 40.952
-73.986 40.944
-73.992 40.945
-73.979 40.951
-74.139 41.024
-74.144 41.017
-74.130 41.015
-74.119 41.015
-73.986 40.824
-73.989 40.821
-73.986 40.817
-73.998 40.817
-73.991 40.817
-73.986 40.885
-74.095 40.917
-74.016 41.030
-74.029 40.996
-74.015 40.986
-73.997 40.847
-74.004 40.848
-74.003 40.847
-73.997 40.853
-74.000 40.851
-74.058 40.967
-74.072 40.841
-74.093 41.076
-74.087 41.064
-74.072 40.886
-74.076 40.878
-74.093 40.856
-74.079 40.877
-74.067 41.007
-74.040 41.011
-74.051 41.005
-74.034 40.853
-74.030 40.862
-74.037 40.863
-74.100 40.961
-74.121 40.953
-74.124 40.959
-74.127 40.943
-74.124 40.932
-74.112 40.932
-74.116 40.938
-74.119 40.948
-74.119 40.943
-73.943 40.882
-73.960 40.902
-73.964 40.893
-73.973 40.899
-74.014 40.978
-73.972 40.950
-73.963 40.947
-73.973 40.944
-73.979 40.945
-73.975 40.937
-73.947 40.965
-74.112 41.053
-74.109 41.067
-74.004 40.885
-73.996 40.884
-73.996 40.893
-73.989 40.896
-73.994 40.904
-73.986 40.904
-74.040 40.925
-74.040 40.928
-74.038 40.921
-74.100 40.978
-74.136 41.064
-74.132 41.051
-74.090 41.052
-74.074 41.032
-74.052 41.044
-74.084 40.874
-74.079 40.885
-74.085 40.893
-74.092 40.892
-74.088 40.884
-74.040 41.004
-74.027 41.001
-74.027 41.012
-74.135 40.955
-74.140 40.959
-74.133 40.968
-74.129 40.976
-74.119 40.976
-74.020 40.978
-74.031 40.981
-74.114 40.925
-74.128 40.926
-74.137 40.926
-74.119 40.925
-74.120 40.919
-73.953 40.976
-73.969 40.979
-73.968 40.971
-74.181 41.009
-73.960 40.914
-73.951 40.908
-73.938 40.913
-73.997 40.812
-73.995 40.809
-73.993 40.813
-74.007 40.896
-74.003 40.901
-74.011 40.889
-74.014 40.900
-74.073 40.990
-74.101 40.973
-74.105 40.983
-74.111 40.991
-74.064 41.028
-74.057 41.037
-74.043 41.031
-74.055 40.955
-74.046 40.959
-74.048 40.950
-74.047 40.938
-74.039 40.951
-74.090 40.879
-74.004 40.938
-74.007 40.934
-74.001 40.932
-74.008 40.929
-74.010 40.923
-73.985 40.972
-73.969 40.960
-73.991 40.957
-74.000 40.964
-74.124 40.967
-74.110 40.955
-74.104 40.967
-74.167 41.002
-74.177 40.994
-74.083 40.850
-74.044 40.970
-73.955 40.929
-73.964 40.938
-73.963 40.919
-73.971 40.908
-73.969 40.916
-73.977 40.908
-74.021 40.893
-74.014 40.881
-74.121 41.032
-74.094 41.038
-74.101 40.990
-74.156 40.982
-74.141 40.975
-74.114 40.983
-74.046 41.024
-74.028 41.026
-74.091 40.968
-74.035 40.946
-74.033 40.939
-74.033 40.976
-74.035 40.962
-74.065 41.057
-74.021 41.045
-74.038 41.051
-74.039 41.039
-74.065 40.871
-74.078 40.873
-74.084 40.870
-74.090 40.868
-74.069 40.867
-74.072 40.865
-74.114 40.964
-74.112 40.973
-74.099 40.888
-74.109 40.896
-73.975 40.922
-73.964 40.930
-73.977 40.925
-73.978 40.931
-73.970 40.931
-73.987 40.832
-74.095 40.923
-74.107 40.917
-74.096 40.913
-74.105 40.913
-74.103 40.910
-74.123 40.984
-74.121 41.001
-74.102 40.837
-74.098 40.845
-74.095 40.841
-74.089 40.847
-74.092 40.840
-74.100 40.941
-74.084 40.955
-74.094 40.981
-74.026 40.958
-74.016 40.954
-74.004 41.033
-74.012 41.011
-73.998 41.007
-74.022 41.039
-74.026 41.033
-74.130 40.985
-74.128 41.000
-74.135 40.989
-74.002 40.925
-74.008 40.907
-74.004 40.918
-74.013 40.915
-74.006 40.912
-73.997 40.908
-74.108 40.889
-74.122 40.893
-74.098 40.880
-74.100 40.875
-74.098 40.884
-74.107 40.885
-74.113 40.886
-74.093 40.905
-74.094 40.899
-74.099 40.894
-74.121 40.837
-74.114 40.846
-74.089 40.839
-74.096 40.836
-74.081 40.814
-74.018 40.869
-74.016 40.862
-74.087 40.976
-74.082 40.967
-74.077 40.974
-74.062 40.978
-74.231 41.034
-74.028 40.865
-74.027 40.867
-74.018 40.875
-74.027 40.870
-74.020 40.884
-74.153 40.989
-74.144 40.989
-74.137 40.997
-74.137 41.004
-74.148 40.998
-73.984 40.909
-73.977 40.916
-73.989 40.916
-73.996 40.917
-73.987 40.922
-73.986 40.930
-74.075 40.865
-74.088 40.865
-74.075 40.862
-74.079 40.861
-74.078 40.858
-74.059 40.843
-74.014 40.856
-74.017 40.851
-74.019 40.844
-74.006 40.820
-74.071 40.966
-74.083 40.960
-74.065 40.952
-74.085 40.940
-74.025 40.878
-74.026 40.873
-74.025 40.886
-73.945 41.005
-73.971 41.018
-73.963 41.002
-73.959 41.016
-74.154 41.007
-74.062 40.913
-74.064 40.907
-74.067 40.902
-74.056 40.909
-74.245 41.045
-73.987 40.926
-73.995 40.923
-73.984 40.939
-73.986 40.935
-73.992 40.938
-73.994 40.934
-73.995 40.928
-74.026 40.849
-74.087 40.853
-74.080 40.844
-74.082 40.854
-74.077 40.854
-74.117 40.885
-74.123 40.885
-74.105 40.880
-74.109 40.878
-74.108 40.872
-74.066 40.941
-74.052 40.942
-74.057 40.939
-74.037 40.936
-74.044 40.918
-73.952 41.013
-74.142 40.786
-74.140 40.788
-74.122 40.780
-74.116 40.792
-74.136 40.794
-74.137 40.791
-74.226 41.044
-74.208 41.077
-74.153 41.101
-74.026 40.855
-74.048 40.852
-74.020 40.831
-74.035 40.845
-73.987 41.020
-73.974 40.988
-74.052 40.859
-74.094 40.872
-74.101 40.870
-74.107 40.869
-74.133 40.787
-74.130 40.786
-74.023 40.918
-74.040 40.929
-74.023 40.923
-74.137 41.096
-74.123 41.084
-74.174 41.097
-74.134 40.804
-74.135 40.809
-74.133 40.812
-74.037 40.837
-74.045 40.847
-74.005 40.872
-73.989 40.866
-73.977 40.999
-73.996 40.995
-74.009 40.992
-74.114 40.877
-74.106 40.858
-74.104 40.866
-74.101 40.857
-74.119 40.825
-74.132 40.815
-74.126 40.819
-74.117 40.814
-74.114 40.820
-74.122 40.815
-74.125 40.810
-73.982 40.853
-73.981 40.865
-73.991 40.861
-73.994 40.867
-73.995 40.857
-73.987 40.856
-73.988 40.983
-74.009 40.975
-73.941 40.974
-73.950 40.955
-74.086 40.986
-74.068 40.997
-74.107 41.009
-74.036 40.913
-74.022 40.902
-74.020 40.911
-74.046 40.911
-73.954 40.949
-73.947 40.936
-73.933 41.003
-74.033 40.907
-74.047 40.907
-74.029 40.896
-74.051 40.904
-74.059 40.903
-74.062 40.896
-73.920 40.962
-73.946 40.990
-74.257 41.018
-74.242 41.011
