-104.430 36.907
-105.025 36.724
-105.248 36.470
-104.431 36.890
-104.443 36.899
-104.259 36.385
-104.221 36.761
-104.405 36.891
-104.491 36.553
-104.728 36.852
-104.991 36.418
-104.449 36.943
-104.436 36.898
-104.213 36.953
-104.476 36.908
-104.448 36.904
-104.476 36.946
-104.727 36.385
-104.450 36.898
-103.459 35.365
-103.949 34.734
-103.713 35.162
-103.203 35.566
-103.720 35.175
-103.724 35.185
-103.589 35.045
-103.726 35.163
-103.235 35.168
-103.912 34.996
-103.531 34.821
-103.822 35.204
-105.934 32.906
-103.216 35.895
-103.275 36.195
-105.696 32.878
-105.933 32.896
-105.983 32.842
-105.949 32.919
-103.095 36.440
-103.170 36.361
-103.444 36.533
-103.725 36.746
-105.919 32.910
-106.036 32.930
-105.379 32.164
-105.938 32.913
-105.945 32.882
-105.941 32.905
-105.853 32.849
-105.946 32.315
-105.949 32.904
-105.940 32.897
-106.190 32.494
-105.612 33.178
-105.957 32.895
-105.949 32.912
-106.012 32.849
-105.539 32.760
-106.257 32.864
-105.925 33.058
-105.956 32.938
-105.999 33.254
-105.936 32.934
-105.956 32.912
-106.181 33.205
-105.459 32.917
-105.209 32.448
-105.881 33.152
-105.733 32.632
-105.929 32.909
-105.949 32.895
-105.957 32.904
-105.926 32.884
-105.918 32.902
-105.949 32.848
-106.338 32.057
-105.895 32.989
-103.366 32.950
-103.263 32.792
-103.444 32.149
-103.153 32.678
-103.132 32.734
-103.119 32.723
-103.473 32.401
-103.109 32.443
-103.096 32.630
-103.141 32.713
-103.135 32.156
-103.132 32.723
-103.141 32.739
-103.148 32.731
-103.291 33.361
-103.629 33.328
-103.586 32.856
-103.565 33.036
-103.222 33.056
-103.141 32.729
-103.152 32.739
-103.354 32.935
-103.104 32.755
-103.341 32.970
-103.140 32.721
-103.136 32.701
-103.122 32.713
-103.097 32.733
-103.131 32.715
-103.131 32.692
-103.246 32.715
-103.491 32.637
-103.160 32.704
-103.139 32.692
-103.132 32.708
-103.127 32.925
-103.181 32.751
-103.265 32.893
-103.097 32.704
-103.090 32.718
-103.106 32.799
-103.348 32.938
-103.354 32.951
-105.657 36.518
-105.691 36.171
-105.582 36.401
-105.560 36.371
-105.674 36.410
-105.583 36.361
-105.539 36.459
-105.882 36.328
-105.597 36.430
-105.409 36.684
-105.527 36.814
-105.522 36.540
-105.756 36.175
-105.772 36.258
-105.637 36.359
-105.660 36.144
-105.569 36.559
-105.667 36.198
-105.583 36.411
-105.579 36.623
-105.617 36.934
-105.662 36.103
-105.655 36.300
-105.837 36.708
-105.429 36.489
-105.709 36.189
-105.544 36.124
-105.581 36.680
-105.760 36.140
-105.698 36.228
-105.491 36.265
-105.419 36.365
-105.571 36.402
-105.618 36.718
-105.326 36.892
-105.720 36.112
-108.257 32.808
-108.301 32.879
-108.720 33.022
-108.770 32.753
-108.278 32.772
-108.334 32.799
-108.291 32.763
-108.262 32.834
-108.333 32.702
-108.149 33.038
-108.287 32.777
-108.269 32.772
-107.879 32.703
-108.390 32.469
-108.274 32.788
-108.160 32.753
-108.076 32.718
-108.264 32.790
-108.933 33.068
-108.271 32.778
-108.127 33.158
-108.113 32.846
-108.201 32.738
-108.252 32.755
-108.158 32.778
-107.948 32.982
-108.106 32.613
-108.380 32.037
-108.146 32.730
-108.126 32.711
-108.137 32.765
-108.454 32.992
-108.277 32.727
-108.184 32.773
-108.240 32.801
-106.654 35.232
-106.687 35.233
-106.382 35.291
-106.600 35.287
-106.636 35.354
-106.488 35.304
-106.687 35.267
-106.613 35.256
-106.720 35.249
-106.731 35.246
-106.789 35.730
-106.619 35.292
-106.257 35.851
-106.542 35.326
-106.711 35.775
-106.738 35.609
-106.970 36.157
-106.561 35.301
-106.450 35.803
-106.406 35.345
-106.653 35.269
-106.512 35.250
-106.287 35.623
-106.652 35.274
-106.620 35.693
-106.639 35.250
-106.629 35.234
-106.692 35.246
-106.689 35.285
-106.607 35.347
-106.635 35.223
-106.622 35.267
-106.922 36.044
-106.389 35.533
-106.622 35.245
-106.669 35.920
-107.371 36.129
-106.763 35.283
-106.607 35.278
-106.306 35.328
-106.859 35.253
-106.706 35.298
-106.708 35.286
-106.671 35.232
-106.584 35.334
-106.594 35.432
-106.387 35.609
-106.701 35.258
-106.648 35.248
-106.761 35.250
-106.667 35.251
-106.665 35.244
-106.589 35.292
-106.710 35.252
-106.596 35.323
-106.544 35.304
-106.600 35.242
-106.702 35.247
-106.635 35.212
-106.654 35.262
-106.436 35.299
-106.686 35.251
-106.680 35.257
-106.679 35.246
-106.710 35.502
-106.852 35.378
-106.783 35.313
-106.552 35.314
-106.452 35.375
-106.460 35.456
-106.691 35.259
-106.664 35.238
-107.026 35.964
-106.570 35.312
-106.784 35.328
-107.192 35.766
-106.657 35.256
-107.044 35.572
-106.350 35.656
-107.223 36.004
-106.432 36.111
-106.023 36.570
-106.205 36.373
-107.032 36.397
-105.801 36.058
-107.234 36.768
-106.612 36.177
-106.097 36.004
-106.001 36.079
-105.851 36.022
-105.837 36.165
-106.191 35.979
-106.817 36.877
-106.452 36.713
-106.072 35.950
-106.452 36.579
-105.964 36.027
-106.798 36.250
-106.160 36.676
-106.509 36.897
-106.324 36.250
-105.909 36.192
-105.914 36.021
-106.096 36.072
-107.428 36.409
-106.080 36.005
-106.037 36.223
-106.050 36.025
-106.083 35.989
-106.056 36.398
-106.090 36.098
-106.058 36.047
-106.495 36.434
-106.015 36.022
-106.070 35.978
-106.147 36.923
-106.063 36.006
-106.175 36.048
-105.970 36.123
-106.719 36.664
-105.683 36.047
-106.145 36.182
-107.237 33.145
-107.542 32.826
-107.255 33.127
-107.333 33.175
-107.511 33.092
-107.287 33.096
-106.853 33.162
-107.240 33.132
-107.654 33.320
-105.578 33.424
-105.652 33.380
-105.107 33.811
-105.646 33.359
-105.687 33.319
-105.657 33.337
-105.589 33.364
-105.400 34.122
-105.753 33.427
-105.108 33.363
-105.360 33.572
-105.446 33.384
-105.770 33.798
-105.903 33.506
-105.699 33.366
-105.551 33.322
-105.623 33.441
-105.589 33.495
-105.518 33.702
-105.736 33.505
-106.166 33.551
-104.382 34.857
-104.566 35.088
-104.856 34.813
-105.155 35.094
-105.083 34.566
-104.530 33.418
-104.323 33.492
-104.621 33.781
-103.969 33.156
-104.778 33.460
-104.577 33.409
-104.385 33.330
-104.526 33.376
-104.528 33.383
-104.516 33.418
-104.550 33.384
-104.537 33.376
-103.945 33.502
-104.533 33.387
-104.701 33.350
-104.517 33.384
-104.510 33.404
-104.475 33.339
-104.510 33.443
-104.530 33.354
-104.539 33.392
-104.565 33.325
-104.514 33.400
-104.519 33.442
-104.525 33.292
-105.100 32.814
-104.492 33.464
-104.516 33.391
-108.497 33.521
-108.462 33.850
-108.696 34.313
-108.902 33.901
-108.012 34.043
-108.722 33.349
-104.507 33.361
-104.530 33.362
-104.556 33.389
-104.574 33.219
-104.541 33.434
-104.537 33.383
-104.532 33.376
-104.519 33.427
-104.407 33.603
-104.539 33.369
-104.504 33.432
-104.470 33.283
-104.514 33.096
-104.493 33.008
-104.548 33.412
-104.557 33.392
-104.552 33.357
-104.514 33.377
-104.545 33.397
-104.465 33.377
-104.528 33.392
-104.528 33.369
-104.525 33.400
-104.530 33.407
-104.044 33.848
-104.541 33.427
-104.519 33.434
-103.188 34.427
-103.161 34.412
-103.183 34.412
-103.202 34.423
-103.146 34.474
-103.201 34.412
-103.241 34.412
-103.232 34.516
-103.210 34.412
-103.187 34.437
-103.210 34.423
-103.192 34.416
-103.213 34.386
-103.161 34.434
-103.213 34.401
-103.375 34.532
-103.092 34.357
-103.293 34.420
-103.235 34.397
-103.223 34.431
-103.171 34.386
-103.461 34.648
-103.302 34.389
-103.192 34.408
-103.196 34.401
-103.615 34.455
-103.115 34.594
-103.219 34.412
-103.168 34.824
-103.164 34.400
-103.223 34.423
-103.205 34.431
-103.369 34.362
-103.227 34.412
-103.198 34.341
-103.188 34.444
-103.354 34.771
-106.815 32.325
-106.812 32.281
-106.619 32.270
-106.835 32.568
-106.784 32.322
-106.813 32.363
-106.779 32.324
-106.789 32.319
-106.828 32.402
-106.728 32.375
-106.791 32.355
-106.849 32.398
-106.805 32.265
-106.778 32.317
-106.734 32.304
-106.481 32.271
-106.774 32.313
-106.801 32.326
-107.199 32.473
-106.745 32.348
-106.750 32.294
-106.593 31.807
-106.687 32.175
-107.210 32.742
-106.771 32.325
-107.027 31.969
-106.791 32.291
-106.790 32.343
-106.741 32.274
-106.664 32.129
-106.771 32.296
-106.894 32.465
-106.748 31.813
-106.758 32.299
-106.755 32.293
-106.782 32.357
-106.692 32.110
-106.800 32.318
-107.033 32.213
-106.773 32.336
-106.785 32.311
-106.756 32.322
-106.736 32.248
-106.872 32.363
-106.407 32.050
-106.756 32.304
-106.752 32.288
-106.860 32.314
-106.766 32.291
-106.752 32.300
-106.638 32.082
-106.762 32.332
-106.826 32.328
-106.790 32.331
-106.752 32.335
-106.634 32.052
-106.624 32.018
-106.773 32.310
-106.636 31.966
-106.714 32.335
-106.802 32.376
-106.803 32.339
-106.407 32.011
-106.766 32.255
-107.019 32.492
-106.734 32.314
-106.759 32.308
-106.773 32.303
-106.723 32.299
-106.646 32.446
-106.739 32.294
-106.774 32.370
-106.767 32.305
-106.757 32.313
-106.750 32.309
-106.791 32.325
-107.255 32.669
-106.754 32.381
-106.680 32.234
-106.833 32.358
-106.597 32.024
-107.021 32.679
-106.773 32.318
-106.785 32.237
-106.721 32.271
-106.755 32.267
-106.565 31.797
-106.763 32.282
-107.155 32.673
-106.747 32.301
-106.856 32.144
-106.703 32.312
-106.760 32.362
-106.576 32.721
-106.742 32.307
-106.735 32.309
-106.731 32.301
-106.809 32.304
-106.779 32.278
-106.784 32.301
-106.719 32.356
-106.684 31.918
-106.728 32.209
-106.768 32.329
-106.709 32.288
-106.777 32.269
-106.708 32.429
-107.035 32.338
-106.745 32.293
-106.589 32.008
-106.553 32.084
-106.781 32.340
-106.764 32.319
-106.656 32.362
-106.749 32.283
-108.638 31.664
-108.992 31.919
-108.867 32.386
-108.937 32.677
-108.710 32.345
-108.641 32.254
-104.124 36.024
-103.636 35.758
-106.299 35.885
-106.312 35.895
-106.197 35.828
-106.278 35.891
-106.293 35.818
-106.348 35.928
-106.207 35.820
-106.202 35.822
-106.270 35.879
-106.375 35.877
-106.327 35.898
-106.276 35.860
-106.340 35.891
-106.189 35.817
-106.277 35.934
-106.216 35.822
-106.313 35.888
-104.566 34.314
-104.114 34.225
-105.388 36.058
-105.357 36.031
-105.189 35.955
-104.904 35.900
-105.174 35.859
-104.570 36.015
-105.358 36.175
-104.262 34.520
-104.178 34.603
-107.372 35.230
-107.277 35.108
-107.684 35.323
-108.630 34.736
-107.813 35.152
-107.889 35.214
-107.843 35.152
-107.857 35.147
-107.522 35.027
-107.566 35.123
-107.832 35.159
-108.038 35.151
-108.336 34.982
-108.250 35.251
-107.704 35.208
-107.216 35.013
-107.835 35.171
-107.821 35.154
-107.995 34.931
-108.002 35.260
-107.381 34.792
-107.832 35.150
-107.487 35.012
-107.464 35.114
-107.736 34.799
-104.421 32.815
-104.242 32.444
-103.983 32.156
-107.763 32.247
-107.847 32.249
-107.743 32.265
-107.492 32.044
-107.753 32.268
-108.047 32.362
-104.404 32.808
-104.531 32.797
-104.263 32.873
-104.268 32.305
-104.230 32.404
-104.744 32.265
-103.987 32.795
-107.763 32.262
-107.993 32.054
-107.802 31.855
-107.742 32.249
-107.627 32.257
-104.254 32.425
-104.405 32.841
-104.239 32.447
-104.147 32.337
-104.464 32.933
-104.233 32.432
-104.166 32.402
-104.425 32.832
-104.732 32.773
-104.192 32.396
-104.392 32.707
-104.241 32.419
-104.231 32.384
-104.114 32.580
-104.231 32.417
-104.398 32.866
-104.241 32.425
-103.963 32.443
-104.242 32.432
-104.269 32.434
-105.005 36.144
-105.245 36.150
-105.511 35.931
-105.288 35.989
-104.244 32.408
-104.210 32.369
-104.262 32.418
-104.573 32.540
-104.478 32.132
-104.233 32.425
-107.590 32.444
-104.252 32.433
-104.225 32.429
-104.245 32.440
-104.417 32.378
-104.503 32.872
-108.002 36.832
-108.801 36.473
-108.192 36.714
-108.830 36.928
-108.148 36.789
-107.785 36.940
-108.225 36.725
-108.201 36.740
-108.119 36.726
-107.946 36.796
-108.380 36.743
-107.988 36.926
-108.610 36.087
-108.178 36.752
-108.208 36.763
-108.856 36.251
-108.413 36.333
-107.871 36.838
-108.118 36.802
-108.055 36.662
-107.819 36.577
-108.095 36.850
-108.180 36.095
-108.040 36.850
-108.129 36.705
-108.309 36.747
-108.962 36.133
-108.043 36.791
-107.909 36.734
-107.988 36.706
-107.996 36.742
-108.140 36.763
-108.174 36.744
-108.178 36.726
-108.266 36.749
-108.316 36.729
-108.052 36.721
-108.229 36.745
-108.071 36.802
-108.164 36.806
-108.407 36.804
-108.693 36.275
-108.157 36.768
-108.588 36.771
-108.312 36.687
-108.133 36.784
-108.216 36.732
-108.018 36.406
-108.193 36.766
-108.296 36.916
-108.178 36.765
-108.194 36.745
-108.202 36.752
-108.350 36.754
-108.025 36.768
-108.376 36.732
-108.209 36.744
-108.211 36.737
-108.173 36.675
-107.651 36.816
-108.186 36.745
-108.188 36.735
-108.962 36.811
-108.792 36.651
-107.988 36.834
-107.783 36.164
-108.630 36.905
-108.057 36.695
-108.695 36.812
-108.664 36.180
-108.810 36.760
-108.191 36.752
-107.993 36.811
-108.416 36.581
-108.164 36.754
-108.108 36.759
-107.950 36.747
-106.883 34.019
-107.014 34.406
-106.892 34.080
-106.916 34.041
-107.481 34.246
-106.650 34.374
-107.012 34.128
-106.879 34.048
-106.791 34.254
-107.175 33.930
-106.923 33.994
-106.900 34.141
-106.907 34.071
-106.904 34.089
-106.879 34.103
-106.898 34.074
-106.883 34.075
-106.971 34.287
-106.904 34.055
-106.906 34.205
-106.915 34.058
-106.650 34.063
-107.427 34.483
-106.206 34.058
-106.683 33.693
-107.479 33.764
-105.022 35.680
-105.239 35.600
-105.212 35.665
-105.467 35.349
-105.218 35.592
-105.690 35.727
-105.233 35.633
-105.242 35.619
-105.590 35.175
-105.340 35.721
-105.365 35.200
-105.398 35.665
-105.216 35.615
-105.130 35.233
-105.230 35.589
-105.669 35.414
-104.607 35.501
-105.201 35.413
-105.228 35.574
-105.219 35.599
-104.011 35.453
-105.277 35.356
-105.142 35.524
-105.220 35.604
-105.564 35.404
-105.429 35.837
-105.235 35.778
-105.583 35.647
-103.344 34.189
-103.341 34.181
-103.325 34.192
-103.348 34.168
-103.756 34.308
-103.320 34.110
-103.169 34.223
-103.302 33.799
-103.344 34.127
-103.389 34.252
-103.432 34.084
-103.121 33.819
-103.332 34.181
-103.426 34.156
-103.333 34.175
-103.656 33.915
-103.177 34.093
-103.339 34.197
-105.959 35.679
-105.834 35.338
-105.983 35.665
-105.954 35.862
-106.045 35.640
-105.907 35.544
-105.860 35.669
-105.948 35.663
-106.072 35.265
-105.860 35.812
-105.975 35.975
-105.924 35.591
-106.218 35.062
-105.946 35.678
-105.958 35.624
-106.092 35.114
-105.996 35.680
-105.978 35.641
-105.916 35.712
-105.944 35.696
-105.760 35.602
-106.037 35.994
-106.057 35.995
-106.125 35.676
-105.960 35.685
-105.940 35.670
-105.991 35.798
-105.885 35.761
-106.016 35.625
-106.145 35.427
-105.799 35.736
-105.970 35.680
-106.058 35.626
-105.988 35.666
-105.978 35.739
-106.032 35.631
-105.995 35.586
-105.987 35.644
-105.948 35.652
-105.979 35.656
-105.925 35.688
-105.979 35.648
-106.181 35.888
-105.966 35.692
-105.874 35.513
-105.928 35.886
-106.028 35.645
-106.103 35.063
-106.069 35.597
-106.002 35.643
-106.041 35.518
-105.956 35.705
-105.993 35.649
-105.972 35.671
-105.936 35.702
-106.190 35.620
-105.951 35.673
-105.844 35.600
-105.967 35.651
-105.812 35.918
-105.924 35.981
-105.988 35.653
-106.093 35.755
-106.041 35.926
-106.019 35.986
-105.927 35.648
-105.944 35.642
-106.080 35.850
-105.849 35.110
-105.948 35.690
-105.948 35.473
-106.218 35.113
-105.927 35.678
-106.081 35.902
-106.202 35.189
-105.951 35.684
-105.992 35.631
-105.960 35.660
-105.972 35.634
-105.932 35.670
-106.009 35.653
-105.971 35.662
-105.992 35.932
-105.964 35.668
-105.965 35.642
-105.940 35.682
-105.960 35.529
-105.957 34.440
-105.904 34.966
-106.097 34.939
-105.958 34.815
-106.236 34.399
-106.385 34.699
-105.573 34.756
-106.317 34.720
-106.183 34.997
-106.089 34.866
-106.365 34.532
-106.102 34.783
-106.034 34.681
-105.523 34.377
-106.254 34.811
-106.083 35.006
-106.511 35.111
-106.514 35.114
-106.501 35.119
-106.509 35.119
-106.511 35.121
-106.520 35.129
-106.520 35.126
-106.556 35.186
-106.564 35.190
-106.532 35.205
-106.573 35.163
-106.555 35.100
-106.556 35.104
-106.510 35.068
-106.491 35.077
-106.490 35.071
-106.501 35.075
-106.511 35.083
-106.509 35.074
-106.520 35.074
-106.682 35.099
-106.674 35.108
-106.682 35.120
-106.686 35.115
-106.595 35.206
-106.720 35.198
-106.709 35.213
-106.733 35.210
-106.547 35.134
-106.541 35.128
-106.529 35.127
-106.520 35.120
-106.522 35.112
-106.527 35.120
-106.531 35.120
-106.555 35.113
-106.555 35.107
-106.562 35.113
-106.566 35.113
-106.574 35.184
-106.582 35.167
-106.749 35.052
-106.524 35.091
-106.529 35.091
-106.536 35.090
-106.544 35.081
-106.537 35.076
-106.514 35.089
-106.518 35.082
-106.594 35.138
-106.627 35.169
-106.624 35.156
-106.530 35.114
-106.528 35.111
-106.535 35.120
-106.540 35.120
-106.620 35.204
-106.555 35.134
-106.748 35.046
-106.735 35.055
-106.750 35.057
-106.583 35.153
-106.563 35.142
-106.527 35.080
-107.040 35.092
-106.841 34.991
-106.506 35.061
-106.493 35.056
-106.564 35.079
-106.575 35.072
-106.575 35.082
-106.584 35.082
-106.610 35.145
-106.635 35.131
-106.560 35.129
-106.544 35.125
-106.556 35.125
-106.564 35.124
-106.565 35.119
-106.561 35.148
-106.556 35.163
-106.581 35.141
-106.579 35.139
-106.565 35.156
-106.574 35.156
-106.569 35.149
-106.576 35.149
-106.570 35.067
-106.572 35.067
-106.580 35.071
-106.575 35.063
-106.582 35.062
-106.590 35.063
-106.584 35.072
-106.589 35.083
-106.407 35.030
-106.670 34.980
-106.657 35.014
-106.642 35.085
-106.358 35.117
-106.750 35.191
-106.357 35.083
-106.564 35.163
-106.551 35.154
-106.543 35.147
-106.546 35.143
-106.563 35.136
-106.564 35.132
-106.502 35.127
-106.573 35.136
-106.589 35.120
-106.582 35.134
-106.591 35.127
-106.585 35.120
-106.572 35.124
-106.572 35.116
-106.487 35.049
-106.502 35.046
-106.511 35.051
-106.520 35.066
-106.653 35.077
-106.658 35.093
-106.650 35.090
-106.663 35.093
-106.658 35.089
-106.652 35.082
-106.658 35.083
-106.665 35.083
-106.527 35.057
-106.664 35.156
-106.730 35.049
-106.735 35.064
-106.510 35.127
-106.535 35.098
-106.540 35.098
-106.544 35.097
-106.547 35.099
-106.555 35.120
-106.538 35.104
-106.538 35.113
-106.578 35.121
-106.580 35.117
-106.575 35.112
-106.583 35.112
-106.573 35.132
-106.574 35.129
-106.582 35.127
-106.594 35.091
-106.545 35.070
-106.557 35.070
-106.564 35.067
-106.684 34.934
-106.530 35.026
-106.578 35.055
-106.606 35.065
-106.596 35.061
-106.672 35.087
-106.661 35.084
-106.740 35.080
-106.710 35.100
-106.856 35.132
-106.751 35.066
-106.747 35.090
-106.674 35.193
-106.722 35.189
-106.538 35.107
-106.547 35.106
-106.546 35.111
-106.547 35.115
-106.546 35.120
-106.677 35.071
-106.601 35.113
-106.589 35.113
-106.594 35.113
-106.582 35.106
-106.591 35.100
-106.597 35.104
-106.598 35.091
-106.593 35.083
-106.597 35.083
-106.594 35.070
-106.589 35.072
-106.600 35.083
-106.603 35.084
-106.597 35.074
-106.602 35.066
-106.706 35.115
-106.724 35.102
-106.725 35.113
-106.644 35.137
-106.635 35.146
-106.741 35.198
-106.690 35.156
-106.712 35.108
-106.691 35.070
-106.684 35.076
-106.508 35.142
-106.706 35.095
-106.673 35.077
-106.695 35.097
-106.594 35.096
-106.602 35.091
-106.602 35.075
-106.694 35.135
-106.606 35.076
-106.607 35.083
-106.611 35.076
-106.615 35.077
-106.706 35.122
-106.647 35.151
-106.651 35.144
-106.728 34.647
-106.673 34.565
-106.707 34.542
-106.602 35.164
-106.665 35.038
-106.451 35.167
-106.806 35.033
-106.564 35.174
-106.506 35.138
-106.506 35.133
-106.520 35.136
-106.542 35.138
-106.529 35.135
-106.607 35.091
-106.693 35.089
-106.699 35.085
-106.615 35.115
-106.608 35.102
-106.611 35.098
-106.716 35.121
-106.714 35.131
-106.612 35.085
-106.620 35.098
-106.620 35.084
-106.628 35.084
-106.654 35.156
-106.691 35.188
-106.780 34.657
-106.781 34.683
-106.692 35.201
-106.691 35.208
-106.683 35.213
-106.664 35.207
-106.538 35.134
-106.535 35.144
-106.526 35.142
-106.536 35.150
-106.534 35.156
-106.681 35.061
-106.525 35.146
-106.611 35.091
-106.615 35.097
-106.617 35.091
-106.707 35.084
-106.501 35.066
-106.689 35.081
-106.628 35.092
-106.635 35.084
-106.634 35.088
-106.626 35.103
-106.640 35.096
-106.681 35.171
-106.754 35.180
-106.701 35.168
-106.694 35.176
-106.711 35.156
-106.770 34.648
-106.753 34.643
-106.717 34.693
-106.757 34.674
-106.773 34.606
-106.781 34.554
-106.698 34.963
-106.707 34.968
-106.529 35.151
-106.512 35.183
-106.694 35.063
-106.722 35.045
-106.705 35.072
-106.705 35.078
-106.724 35.074
-106.716 35.065
-106.555 35.085
-106.564 35.085
-106.555 35.079
-106.704 35.141
-106.721 35.145
-106.711 35.149
-106.662 35.198
-106.698 35.149
-106.670 35.165
-106.699 35.158
-106.692 35.166
-106.656 35.130
-106.765 34.724
-106.702 34.749
-106.560 34.607
-106.561 34.769
-106.691 34.784
-106.684 34.816
-106.694 34.847
-106.660 34.804
-106.556 34.804
-106.694 35.004
-106.694 35.016
-106.687 35.024
-106.677 35.024
-106.734 35.019
-106.704 35.025
-106.688 35.032
-106.567 35.091
-106.545 35.091
-106.555 35.097
-106.564 35.102
-106.558 35.091
-106.572 35.096
-106.573 35.102
-106.667 35.215
-106.637 35.114
-106.649 35.123
-106.617 35.130
-106.649 35.127
-106.647 35.134
-106.672 35.141
-106.659 35.138
-106.675 35.134
-106.765 34.767
-106.743 34.772
-106.670 35.053
-106.672 35.043
-106.663 35.062
-106.671 35.064
-106.687 35.042
-106.682 35.053
-106.597 35.127
-106.602 35.127
-106.581 35.099
-106.584 35.098
-106.589 35.091
-106.572 35.091
-106.578 35.091
-106.584 35.091
-106.506 35.107
-106.502 35.103
-106.634 35.122
-106.652 35.115
-106.667 35.127
-106.602 35.044
-106.611 35.065
-106.615 35.071
-106.646 35.038
-106.695 34.864
-106.566 34.862
-106.680 34.835
-106.707 34.838
-106.626 35.186
-106.278 35.178
-106.353 35.193
-106.287 35.122
-106.342 35.147
-106.304 35.063
-106.285 34.986
-106.345 34.928
-106.227 34.905
-106.511 35.097
-106.712 35.005
-106.597 35.121
-106.599 35.118
-106.518 35.146
-106.708 35.055
-106.704 35.045
-106.502 35.149
-106.511 35.102
-106.493 35.112
-106.495 35.102
-106.485 35.122
-106.514 35.092
-106.502 35.098
-106.400 35.118
-106.646 35.177
-106.631 35.183
-106.653 35.099
-106.617 35.058
-106.635 35.054
-106.650 35.060
-106.648 35.076
-106.658 35.069
-106.714 34.846
-106.702 34.817
-106.712 34.788
-106.708 34.987
-106.492 35.184
-106.473 35.197
-106.489 35.164
-106.400 35.176
-106.520 35.096
-106.520 35.099
-106.511 35.156
-106.523 35.151
-106.513 35.150
-106.512 35.146
-106.548 35.163
-106.510 35.167
-106.454 35.129
-106.486 35.104
-106.490 35.094
-106.444 35.083
-106.484 35.083
-106.697 35.114
-106.642 35.104
-106.666 35.099
-106.658 35.100
-106.634 35.160
-106.647 35.065
-106.647 35.068
-106.633 35.064
-106.645 35.073
-106.619 35.064
-106.619 35.074
-106.633 35.081
-106.639 35.077
-107.003 34.680
-106.805 34.783
-106.748 34.798
-106.733 34.795
-106.752 34.849
-107.028 34.854
-106.529 35.098
-106.526 35.103
-106.519 35.106
-106.529 35.106
-106.502 35.112
-106.492 35.132
-106.494 35.127
-106.494 35.119
-106.533 35.163
-106.538 35.169
-106.556 35.171
-106.533 35.182
-106.547 35.181
-106.671 35.186
-106.653 35.197
-106.495 35.090
-106.493 35.083
-106.500 35.090
-106.504 35.090
-106.502 35.083
-106.513 35.062
-106.656 35.108
-106.663 35.115
-106.659 35.121
-106.672 35.116
-106.678 35.125
-106.623 35.067
-106.631 35.074
-106.622 35.078
-106.613 35.186
-106.593 35.188
-108.440 35.594
-108.866 35.646
-108.800 35.617
-107.694 35.457
-107.724 35.793
-107.951 35.698
-108.738 35.522
-108.642 35.516
-108.837 35.399
-108.949 35.552
-108.865 35.491
-108.426 35.511
-108.405 35.401
-108.728 35.513
-108.736 35.514
-108.744 35.514
-108.729 35.521
-108.707 35.911
-108.730 35.529
-108.740 35.527
-108.743 35.537
-108.752 35.521
-108.731 35.540
-108.762 35.514
-108.942 35.006
-108.683 35.028
-108.948 35.110
-108.679 35.528
-108.693 35.519
-108.705 35.529
-108.713 35.524
-108.728 35.499
-108.777 35.485
-108.798 35.506
-108.718 35.515
-108.811 35.522
-108.753 35.532
-108.986 35.443
-108.795 35.713
-108.806 35.562
-108.691 35.544
-108.528 35.823
-108.682 35.422
-108.848 35.262
-108.659 35.186
-108.504 35.135
-108.599 35.594
-108.548 35.417
-108.215 35.433
-108.274 35.372
-107.514 35.904
-108.162 35.847
-108.343 35.803
-108.218 35.689
-108.199 35.554
-108.977 35.719
-108.990 35.904
-108.860 35.880
