-119.943 38.969
-119.923 38.972
-119.767 39.088
-119.774 39.082
-119.757 39.060
-119.738 39.063
-119.721 38.843
-119.852 38.924
-119.769 38.969
-119.739 38.944
-119.728 38.961
-119.691 39.040
-119.063 38.804
-119.055 38.993
-119.175 38.968
-118.981 39.133
-119.208 39.168
-119.250 39.016
-119.174 39.325
-119.451 39.182
-119.394 39.392
-119.151 38.609
-119.612 39.247
-119.680 39.235
-119.651 39.251
-119.265 39.604
-119.154 39.635
-119.240 39.596
-119.358 38.873
-119.652 39.208
-119.531 39.286
-119.562 39.288
-119.506 39.318
-119.534 39.305
-119.555 39.260
-119.516 39.274
-119.555 39.246
-119.387 39.313
-119.179 39.409
-119.192 39.354
-119.253 39.430
-119.266 39.510
-119.166 39.546
-119.234 39.588
-119.231 39.597
-119.235 39.603
-119.247 39.601
-119.222 39.596
-119.221 39.590
-118.799 39.489
-119.208 39.593
-119.177 39.591
-118.787 39.481
-118.770 39.482
-119.764 38.889
-119.807 38.923
-119.749 38.904
-119.725 38.886
-119.133 39.585
-118.794 39.473
-118.525 39.805
-118.763 39.467
-118.778 39.469
-118.790 39.464
-118.975 39.428
-118.820 39.468
-118.563 39.220
-119.707 38.895
-119.742 39.003
-119.679 38.923
-119.514 38.985
-119.638 38.850
-119.723 38.906
-118.772 39.454
-118.809 39.565
-118.847 39.485
-118.754 39.402
-118.016 39.558
-118.972 39.795
-119.026 39.501
-118.866 39.296
-118.798 39.467
-118.791 39.465
-119.737 38.913
-119.752 38.941
-119.739 38.939
-118.793 39.471
-118.792 39.470
-118.794 39.467
-118.793 39.468
-118.786 39.466
-118.784 39.467
-118.783 39.465
-118.787 39.481
-119.770 38.951
-119.800 39.066
-119.836 39.009
-119.785 38.963
-119.901 38.963
-118.774 39.466
-118.765 39.466
-118.767 39.471
-118.767 39.470
-118.763 39.469
-118.768 39.467
-118.790 39.464
-119.922 38.994
-119.929 39.009
-119.923 39.027
-119.920 39.075
-119.846 39.086
-119.732 38.894
-119.733 38.889
-119.492 38.777
-119.453 38.677
-119.714 39.063
-119.757 39.034
-119.975 39.049
-114.933 39.538
-114.861 39.252
-114.872 39.246
-114.869 39.300
-114.887 39.255
-115.178 38.951
-114.179 39.003
-115.028 39.312
-114.889 39.241
-114.778 39.402
-119.815 39.512
-119.821 39.509
-119.838 39.507
-119.807 39.531
-119.810 39.525
-119.792 39.527
-119.823 39.500
-119.812 39.418
-119.807 39.497
-119.749 39.391
-119.802 39.494
-119.809 39.491
-119.794 39.498
-119.769 39.497
-119.742 39.494
-119.747 39.499
-119.750 39.499
-119.746 39.484
-119.830 39.541
-119.784 39.534
-119.804 39.544
-119.835 39.559
-119.779 39.549
-119.832 39.524
-119.843 39.532
-119.892 39.557
-119.900 39.515
-119.905 39.554
-119.929 39.650
-119.715 39.565
-119.778 39.577
-119.954 39.671
-119.797 39.571
-119.794 39.585
-119.924 39.696
-119.799 39.587
-119.759 39.674
-119.768 39.561
-119.778 39.566
-119.765 39.577
-119.783 39.542
-119.781 39.553
-119.781 39.555
-119.775 39.555
-119.780 39.555
-119.779 39.553
-119.781 39.551
-119.798 39.553
-119.817 39.544
-119.843 39.549
-119.842 39.547
-119.856 39.509
-119.826 39.516
-119.837 39.498
-119.815 39.504
-119.813 39.499
-119.821 39.492
-119.815 39.493
-119.817 39.487
-119.802 39.499
-119.811 39.811
-119.822 39.769
-119.783 39.705
-119.792 39.737
-119.832 39.709
-119.914 39.705
-119.921 39.702
-119.880 39.181
-119.676 39.629
-119.668 39.615
-119.688 39.585
-119.739 39.476
-119.869 39.628
-119.861 39.627
-119.976 39.525
-119.998 39.521
-119.973 39.520
-119.777 39.399
-119.975 39.462
-119.886 39.501
-119.893 39.498
-119.890 39.493
-119.880 39.487
-119.713 39.429
-119.856 39.609
-119.804 39.585
-119.462 39.674
-119.774 39.418
-119.777 39.410
-119.775 39.413
-119.775 39.407
-119.798 39.404
-119.801 39.405
-119.800 39.406
-119.718 39.390
-119.719 39.388
-119.714 39.388
-119.725 39.386
-119.758 39.415
-119.903 39.636
-119.764 39.433
-119.688 39.784
-119.575 39.644
-119.561 39.630
-119.806 39.519
-119.833 39.517
-119.820 39.520
-119.817 39.457
-119.817 39.497
-119.822 39.531
-119.796 39.533
-119.822 39.445
-119.797 39.521
-119.790 39.489
-119.797 39.481
-119.798 39.420
-119.790 39.458
-119.752 39.491
-119.757 39.482
-119.783 39.489
-119.786 39.500
-119.753 39.480
-119.840 39.594
-119.869 39.605
-119.865 39.609
-119.850 39.596
-119.820 39.585
-119.867 39.547
-119.859 39.537
-119.893 39.529
-119.702 39.574
-119.717 39.539
-119.917 39.683
-119.729 39.385
-119.717 39.553
-119.708 39.563
-119.942 39.701
-119.681 39.642
-119.915 39.197
-119.911 39.289
-119.776 39.576
-119.542 40.501
-119.362 40.215
-119.844 40.315
-119.636 40.306
-119.749 39.561
-119.755 39.559
-119.810 39.505
-119.808 39.510
-119.810 39.508
-119.815 39.515
-119.815 39.525
-119.822 39.525
-119.811 39.533
-119.782 39.494
-119.931 39.717
-119.581 39.752
-119.460 39.747
-119.539 39.632
-119.512 39.632
-119.880 39.674
-119.875 39.648
-119.946 39.431
-119.913 39.374
-119.838 39.388
-119.836 39.388
-119.686 39.571
-119.693 39.546
-119.687 39.544
-119.701 39.556
-119.863 39.615
-119.750 39.403
-119.752 39.401
-119.833 39.613
-119.848 39.614
-119.980 39.487
-119.977 39.501
-119.964 39.507
-119.902 39.507
-119.939 39.507
-119.871 39.484
-119.687 39.421
-119.726 39.406
-119.728 39.405
-119.829 39.420
-119.827 39.380
-119.779 39.408
-119.737 39.670
-119.702 39.787
-119.855 39.606
-119.879 39.550
-119.901 39.533
-119.980 39.593
-119.763 39.417
-119.653 39.703
-119.958 39.243
-119.951 39.688
-119.772 39.397
-119.566 39.621
-119.554 39.625
-119.542 39.626
-119.522 39.616
-119.540 39.616
-119.540 39.601
-119.508 39.569
-119.905 39.547
-119.811 39.473
-119.792 39.473
-119.800 39.435
-119.847 39.517
-119.890 39.505
-119.881 39.510
-119.807 39.483
-119.785 39.481
-119.819 39.480
-119.795 39.407
-119.814 39.465
-119.749 39.502
-119.752 39.466
-119.767 39.437
-119.728 39.455
-119.771 39.439
-119.824 39.571
-119.975 39.684
-119.858 39.530
-119.870 39.515
-119.874 39.523
-119.728 39.559
-119.918 39.629
-119.935 39.676
-119.974 39.650
-119.784 39.586
-119.777 39.535
-119.752 39.431
-119.731 39.310
-119.725 39.373
-119.737 39.393
-119.727 39.386
-119.745 39.559
-119.740 39.553
-119.745 39.543
-119.738 39.540
-119.738 39.545
-119.809 40.078
-119.782 39.871
-119.728 39.960
-119.855 39.523
-119.856 39.518
-119.842 39.513
-119.800 39.488
-119.810 39.480
-119.826 39.487
-119.564 39.569
-119.559 39.615
-119.621 39.589
-119.668 39.686
-119.691 39.552
-119.701 39.547
-119.708 39.546
-119.717 39.526
-119.725 39.534
-119.731 39.542
-119.844 39.609
-119.840 39.611
-119.847 39.596
-119.845 39.593
-119.844 39.562
-119.840 39.554
-119.908 39.507
-119.906 39.512
-119.911 39.515
-119.899 39.509
-119.831 39.384
-119.828 39.371
-119.803 39.367
-119.822 39.400
-119.743 39.628
-119.990 39.483
-119.857 39.505
-119.765 39.392
-119.772 39.390
-119.857 39.607
-119.857 39.606
-119.846 39.601
-119.556 39.561
-119.566 39.560
-119.564 39.550
-119.812 39.517
-119.821 39.515
-119.835 39.488
-119.849 39.509
-119.862 39.508
-119.841 39.526
-119.896 39.505
-119.896 39.506
-119.893 39.501
-119.799 39.513
-119.790 39.509
-119.789 39.516
-119.796 39.503
-119.780 39.520
-119.757 39.527
-119.773 39.446
-119.781 39.432
-119.752 39.496
-119.766 39.448
-119.772 39.444
-119.891 39.633
-119.851 39.634
-119.708 39.486
-119.780 39.553
-119.845 39.539
-119.852 39.534
-119.749 39.399
-119.762 39.397
-119.858 39.545
-119.785 39.302
-119.724 39.381
-119.726 39.383
-119.741 39.567
-119.768 39.536
-119.779 39.534
-119.717 39.383
-119.737 39.388
-119.721 39.379
-119.719 39.399
-119.692 39.385
-119.645 40.094
-119.782 39.566
-119.781 39.572
-119.766 39.600
-119.756 39.600
-119.837 39.480
-119.795 39.471
-119.794 39.456
-119.716 39.667
-119.788 39.673
-119.800 39.630
-119.804 39.654
-119.839 39.381
-119.837 39.381
-119.838 39.376
-119.937 39.309
-119.711 39.572
-119.719 39.560
-119.721 39.566
-119.730 39.566
-119.872 39.536
-119.876 39.545
-119.904 39.515
-115.652 37.626
-114.513 38.269
-114.445 37.286
-114.526 37.776
-119.800 39.398
-119.776 39.391
-119.780 39.383
-119.999 39.501
-119.995 39.509
-119.980 39.505
-119.953 39.533
-119.879 39.607
-119.904 39.613
-119.876 39.604
-115.725 40.828
-117.550 37.860
-117.208 37.799
-117.749 38.170
-117.430 37.399
-119.830 39.505
-119.838 39.496
-119.851 39.487
-119.813 39.449
-119.786 39.525
-119.757 39.511
-119.804 39.503
-119.809 39.501
-119.782 39.451
-119.770 39.779
-119.777 39.458
-119.714 39.471
-119.862 39.637
-119.781 39.567
-119.871 39.579
-119.833 39.631
-119.859 39.607
-119.792 39.564
-119.800 39.580
-119.798 39.578
-119.756 39.563
-119.864 39.545
-119.888 39.523
-119.886 39.545
-119.684 39.600
-119.678 39.614
-119.822 39.436
-119.815 39.443
-119.801 39.597
-119.968 39.204
-119.970 39.250
-119.858 39.551
-119.748 39.602
-119.744 39.594
-119.737 39.592
-119.731 39.598
-119.722 39.592
-119.818 39.619
-119.824 39.604
-119.841 39.642
-119.966 39.285
-119.718 39.389
-119.724 39.389
-119.955 39.620
-119.851 39.498
-119.863 39.496
-119.898 39.511
-119.897 39.502
-119.891 39.506
-119.873 39.503
-119.763 39.401
-119.769 39.397
-119.785 39.409
-119.782 39.415
-119.786 39.416
-119.775 39.644
-119.804 39.559
-119.852 39.550
-119.846 39.552
-115.231 37.313
-115.803 40.821
-114.946 41.116
-115.770 40.832
-118.051 37.782
-119.766 39.464
-119.759 39.426
-119.778 39.474
-119.751 39.448
-119.810 39.544
-119.791 39.538
-119.836 39.662
-119.924 39.593
-119.835 39.533
-119.712 39.545
-119.710 39.581
-119.910 39.641
-119.742 39.537
-119.768 39.427
-119.718 39.353
-119.779 39.350
-119.830 39.343
-119.767 39.374
-119.783 39.396
-119.915 39.769
-119.930 39.853
-119.905 40.061
-119.721 39.717
-119.693 39.656
-119.968 39.686
-119.721 39.582
-119.733 39.578
-119.704 39.588
-119.689 39.617
-119.954 39.273
-119.933 39.227
-119.931 39.226
-119.865 39.263
-119.891 39.620
-119.876 39.627
-119.871 39.637
-119.855 39.480
-119.859 39.468
-119.876 39.493
-119.822 39.474
-119.817 39.469
-119.774 39.415
-119.767 39.415
-119.760 39.415
-119.756 39.417
-119.757 39.416
-119.756 39.416
-119.755 39.412
-119.756 39.415
-119.833 39.550
-119.785 39.620
-119.754 39.619
-119.722 39.546
-119.757 39.611
-119.750 39.608
-115.783 40.853
-115.747 40.833
-115.763 40.839
-115.790 40.828
-119.838 39.545
-119.847 39.544
-119.994 39.504
-119.897 39.515
-119.757 39.546
-119.750 39.541
-119.747 39.565
-119.710 39.555
-119.758 39.539
-119.779 39.562
-119.744 39.550
-119.743 39.261
-119.809 39.609
-119.751 39.406
-119.756 39.417
-119.738 39.408
-119.722 39.418
-119.749 39.416
-119.679 41.271
-119.946 39.697
-119.990 39.701
-119.359 40.652
-119.691 39.627
-119.699 39.630
-119.709 39.625
-119.721 39.624
-119.719 39.620
-119.705 39.614
-119.720 39.505
-119.736 39.491
-119.895 39.539
-119.907 39.540
-119.829 39.469
-119.830 39.475
-119.839 39.470
-119.829 39.459
-119.811 39.465
-119.764 39.408
-119.755 39.407
-119.780 39.401
-119.741 39.411
-119.721 39.431
-119.728 39.422
-119.797 39.602
-119.795 39.594
-119.779 39.566
-119.760 39.557
-119.987 39.523
-119.953 39.515
-119.975 39.495
-119.903 39.501
-119.900 39.533
-116.102 40.716
-115.658 40.801
-115.666 40.807
-115.560 40.790
-119.748 39.420
-119.953 39.263
-119.956 39.248
-119.757 39.739
-119.966 39.697
-119.718 39.606
-119.741 39.637
-119.727 39.630
-119.746 39.617
-119.907 39.537
-119.910 39.527
-119.927 39.518
-119.925 39.539
-119.808 39.465
-119.797 39.453
-119.755 39.424
-119.736 39.440
-119.738 39.430
-119.745 39.430
-119.739 39.445
-119.733 39.403
-119.813 39.456
-119.816 39.461
-119.821 39.454
-119.790 39.406
-119.887 39.537
-119.901 39.507
-119.894 39.509
-119.891 39.499
-119.706 39.517
-119.847 39.528
-115.592 40.739
-115.460 40.649
-116.182 41.917
-115.671 41.039
-115.787 40.790
-115.831 40.865
-116.468 41.432
-115.617 41.681
-115.784 40.841
-114.655 41.885
-116.839 40.302
-116.936 40.636
-116.811 40.843
-116.797 40.660
-117.242 40.306
-117.103 39.550
-119.760 39.617
-119.769 39.611
-119.773 39.616
-119.795 39.626
-119.889 39.511
-119.754 39.419
-119.890 39.508
-119.885 39.509
-119.827 39.445
-119.826 39.441
-119.657 39.827
-119.462 39.703
-119.462 39.644
-119.499 39.644
-119.537 39.643
-119.749 39.373
-119.761 39.394
-119.780 39.538
-119.884 39.488
-119.874 39.487
-119.846 39.523
-119.868 39.485
-119.844 39.476
-119.843 39.477
-119.822 39.463
-119.761 39.435
-119.755 39.457
-119.757 39.419
-119.807 39.392
-119.712 39.406
-119.749 39.409
-119.748 39.409
-115.138 41.504
-114.976 41.106
-115.874 41.690
-114.176 41.303
-114.458 41.345
-114.063 40.731
-117.076 39.212
-117.019 39.267
-117.091 39.502
-119.747 39.408
-119.746 39.408
-119.747 39.407
-119.744 39.401
-119.738 39.397
-119.736 39.397
-119.736 39.397
-119.755 39.400
-119.765 39.394
-119.787 39.397
-119.938 39.235
-119.935 39.234
-119.903 39.266
-114.082 40.743
-114.519 40.535
-115.147 40.382
-115.224 40.978
-115.823 40.404
-115.554 40.711
-115.642 40.685
-119.799 39.541
-119.792 39.545
-119.817 39.558
-119.822 39.539
-119.845 39.550
-116.063 40.733
-116.129 40.721
-115.743 40.858
-119.872 39.530
-119.895 39.519
-119.827 39.534
-119.829 39.547
-119.774 39.541
-119.830 39.260
-119.784 39.551
-118.812 40.447
-118.151 40.723
-117.816 40.334
-119.905 39.630
-119.994 39.658
-119.730 39.553
-119.737 39.560
-119.725 39.384
-119.726 39.550
-119.944 39.249
-119.661 39.629
-119.941 39.261
-119.694 39.751
-119.617 39.669
-119.417 40.002
-119.841 39.457
-119.344 39.701
-119.795 39.270
-118.476 40.183
-118.478 40.176
-117.813 40.713
-119.991 39.260
-120.003 39.232
-119.920 39.258
-119.769 39.588
-119.727 39.379
-119.827 39.593
-119.807 39.589
-119.711 39.654
-119.722 39.653
-119.639 39.533
-119.964 39.551
-119.805 39.625
-119.805 39.619
-119.781 39.611
-119.786 39.599
-119.776 39.600
-119.750 39.552
-119.758 39.551
-119.771 39.553
-119.769 39.549
-119.773 39.551
-119.803 39.589
-119.804 39.582
-119.800 39.584
-119.787 39.573
-119.745 39.584
-119.755 39.579
-119.821 39.582
-115.800 40.850
-115.799 40.834
-115.771 40.839
-119.823 39.580
-119.819 39.594
-119.808 39.595
-119.789 39.560
-119.767 39.542
-119.778 39.538
-119.706 39.208
-119.757 39.217
-119.810 39.194
-119.775 39.184
-119.768 39.193
-119.735 39.196
-119.721 39.172
-119.731 39.173
-119.726 39.183
-119.738 39.183
-119.750 39.185
-119.757 39.179
-119.765 39.136
-119.753 39.137
-119.757 39.143
-119.759 39.153
-119.764 39.162
-119.759 39.169
-119.779 39.173
-119.769 39.173
-119.637 39.137
-119.906 39.146
-119.811 39.133
-119.752 39.110
-119.726 39.128
-119.741 39.160
-117.947 38.881
-117.556 38.863
-117.224 38.662
-116.817 38.610
-117.045 37.956
-116.094 38.456
-116.428 37.337
-115.742 38.888
-115.272 38.308
-117.258 38.123
-116.906 37.047
-116.063 36.544
-116.415 36.574
-116.115 36.208
-115.973 36.347
-116.156 36.309
-115.984 36.228
-116.002 36.140
-116.044 36.149
-116.055 36.213
-115.974 36.101
-119.642 39.289
-119.651 39.319
-119.405 39.558
-115.881 36.065
-115.966 36.249
-117.058 38.727
-119.643 39.509
-119.637 39.489
-119.624 39.392
-119.573 39.544
-119.553 39.552
-119.491 39.559
-116.004 36.213
-115.913 36.178
-119.462 39.584
-119.345 39.594
-119.562 39.522
-119.459 39.481
-119.535 39.388
-119.466 39.481
-115.969 36.177
-115.985 36.168
-115.931 36.084
-115.948 36.091
-116.004 36.197
-116.042 36.190
-116.122 36.249
-115.983 39.839
-116.307 39.568
-116.352 40.519
-116.582 40.414
-118.597 38.503
-118.631 38.521
-118.624 38.518
-118.624 38.524
-118.617 38.522
-118.627 38.530
-118.619 38.530
-118.685 38.953
-118.102 38.504
-118.189 38.509
-118.350 37.965
-118.757 38.647
-117.739 40.976
-117.704 40.970
-117.735 40.967
-117.730 40.954
-117.724 40.966
-117.839 40.882
-118.691 41.403
-118.007 41.607
-117.550 41.834
-117.654 41.269
-117.941 40.904
-117.842 41.005
-117.396 41.402
-117.289 40.944
-117.643 41.095
-117.674 40.927
-115.266 36.111
-115.275 36.111
-115.288 36.093
-115.283 36.104
-115.036 36.094
-115.067 36.084
-115.047 36.089
-115.238 36.124
-115.238 36.128
-115.229 36.127
-115.221 36.131
-115.216 36.136
-115.229 36.133
-115.210 36.156
-115.201 36.155
-115.193 36.154
-115.188 36.156
-115.105 36.134
-115.100 36.141
-115.095 36.133
-115.209 36.163
-115.218 36.163
-115.211 36.161
-115.220 36.170
-115.211 36.170
-115.209 36.167
-115.210 36.178
-115.218 36.177
-115.220 36.184
-115.217 36.186
-115.216 36.193
-115.216 36.189
-115.215 36.189
-115.217 36.271
-115.334 36.189
-115.303 36.164
-115.274 36.167
-115.280 36.172
-115.232 36.269
-115.232 36.263
-115.231 36.266
-115.227 36.265
-115.241 36.264
-115.239 36.265
-115.298 36.329
-115.285 36.334
-115.210 36.205
-115.211 36.206
-115.236 36.301
-115.220 36.309
-115.222 36.301
-115.144 36.258
-115.139 36.271
-115.127 36.271
-115.134 36.263
-115.172 36.243
-115.148 36.246
-115.131 36.251
-115.124 36.251
-115.049 36.163
-115.076 36.169
-115.069 36.171
-115.052 36.170
-115.138 36.170
-115.111 36.180
-115.114 36.185
-115.243 36.189
-115.248 36.192
-115.256 36.192
-115.267 36.190
-115.168 36.181
-115.152 36.178
-115.172 36.199
-115.122 36.191
-115.248 36.102
-115.233 36.111
-115.238 36.118
-115.176 36.035
-115.161 36.035
-115.159 36.023
-115.149 36.009
-115.092 36.043
-115.091 36.038
-115.097 36.029
-115.090 36.030
-115.091 36.021
-115.106 36.009
-115.088 36.005
-115.106 35.996
-115.096 35.999
-115.070 36.021
-115.079 36.016
-115.040 36.056
-115.037 36.041
-115.040 36.033
-115.001 36.064
-115.016 36.057
-115.005 36.045
-114.971 36.013
-114.969 36.005
-114.982 36.008
-115.170 35.990
-115.168 35.973
-115.150 35.989
-115.098 35.975
-115.085 35.966
-115.090 35.965
-115.188 35.931
-114.911 35.806
-114.922 36.098
-114.896 36.117
-115.258 36.223
-115.266 36.222
-115.275 36.223
-115.252 36.256
-115.288 36.256
-115.148 35.956
-115.158 35.959
-115.162 35.961
-115.154 35.968
-115.139 35.958
-115.139 35.956
-115.142 35.957
-115.149 35.962
-115.146 35.963
-115.144 35.962
-115.142 35.962
-115.165 35.951
-115.292 36.104
-115.301 36.104
-115.311 36.104
-115.302 36.095
-115.311 36.095
-115.302 36.074
-115.302 36.081
-115.236 36.138
-115.249 36.132
-115.252 36.137
-115.217 36.143
-115.059 36.104
-115.069 36.104
-115.078 36.104
-115.078 36.111
-115.087 36.137
-115.078 36.133
-115.070 36.133
-115.062 36.133
-115.053 36.134
-115.238 36.185
-115.232 36.185
-115.227 36.185
-115.213 36.192
-115.210 36.193
-115.212 36.189
-115.207 36.192
-115.206 36.193
-115.333 36.187
-115.322 36.189
-115.331 36.180
-115.269 36.176
-115.252 36.176
-115.239 36.177
-115.229 36.177
-115.244 36.269
-115.243 36.266
-115.250 36.271
-115.212 36.212
-115.220 36.208
-115.226 36.206
-115.211 36.302
-115.222 36.294
-115.211 36.295
-115.216 36.283
-115.222 36.262
-115.219 36.263
-115.124 36.260
-115.109 36.272
-115.177 36.180
-115.235 36.218
-115.235 36.218
-115.263 36.231
-115.257 36.231
-115.125 36.249
-115.122 36.249
-115.123 36.247
-115.130 36.243
-115.107 36.261
-115.092 36.262
-115.057 36.172
-115.053 36.178
-115.076 36.177
-115.067 36.178
-115.103 36.185
-115.103 36.192
-115.112 36.192
-115.111 36.202
-115.264 36.197
-115.269 36.200
-115.274 36.200
-115.184 36.209
-115.163 36.205
-115.159 36.199
-115.229 36.118
-115.241 36.107
-115.238 36.103
-115.230 36.103
-115.232 36.098
-115.168 36.027
-115.176 36.023
-115.168 36.015
-115.113 36.066
-115.099 36.010
-115.090 36.012
-115.076 36.039
-115.071 36.034
-115.079 36.032
-115.069 36.016
-115.059 36.020
-115.052 36.025
-115.028 36.045
-115.037 36.028
-115.039 36.024
-115.022 36.031
-114.990 36.039
-115.002 36.034
-114.979 36.030
-114.985 36.003
-114.982 35.996
-114.968 35.996
-114.961 36.006
-115.147 35.997
-115.141 35.992
-115.137 35.991
-115.110 35.988
-115.078 35.961
-115.084 35.979
-115.101 35.963
-115.108 35.962
-114.791 36.377
-114.599 36.688
-114.634 36.578
-114.456 36.560
-115.011 36.278
-114.895 36.040
-114.978 36.079
-114.950 36.091
-115.283 36.222
-115.293 36.222
-115.302 36.220
-115.308 36.220
-115.303 36.242
-115.320 36.238
-115.326 36.244
-115.167 35.950
-115.169 35.951
-115.167 35.949
-115.159 35.953
-115.162 35.954
-115.160 35.951
-115.162 35.952
-115.167 35.957
-115.169 35.955
-115.173 35.957
-115.340 36.322
-115.351 36.321
-115.293 36.112
-115.284 36.113
-115.286 36.120
-115.311 36.081
-115.306 36.088
-115.307 36.066
-115.306 36.042
-115.206 36.143
-115.210 36.148
-115.195 36.139
-115.204 36.140
-115.179 36.148
-115.068 36.111
-115.075 36.117
-115.060 36.117
-115.060 36.120
-115.068 36.119
-115.061 36.126
-115.178 36.158
-115.199 36.165
-115.182 36.176
-115.201 36.197
-115.211 36.185
-115.223 36.264
-115.336 36.175
-115.323 36.172
-115.331 36.164
-115.229 36.163
-115.228 36.170
-115.239 36.163
-115.239 36.170
-115.256 36.272
-115.247 36.269
-115.241 36.271
-115.240 36.282
-115.228 36.211
-115.221 36.154
-115.215 36.155
-115.222 36.215
-115.238 36.207
-115.213 36.265
-115.224 36.265
-115.244 36.259
-115.232 36.258
-115.114 36.161
-115.021 36.167
-115.035 36.163
-115.103 36.249
-115.063 36.266
-115.060 36.252
-115.071 36.185
-115.053 36.185
-115.040 36.184
-115.021 36.193
-115.157 36.221
-115.157 36.228
-115.161 36.236
-115.166 36.233
-115.256 36.207
-115.263 36.216
-115.273 36.217
-115.152 36.210
-115.265 36.186
-115.269 36.183
-115.230 36.095
-115.239 36.096
-115.221 36.109
-115.214 36.113
-115.221 36.118
-115.105 36.061
-115.105 36.052
-115.090 36.069
-115.087 36.067
-115.074 36.028
-115.074 36.024
-115.078 36.009
-115.069 36.010
-115.061 36.299
-115.039 36.268
-115.276 36.436
-115.023 36.026
-115.013 36.031
-115.008 36.024
-114.974 36.039
-114.967 36.048
-114.963 36.056
-114.950 36.005
-114.943 36.011
-114.928 36.005
-115.289 36.037
-115.122 35.979
-115.110 35.974
-115.151 35.970
-115.137 35.982
-115.028 36.264
-115.113 35.959
-115.120 35.960
-114.896 36.133
-114.966 36.349
-115.000 36.138
-114.948 36.155
-115.085 35.672
-115.315 36.222
-115.322 36.227
-115.298 36.229
-115.322 36.257
-115.275 36.265
-114.058 36.828
-115.327 36.325
-115.174 35.961
-115.174 35.932
-115.179 35.933
-115.181 35.930
-115.317 36.335
-115.317 36.333
-115.329 36.355
-115.157 35.947
-115.347 36.175
-115.306 36.111
-115.304 36.119
-115.316 36.326
-115.324 36.325
-115.335 36.061
-115.339 36.112
-115.324 36.087
-115.186 36.140
-115.188 36.141
-115.178 36.141
-115.185 36.133
-115.185 36.122
-115.072 36.126
-115.081 36.124
-115.087 36.097
-115.096 36.097
-115.186 36.171
-115.201 36.176
-115.198 36.183
-115.319 36.163
-115.274 36.162
-115.285 36.163
-115.266 36.162
-115.264 36.169
-115.247 36.163
-115.254 36.288
-115.253 36.292
-115.266 36.285
-115.240 36.216
-115.234 36.214
-115.236 36.216
-115.234 36.215
-115.161 36.148
-115.234 36.251
-115.226 36.251
-115.222 36.253
-115.035 36.171
-115.021 36.178
-115.030 36.178
-115.039 36.178
-115.072 36.241
-115.078 36.254
-115.088 36.245
-115.030 36.185
-115.035 36.192
-115.053 36.193
-115.177 36.235
-115.215 36.230
-115.198 36.236
-115.288 36.214
-115.299 36.215
-115.293 36.216
-115.117 36.208
-115.126 36.205
-115.124 36.212
-115.212 36.119
-115.216 36.126
-115.203 36.131
-115.197 36.127
-115.091 36.059
-115.096 36.052
-115.087 36.051
-115.048 36.509
-114.712 36.788
-115.053 36.122
-115.039 36.120
-114.999 36.022
-114.994 36.023
-114.963 36.039
-114.954 36.045
-114.954 36.060
-114.936 36.003
-114.927 35.995
-114.948 35.991
-114.930 35.988
-114.822 35.975
-114.828 35.972
-114.838 35.972
-115.104 35.951
-115.247 36.012
-115.203 36.006
-115.216 35.997
-115.301 36.225
-115.293 36.232
-115.284 36.230
-114.063 36.809
-114.069 36.801
-114.106 36.794
-114.218 36.756
-114.156 36.684
-114.518 36.616
-114.131 36.813
-115.200 35.545
-114.911 36.082
-115.311 36.074
-115.168 36.021
-115.212 35.989
-115.093 35.944
-115.325 36.331
-115.285 36.303
-115.283 36.311
-115.319 36.095
-115.322 36.106
-115.321 36.114
-115.195 36.119
-115.204 36.119
-115.177 36.073
-115.034 36.104
-115.043 36.104
-115.089 36.104
-115.085 36.109
-115.091 36.112
-115.099 36.108
-115.194 36.191
-115.186 36.183
-115.077 36.141
-115.247 36.171
-115.249 36.166
-115.255 36.170
-115.256 36.163
-115.310 36.292
-115.306 36.282
-115.304 36.300
-115.155 36.156
-115.170 36.149
-115.167 36.155
-115.274 36.295
-115.213 36.254
-115.202 36.269
-115.193 36.268
-115.161 36.171
-115.163 36.163
-115.088 36.236
-115.085 36.239
-115.126 36.235
-115.076 36.230
-115.070 36.227
-115.070 36.221
-115.075 36.192
-115.184 36.232
-115.198 36.228
-115.198 36.221
-115.184 36.221
-115.307 36.209
-115.316 36.212
-115.277 36.183
-115.255 36.184
-115.186 36.107
-115.199 36.108
-115.212 36.110
-115.215 36.104
-115.080 36.055
-115.073 36.053
-115.076 36.049
-114.983 36.019
-114.819 36.637
-115.225 36.213
-115.008 36.073
-115.007 36.072
-114.945 36.060
-114.945 36.038
-114.954 36.034
-114.968 35.987
-114.982 35.988
-114.991 35.990
-115.011 36.010
-114.839 35.965
-114.841 35.955
-114.943 35.953
-114.974 35.892
-114.971 35.918
-115.216 35.993
-115.199 35.997
-115.197 35.991
-115.274 36.230
-115.262 36.232
-115.262 36.232
-115.266 36.229
-115.258 36.232
-115.136 35.768
-115.282 35.710
-115.110 35.946
-114.942 36.369
-114.917 36.371
-114.949 36.345
-115.088 35.939
-114.186 36.753
-115.272 36.314
-115.283 36.322
-115.248 36.326
-115.263 36.317
-115.261 36.311
-115.272 36.309
-115.323 36.125
-115.339 36.137
-115.333 36.138
-115.052 36.105
-115.061 36.094
-115.069 36.097
-115.090 36.120
-115.096 36.122
-115.100 36.127
-115.070 36.140
-115.055 36.143
-115.058 36.139
-115.038 36.141
-115.306 36.312
-115.293 36.318
-115.292 36.311
-115.264 36.295
-115.275 36.302
-115.265 36.302
-115.184 36.269
-115.203 36.258
-115.194 36.258
-115.181 36.258
-115.183 36.192
-115.174 36.193
-115.171 36.190
-115.186 36.192
-115.188 36.192
-115.107 36.232
-115.071 36.163
-115.136 36.225
-115.070 36.197
-115.065 36.213
-115.071 36.207
-115.053 36.200
-115.175 36.224
-115.166 36.228
-115.166 36.221
-115.228 36.199
-115.244 36.212
-115.332 36.207
-115.326 36.212
-115.139 36.207
-115.248 36.183
-115.129 36.200
-115.223 36.096
-115.219 36.097
-115.214 36.097
-115.212 36.090
-115.234 36.089
-115.063 36.049
-115.060 36.052
-115.051 36.053
-114.964 36.028
-114.954 36.022
-114.945 36.022
-114.964 36.019
-115.039 36.011
-115.092 35.988
-115.097 35.989
-114.837 35.981
-114.809 35.985
-114.829 35.997
-114.864 35.989
-114.804 35.947
-114.917 35.924
-114.921 35.922
-114.927 36.119
-114.381 36.762
-115.092 35.926
-115.179 35.910
-115.185 35.986
-115.232 35.999
-115.253 36.228
-115.245 36.229
-115.240 36.229
-115.232 36.229
-114.940 36.322
-114.953 36.308
-114.959 36.307
-115.210 35.897
-115.193 35.944
-114.954 36.316
-114.102 36.813
-115.272 36.235
-115.163 35.979
-115.269 36.308
-115.264 36.310
-115.230 36.316
-115.216 36.320
-115.329 36.135
-115.342 36.154
-115.077 36.094
-115.085 36.089
-115.096 36.090
-115.110 36.119
-115.110 36.113
-115.110 36.109
-115.019 36.147
-115.031 36.153
-115.036 36.156
-115.252 36.297
-115.256 36.307
-115.247 36.301
-115.175 36.269
-115.166 36.272
-115.165 36.265
-115.178 36.186
-115.228 36.242
-115.213 36.243
-115.115 36.220
-115.094 36.229
-115.085 36.229
-115.039 36.199
-115.031 36.199
-115.024 36.199
-115.019 36.199
-115.239 36.200
-115.248 36.206
-115.330 36.226
-115.325 36.234
-115.326 36.228
-115.329 36.216
-115.328 36.219
-115.377 36.187
-115.341 36.214
-115.337 36.198
-115.120 36.180
-115.087 36.163
-115.130 36.175
-115.249 36.096
-115.251 36.089
-115.267 36.096
-115.051 36.045
-115.065 36.044
-115.064 36.038
-115.078 35.993
-115.167 36.010
-114.827 35.924
-114.869 35.929
-114.901 35.930
-114.919 35.938
-114.911 35.973
-114.927 35.978
-114.620 35.113
-114.721 35.143
-114.855 35.402
-115.294 36.360
-114.883 36.239
-115.286 35.982
-115.196 35.972
-115.228 36.226
-115.224 36.226
-115.223 36.227
-115.307 36.231
-114.974 36.282
-114.910 36.320
-115.384 35.839
-115.085 35.949
-115.249 36.309
-115.221 36.146
-115.136 36.199
-115.051 36.097
-115.189 36.321
-115.184 36.281
-115.190 36.288
-115.197 36.298
-115.348 36.144
-115.123 36.015
-115.123 36.019
-115.132 36.017
-115.105 36.079
-115.110 36.090
-115.129 36.072
-115.103 36.104
-115.108 36.104
-115.105 36.097
-115.114 36.100
-115.123 36.097
-115.038 36.150
-115.045 36.152
-115.050 36.153
-115.161 36.257
-115.155 36.273
-115.150 36.267
-115.198 36.250
-115.199 36.243
-115.182 36.250
-115.103 36.229
-115.103 36.221
-115.088 36.223
-115.096 36.221
-115.085 36.220
-115.013 36.200
-115.037 36.207
-115.032 36.215
-115.461 36.217
-115.396 36.086
-115.680 36.362
-114.918 35.923
-115.589 36.690
-115.190 36.688
-115.287 36.150
-115.290 36.155
-115.302 36.149
-115.327 36.195
-115.326 36.201
-115.317 36.199
-115.151 36.185
-115.139 36.181
-115.156 36.192
-115.147 36.192
-115.256 36.240
-115.269 36.089
-115.185 36.086
-115.228 36.078
-115.053 36.035
-115.061 36.031
-115.076 36.044
-114.946 35.978
-114.926 36.034
-114.981 36.058
-115.090 35.977
-114.773 36.175
-114.469 36.629
-115.166 35.970
-115.165 35.967
-115.160 35.971
-115.155 35.975
-115.213 35.974
-114.924 36.287
-114.818 36.059
-114.834 35.724
-115.034 35.944
-115.220 36.220
-115.226 36.223
-115.227 36.218
-115.226 36.219
-115.238 36.240
-115.243 36.245
-115.244 36.245
-115.245 36.240
-115.098 35.938
-115.113 35.936
-115.157 35.929
-115.601 35.853
-115.611 36.044
-115.055 36.112
-115.104 35.935
-114.909 36.328
-115.201 36.283
-115.072 36.283
-115.141 36.017
-115.150 36.017
-115.141 36.024
-115.150 36.024
-115.157 36.084
-115.221 36.213
-115.129 36.086
-115.132 36.097
-115.123 36.105
-115.133 36.103
-115.132 36.106
-115.056 36.153
-115.062 36.150
-115.070 36.146
-115.170 36.252
-115.161 36.250
-115.187 36.243
-115.112 36.214
-115.104 36.215
-115.102 36.204
-115.094 36.199
-115.287 36.047
-115.677 36.559
-115.085 36.186
-115.092 36.184
-115.298 36.157
-115.311 36.148
-115.310 36.156
-115.319 36.147
-115.277 36.191
-115.280 36.194
-115.278 36.202
-115.139 36.192
-115.259 36.238
-115.261 36.236
-115.260 36.233
-115.252 36.078
-115.270 36.078
-115.289 36.066
-115.281 36.058
-115.113 36.046
-115.105 36.046
-115.114 36.038
-115.105 36.038
-115.116 36.030
-115.164 35.969
-115.156 35.969
-115.165 35.962
-115.178 35.960
-115.226 36.221
-115.231 36.218
-115.230 36.221
-115.238 36.218
-115.241 36.219
-115.237 36.220
-115.249 36.235
-115.249 36.239
-115.253 36.241
-115.254 36.244
-115.262 36.246
-115.237 35.967
-115.111 35.982
-115.355 36.375
-115.015 35.819
-115.293 36.016
-115.284 36.016
-115.230 36.046
-114.956 36.082
-115.271 36.016
-115.126 36.311
-115.149 36.285
-115.173 36.285
-115.133 36.030
-115.125 36.030
-115.142 36.094
-115.309 36.126
-115.313 36.126
-115.132 36.110
-115.125 36.114
-115.112 36.126
-115.070 36.149
-115.074 36.151
-115.070 36.156
-115.079 36.146
-115.078 36.155
-115.094 36.207
-115.094 36.214
-115.085 36.214
-115.085 36.207
-115.085 36.199
-115.058 36.163
-115.089 36.192
-115.095 36.177
-115.085 36.179
-115.122 36.160
-115.320 36.153
-115.331 36.152
-115.344 36.166
-115.351 36.165
-115.271 36.205
-115.264 36.208
-115.270 36.212
-115.323 36.138
-115.324 36.180
-115.315 36.185
-115.289 36.059
-115.261 36.059
-115.112 36.032
-115.105 36.031
-115.110 36.024
-115.238 36.223
-115.245 36.222
-115.251 36.221
-115.259 36.220
-115.262 36.225
-115.262 36.248
-115.287 36.236
-115.279 36.242
-115.068 36.003
-114.880 35.944
-115.056 36.000
-115.324 36.307
-115.017 36.096
-115.037 36.123
-115.046 36.123
-114.952 36.309
-115.165 36.280
-115.183 36.300
-115.175 36.298
-115.054 36.060
-115.125 36.039
-115.142 36.035
-115.148 36.035
-115.302 36.126
-115.288 36.124
-115.288 36.128
-115.130 36.125
-115.133 36.118
-115.140 36.117
-115.088 36.149
-115.086 36.156
-115.114 36.148
-115.119 36.167
-115.129 36.163
-115.145 36.164
-115.360 36.165
-115.206 36.199
-115.206 36.202
-115.211 36.199
-115.218 36.199
-115.214 36.202
-115.277 36.210
-115.283 36.205
-115.292 36.208
-115.298 36.202
-115.310 36.195
-115.302 36.176
-115.261 36.045
-115.291 36.052
-115.288 36.028
-115.112 36.015
-115.224 36.064
-115.311 36.270
-115.273 36.256
-115.280 36.257
-115.265 36.259
-115.016 36.083
-115.219 36.149
-115.219 36.146
-114.317 36.338
-114.960 36.225
-115.320 36.326
-114.528 36.485
-115.130 35.957
-115.174 35.926
-115.289 36.078
-115.109 36.163
-115.173 36.090
-115.066 36.062
-115.071 36.059
-115.123 36.046
-115.134 36.046
-115.145 36.046
-115.284 36.132
-115.293 36.131
-115.302 36.133
-115.145 36.108
-115.157 36.104
-115.159 36.111
-115.154 36.109
-115.105 36.148
-115.097 36.148
-115.097 36.157
-115.097 36.154
-115.221 36.200
-115.221 36.192
-115.229 36.193
-115.238 36.192
-115.290 36.201
-115.304 36.198
-115.295 36.184
-115.271 36.005
-115.285 36.005
-115.294 36.005
-115.261 36.031
-115.239 36.049
-115.230 36.053
-115.322 36.270
-115.332 36.265
-115.332 36.262
-115.328 36.259
-115.342 36.331
-115.348 36.326
-115.317 36.331
-115.316 36.327
-115.125 36.254
-115.312 36.282
-115.152 35.958
-115.149 35.960
-115.113 36.172
-115.079 36.062
-115.076 36.068
-115.145 36.053
-115.129 36.054
-115.137 36.062
-115.126 36.060
-115.289 36.136
-115.287 36.142
-115.144 36.119
-115.151 36.121
-115.159 36.118
-115.172 36.108
-115.106 36.154
-115.107 36.157
-115.118 36.155
-115.127 36.148
-115.294 36.194
-115.183 36.195
-115.166 36.190
-115.123 36.197
-115.134 36.196
-115.130 36.185
-115.235 36.033
-115.222 36.042
-115.214 36.039
-115.326 36.280
-115.324 36.286
-115.320 36.283
-115.314 36.288
-115.302 36.280
-115.303 36.285
-115.283 36.294
-115.084 36.080
-115.078 36.074
-115.062 36.073
-115.271 36.121
-115.265 36.126
-115.265 36.133
-115.274 36.133
-115.298 36.139
-115.302 36.143
-115.310 36.135
-115.312 36.141
-115.173 36.120
-115.177 36.132
-115.172 36.140
-115.164 36.132
-115.129 36.156
-115.147 36.146
-115.146 36.151
-115.088 36.170
-115.104 36.170
-115.099 36.162
-115.218 36.053
-115.200 36.086
-115.162 36.058
-115.198 36.064
-115.132 36.010
-115.285 36.289
-115.293 36.288
-115.280 36.294
-115.141 36.010
-115.144 36.003
-115.054 36.074
-115.049 36.071
-115.044 36.073
-115.016 36.075
-115.270 36.140
-115.256 36.109
-115.246 36.107
-115.318 36.137
-115.270 36.148
-115.266 36.155
-115.275 36.155
-115.148 36.132
-115.144 36.136
-115.150 36.141
-115.137 36.152
-115.145 36.156
-115.251 36.150
-115.200 36.047
-115.186 36.042
-115.205 36.024
-115.153 36.003
-115.124 36.007
-115.116 35.998
-115.091 36.048
-115.293 36.279
-115.286 36.276
-115.257 36.103
-115.270 36.104
-115.030 36.072
-115.031 36.080
-115.025 36.086
-115.252 36.111
-115.247 36.117
-115.253 36.123
-115.229 36.124
-115.233 36.147
-115.225 36.150
-115.002 36.080
-115.204 36.148
-115.196 36.148
-115.128 36.133
-115.128 36.141
-115.114 36.135
-115.115 36.142
-115.257 36.155
-115.238 36.151
-115.239 36.157
-115.228 36.156
-115.286 36.275
-115.298 36.264
-115.269 36.271
-115.132 36.003
