-95.494 35.436
-95.617 35.503
-95.562 35.277
-95.532 35.461
-95.825 35.425
-95.730 35.271
-95.748 35.515
-95.942 35.347
-95.623 35.286
-95.671 35.433
-95.593 35.355
-95.409 35.474
-95.887 35.251
-95.466 35.343
-95.552 35.497
-95.733 35.365
-94.867 36.971
-94.689 36.738
-94.667 36.957
-94.920 36.811
-94.886 36.885
-94.866 36.892
-94.787 36.849
-94.882 36.873
-94.895 36.843
-94.867 36.932
-94.945 36.714
-94.866 36.868
-94.867 36.878
-94.955 36.893
-94.821 36.729
-94.919 36.907
-94.763 36.953
-94.683 36.864
-94.959 36.962
-94.868 36.883
-94.827 36.914
-97.366 36.533
-97.067 36.266
-97.147 36.359
-96.947 36.275
-97.286 36.293
-97.016 36.325
-97.091 36.553
-97.142 36.457
-97.089 36.213
-97.318 36.283
-97.291 36.285
-97.405 36.252
-97.295 36.216
-97.286 36.329
-97.349 36.411
-97.197 36.248
-97.337 36.316
-97.027 34.393
-96.980 34.502
-97.043 34.475
-97.008 34.524
-97.221 34.440
-96.915 34.527
-96.879 34.560
-96.976 34.531
-97.105 34.595
-96.986 34.590
-97.092 34.545
-96.935 34.427
-98.196 35.005
-98.299 35.303
-98.260 35.048
-98.445 35.071
-98.420 35.359
-98.397 35.476
-98.571 35.237
-98.555 35.478
-98.568 35.341
-98.559 35.092
-98.463 35.233
-98.447 34.920
-98.344 35.036
-98.265 35.094
-98.229 34.924
-98.143 35.317
-98.137 34.920
-98.317 35.183
-98.168 35.190
-98.248 35.067
-98.305 35.086
-98.175 35.046
-98.171 35.095
-98.259 35.067
-99.460 35.610
-99.929 35.707
-99.588 35.679
-99.810 35.857
-99.694 35.478
-99.905 35.525
-99.750 35.704
-99.697 35.574
-99.459 35.858
-97.337 35.955
-97.250 35.773
-97.441 36.140
-97.381 35.759
-97.416 35.860
-97.450 36.050
-97.521 35.883
-97.422 35.874
-97.645 35.781
-97.420 35.881
-97.262 35.957
-97.395 35.819
-97.606 36.092
-97.552 35.812
-97.430 35.761
-97.609 35.941
-97.484 35.742
-97.267 35.950
-97.370 35.878
-97.236 35.870
-97.480 35.794
-97.436 35.942
-99.597 36.841
-99.449 36.775
-99.905 36.781
-99.901 36.704
-99.692 36.667
-99.865 36.731
-99.699 36.848
-99.634 36.839
-96.349 34.470
-96.454 34.479
-96.326 34.609
-96.252 34.519
-96.295 34.537
-96.438 34.610
-96.227 34.459
-96.167 34.587
-96.334 34.723
-96.183 34.698
-96.161 34.519
-94.961 35.497
-94.557 35.475
-95.085 35.598
-94.982 35.456
-94.534 35.433
-95.031 35.547
-94.618 35.484
-94.795 35.479
-95.060 35.493
-94.805 35.375
-94.610 35.434
-94.811 35.450
-94.749 35.593
-94.766 35.470
-94.764 35.504
-94.549 35.356
-94.945 35.580
-94.689 35.434
-95.001 35.604
-94.679 35.356
-94.880 35.416
-94.886 35.495
-94.516 35.539
-94.556 35.596
-94.855 35.579
-95.109 35.522
-94.752 35.418
-94.497 35.368
-94.613 35.357
-94.477 35.457
-94.664 35.498
-94.673 35.566
-95.861 36.102
-95.910 36.130
-95.935 36.129
-95.904 36.117
-95.842 36.183
-95.949 36.172
-95.997 36.141
-95.952 36.051
-95.949 36.117
-95.973 36.145
-95.895 36.035
-95.951 36.128
-95.931 36.025
-95.913 36.025
-95.953 36.032
-95.789 35.996
-95.932 36.059
-95.819 36.010
-96.131 36.146
-95.865 36.126
-95.909 36.097
-95.932 36.100
-95.842 36.141
-95.977 36.169
-95.883 35.996
-96.055 36.146
-95.811 36.069
-95.825 36.115
-95.996 36.187
-95.895 36.064
-95.949 36.068
-95.955 36.084
-95.839 36.271
-96.002 36.051
-95.842 36.349
-95.950 36.164
-95.913 36.050
-95.984 36.128
-95.896 36.159
-95.771 36.141
-95.967 36.094
-95.936 36.154
-95.876 36.123
-96.131 36.099
-95.967 36.115
-95.834 36.317
-95.963 36.086
-96.097 36.154
-95.947 36.083
-95.896 36.079
-96.107 36.092
-96.014 35.910
-95.918 36.095
-95.877 36.039
-96.129 36.112
-95.895 36.042
-95.863 36.155
-95.954 36.154
-95.914 36.141
-95.971 36.066
-95.855 36.151
-95.909 36.123
-95.806 36.054
-95.913 36.068
-95.898 36.310
-95.931 36.165
-95.917 36.121
-95.878 36.072
-95.857 36.138
-95.966 36.197
-95.857 36.264
-95.914 35.988
-95.885 35.972
-95.824 36.108
-95.838 36.112
-95.777 36.034
-95.921 36.053
-95.986 36.138
-95.930 36.094
-95.927 36.127
-95.895 36.010
-95.789 36.104
-95.893 36.195
-96.266 36.113
-95.878 36.010
-95.860 36.068
-95.739 35.880
-95.896 36.152
-95.980 36.122
-95.855 36.112
-95.809 36.155
-95.892 36.137
-95.931 36.182
-95.999 36.108
-96.032 36.104
-95.994 35.974
-96.210 36.126
-95.932 36.004
-95.991 36.152
-95.963 36.054
-95.864 36.110
-95.895 36.087
-95.779 36.083
-95.876 36.052
-95.824 36.025
-95.927 36.081
-95.963 36.166
-95.878 35.885
-95.900 35.995
-95.934 36.086
-95.949 36.097
-95.950 36.145
-95.994 36.213
-95.842 36.039
-95.870 36.142
-96.025 36.095
-95.860 36.054
-96.162 36.112
-95.897 36.130
-95.966 36.183
-95.981 36.092
-95.913 36.039
-95.825 36.130
-95.878 36.025
-95.815 35.996
-95.860 36.032
-95.807 36.043
-95.982 36.081
-96.057 36.122
-95.895 36.025
-95.993 36.246
-95.903 36.380
-95.824 36.039
-95.818 35.976
-95.813 35.927
-95.895 36.057
-95.909 36.170
-95.962 36.067
-95.975 36.000
-95.827 36.262
-95.968 36.122
-95.806 36.025
-95.824 36.123
-95.944 36.028
-95.789 36.025
-95.815 36.141
-95.795 36.131
-95.842 36.054
-95.957 36.311
-96.108 36.141
-96.034 36.153
-95.949 36.242
-95.895 36.102
-95.981 36.115
-95.945 36.153
-96.066 36.088
-95.933 36.139
-95.966 36.030
-95.781 35.958
-95.981 36.105
-95.948 36.138
-95.836 36.067
-95.893 36.262
-95.848 35.964
-95.962 36.140
-95.927 36.154
-95.927 36.114
-95.972 36.212
-95.780 36.068
-95.793 36.014
-96.070 36.151
-96.016 36.099
-96.001 36.133
-95.914 36.057
-95.994 36.168
-95.847 36.228
-95.949 36.108
-95.909 36.155
-96.005 36.014
-95.982 36.236
-95.919 36.127
-95.974 36.138
-95.857 36.300
-96.011 36.154
-95.967 36.108
-95.963 36.079
-95.938 36.201
-95.994 36.230
-95.928 36.144
-95.988 36.199
-95.918 36.154
-95.855 36.126
-95.846 36.156
-95.932 36.050
-95.850 36.089
-95.932 36.173
-95.851 36.003
-95.909 35.938
-95.913 36.083
-95.967 36.101
-95.930 36.069
-95.966 35.901
-95.878 36.083
-95.895 36.072
-95.963 36.150
-95.891 36.170
-95.878 36.097
-95.944 35.974
-95.915 36.223
-95.966 36.152
-95.914 36.109
-95.842 36.025
-95.878 36.062
-95.806 36.036
-95.847 36.112
-95.911 36.054
-95.901 36.093
-95.935 36.118
-95.830 36.286
-96.021 35.974
-95.931 36.039
-95.961 36.380
-95.818 36.088
-95.977 36.063
-95.846 36.392
-96.021 36.068
-95.786 35.981
-95.963 36.264
-95.938 36.079
-95.883 36.128
-95.898 36.123
-96.017 36.083
-95.877 36.155
-95.872 36.111
-95.896 36.144
-95.974 36.154
-95.900 36.169
-95.771 36.054
-95.840 36.125
-95.913 36.010
-95.949 36.184
-95.770 35.997
-95.846 36.128
-95.878 36.170
-95.962 36.156
-95.933 36.107
-95.972 36.082
-95.788 36.054
-95.895 36.050
-95.824 36.054
-95.947 36.056
-95.918 36.168
-95.985 36.183
-95.967 36.129
-96.097 36.136
-95.987 36.293
-95.792 36.007
-95.958 36.224
-95.884 36.113
-95.753 36.104
-95.640 35.980
-97.515 36.881
-97.777 36.911
-97.564 36.683
-97.972 36.896
-97.850 36.649
-98.069 36.690
-97.643 36.839
-98.083 36.894
-97.876 36.749
-95.386 35.952
-95.726 35.952
-95.708 36.054
-95.753 36.083
-95.388 35.974
-95.375 35.825
-95.254 36.037
-95.616 36.059
-95.642 35.944
-95.753 36.068
-95.603 36.012
-95.319 36.004
-95.695 36.016
-95.726 36.141
-95.680 35.929
-95.681 35.988
-95.373 35.930
-95.337 35.968
-95.591 35.822
-95.551 35.874
-95.699 36.068
-95.641 35.892
-95.457 35.834
-95.315 36.059
-95.494 35.908
-95.450 35.998
-95.306 35.933
-95.613 35.939
-95.681 36.133
-95.661 35.951
-95.347 35.950
-95.548 35.967
-95.717 36.097
-95.624 36.119
-95.729 36.063
-95.707 36.031
-95.744 36.036
-95.322 35.864
-95.664 35.966
-95.726 36.003
-97.080 36.134
-96.762 35.967
-97.016 36.122
-97.070 36.138
-97.085 36.160
-96.845 35.962
-97.085 36.097
-96.753 36.010
-96.754 35.984
-97.076 36.122
-97.045 36.104
-97.062 36.127
-96.743 35.971
-94.817 36.588
-94.686 36.285
-94.951 36.640
-94.728 36.576
-94.879 36.383
-94.689 36.398
-94.922 36.313
-94.963 36.563
-94.869 36.618
-94.789 36.548
-94.803 36.398
-94.845 36.193
-94.812 36.452
-94.892 36.246
-94.634 36.199
-94.642 35.231
-94.484 35.226
-94.710 35.166
-94.758 34.965
-94.984 34.749
-94.516 34.985
-94.526 35.277
-94.534 34.903
-94.867 34.687
-94.506 34.848
-94.680 36.522
-94.800 36.657
-94.869 36.517
-94.674 36.623
-94.958 36.438
-94.810 36.320
-94.778 36.624
-97.056 36.070
-97.034 36.116
-94.652 34.950
-94.698 35.244
-94.841 35.076
-94.444 35.337
-94.707 35.114
-94.576 35.295
-94.592 35.036
-94.978 34.870
-94.503 35.072
-94.465 35.279
-94.865 34.867
-94.762 34.852
-94.763 35.284
-94.601 35.095
-96.863 36.113
-97.064 36.117
-96.770 35.989
-97.080 36.118
-94.693 34.756
-94.638 34.824
-94.657 35.003
-94.611 35.233
-94.878 34.982
-94.769 35.021
-94.526 34.772
-94.645 35.089
-94.684 35.056
-94.650 34.664
-94.711 34.562
-94.671 34.892
-94.540 35.157
-94.848 35.162
-97.061 36.100
-97.248 36.088
-97.036 36.129
-97.114 36.106
-97.041 36.177
-96.863 36.031
-97.052 36.165
-97.055 36.120
-97.000 35.986
-96.914 36.201
-96.967 36.102
-97.068 36.130
-96.970 36.062
-96.667 35.989
-96.978 36.141
-97.146 36.010
-97.074 36.112
-96.708 36.100
-97.059 36.139
-95.497 36.678
-95.739 36.919
-95.581 36.787
-95.512 36.868
-95.627 36.643
-95.719 36.771
-95.675 36.885
-95.645 36.706
-95.545 36.964
-95.597 36.727
-95.740 36.663
-99.477 35.199
-99.617 35.327
-99.487 35.375
-99.574 35.392
-99.652 35.301
-99.811 35.154
-99.848 35.364
-99.417 35.417
-99.464 35.461
-99.594 35.267
-99.874 35.249
-99.437 35.334
-97.539 35.477
-97.517 35.384
-97.539 35.505
-97.535 35.413
-97.400 35.572
-97.549 35.631
-97.317 35.698
-97.416 35.487
-97.283 35.471
-97.437 35.439
-97.647 35.587
-97.509 35.604
-97.570 35.416
-97.574 35.445
-97.180 35.487
-97.549 35.616
-97.447 35.452
-97.562 35.385
-97.574 35.543
-97.557 35.447
-97.450 35.428
-97.591 35.564
-97.320 35.593
-97.463 35.538
-97.610 35.541
-97.475 35.616
-97.569 35.390
-97.261 35.527
-97.562 35.400
-97.433 35.653
-97.327 35.471
-97.452 35.653
-97.253 35.491
-97.559 35.483
-97.473 35.480
-97.347 35.405
-97.591 35.541
-97.283 35.486
-97.558 35.585
-97.594 35.595
-97.447 35.484
-97.558 35.574
-97.606 35.501
-97.451 35.458
-97.450 35.617
-97.561 35.542
-97.539 35.424
-97.617 35.558
-97.502 35.493
-97.397 35.442
-97.339 35.561
-97.552 35.494
-97.413 35.444
-97.552 35.413
-97.440 35.471
-97.353 35.457
-97.612 35.517
-97.467 35.631
-97.535 35.562
-97.650 35.482
-97.563 35.557
-97.592 35.489
-97.546 35.572
-97.612 35.602
-97.606 35.491
-97.630 35.517
-97.629 35.534
-97.528 35.645
-97.527 35.658
-97.537 35.571
-97.412 35.480
-97.554 35.547
-97.641 35.497
-97.245 35.451
-97.647 35.437
-97.609 35.532
-97.539 35.544
-97.664 35.494
-97.481 35.515
-97.545 35.589
-97.331 35.580
-97.556 35.591
-97.623 35.687
-97.474 35.463
-97.492 35.612
-97.660 35.600
-97.501 35.433
-97.550 35.563
-97.539 35.384
-97.590 35.501
-97.380 35.447
-97.513 35.446
-97.548 35.509
-97.481 35.684
-97.523 35.421
-97.597 35.530
-97.519 35.431
-97.565 35.572
-97.630 35.587
-97.461 35.579
-97.323 35.562
-97.576 35.588
-97.563 35.588
-97.655 35.516
-97.626 35.492
-97.496 35.542
-97.291 35.399
-97.615 35.500
-97.178 35.381
-97.575 35.493
-97.468 35.443
-97.490 35.646
-97.469 35.674
-97.650 35.493
-97.533 35.516
-97.498 35.501
-97.641 35.490
-97.576 35.429
-97.668 35.559
-97.229 35.555
-97.433 35.424
-97.624 35.399
-97.577 35.418
-97.544 35.430
-97.461 35.605
-97.392 35.486
-97.188 35.533
-97.553 35.384
-97.428 35.438
-97.647 35.571
-97.544 35.413
-97.415 35.470
-97.606 35.526
-97.572 35.505
-97.186 35.471
-97.402 35.483
-97.632 35.547
-97.491 35.416
-97.441 35.515
-97.562 35.492
-97.522 35.487
-97.480 35.634
-97.558 35.506
-97.550 35.697
-97.492 35.604
-97.544 35.602
-97.436 35.598
-97.504 35.661
-97.530 35.550
-97.477 35.500
-97.193 35.697
-97.396 35.471
-97.450 35.399
-97.433 35.612
-97.489 35.660
-97.215 35.459
-97.445 35.714
-97.362 35.485
-97.494 35.475
-97.433 35.457
-97.549 35.646
-97.467 35.659
-97.514 35.711
-97.293 35.520
-97.524 35.558
-97.526 35.439
-97.314 35.555
-97.593 35.482
-97.467 35.457
-97.517 35.622
-97.294 35.540
-97.545 35.556
-97.292 35.443
-97.267 35.437
-97.654 35.537
-97.377 35.468
-97.538 35.463
-97.561 35.413
-97.571 35.403
-97.486 35.392
-97.379 35.500
-97.537 35.564
-97.318 35.500
-97.523 35.602
-97.478 35.661
-97.515 35.399
-97.588 35.529
-97.547 35.530
-97.546 35.397
-97.416 35.455
-97.327 35.640
-97.488 35.486
-97.664 35.576
-97.620 35.536
-97.501 35.393
-97.567 35.468
-97.314 35.544
-97.576 35.526
-97.383 35.601
-97.468 35.403
-97.497 35.442
-97.518 35.646
-97.508 35.496
-97.344 35.489
-97.397 35.457
-97.612 35.588
-97.536 35.552
-97.327 35.522
-97.517 35.660
-97.419 35.438
-97.192 35.577
-97.540 35.584
-97.505 35.425
-97.627 35.503
-97.630 35.510
-97.393 35.663
-97.552 35.596
-97.432 35.392
-97.667 35.588
-97.606 35.484
-97.228 35.409
-97.613 35.547
-97.556 35.518
-97.576 35.610
-97.517 35.583
-97.526 35.403
-97.478 35.436
-97.585 35.606
-97.318 35.486
-97.621 35.463
-97.505 35.646
-97.539 35.439
-97.599 35.434
-97.374 35.434
-97.520 35.515
-97.586 35.536
-97.234 35.382
-97.539 35.497
-97.514 35.682
-97.362 35.443
-97.362 35.471
-97.264 35.591
-97.452 35.682
-97.626 35.573
-97.521 35.465
-97.389 35.529
-97.493 35.456
-97.578 35.484
-97.539 35.403
-97.656 35.620
-97.292 35.500
-97.533 35.552
-97.562 35.602
-97.521 35.500
-97.660 35.471
-97.540 35.450
-97.603 35.624
-97.252 35.673
-97.333 35.447
-97.432 35.414
-97.570 35.380
-97.399 35.408
-97.597 35.475
-97.470 35.647
-97.539 35.490
-97.166 35.444
-97.592 35.515
-97.549 35.660
-97.563 35.427
-97.500 35.630
-97.514 35.413
-97.536 35.555
-97.625 35.522
-97.628 35.560
-97.169 35.404
-97.494 35.572
-97.603 35.646
-97.536 35.560
-97.606 35.511
-97.484 35.458
-97.443 35.631
-97.652 35.556
-97.630 35.602
-97.177 35.634
-97.599 35.501
-97.450 35.442
-97.636 35.502
-97.576 35.602
-97.575 35.517
-97.505 35.464
-97.573 35.533
-97.615 35.490
-97.623 35.482
-97.651 35.504
-97.517 35.530
-98.811 35.380
-99.004 35.412
-99.104 35.344
-99.244 35.195
-98.724 35.192
-98.992 35.176
-99.296 35.381
-99.191 35.372
-98.853 35.258
-99.126 35.277
-98.676 35.378
-98.984 35.290
-99.907 34.688
-99.881 34.918
-99.959 34.633
-99.858 34.596
-99.845 34.766
-99.858 34.675
-99.956 34.777
-99.737 34.649
-96.266 34.208
-96.067 34.355
-96.216 34.312
-96.114 34.269
-95.995 34.614
-96.154 34.402
-95.789 34.524
-96.124 34.379
-97.888 34.324
-97.968 34.515
-98.088 34.615
-97.965 34.585
-96.190 34.383
-96.327 34.351
-96.105 34.433
-95.966 34.469
-95.858 34.306
-95.970 34.235
-97.978 34.629
-97.943 34.514
-97.656 34.609
-97.962 34.501
-97.669 34.354
-97.881 34.488
-97.958 34.527
-98.072 34.470
-97.809 34.617
-97.957 34.419
-97.917 34.661
-97.853 34.390
-97.702 34.489
-98.061 34.340
-97.971 34.469
-97.636 34.438
-97.928 34.621
-97.983 34.536
-97.998 34.514
-97.862 34.578
-97.946 34.539
-98.001 34.663
-97.996 34.494
-97.134 33.790
-97.161 33.899
-97.167 33.959
-97.067 33.892
-97.086 33.981
-97.139 34.029
-97.491 34.026
-97.500 33.949
-97.011 33.993
-97.322 33.949
-97.293 34.025
-97.401 33.876
-97.943 34.500
-97.058 36.717
-97.097 36.700
-97.293 36.831
-97.058 36.879
-97.298 36.767
-97.294 36.657
-97.106 36.739
-97.049 36.919
-97.092 36.709
-97.404 36.811
-97.380 36.932
-97.313 36.804
-97.049 36.890
-97.102 36.652
-97.103 36.782
-97.077 36.715
-97.089 36.691
-97.219 36.927
-96.937 36.729
-96.881 36.823
-96.996 36.724
-96.902 36.772
-97.370 36.669
-95.096 34.631
-95.426 34.423
-95.640 34.421
-95.345 34.228
-95.549 34.234
-95.471 34.563
-95.467 34.331
-95.548 34.187
-95.135 34.404
-95.727 34.392
-95.696 34.221
-95.263 34.652
-95.194 34.212
-95.605 34.315
-95.221 34.498
-97.072 36.694
-97.041 36.753
-97.003 36.797
-97.058 36.731
-96.846 36.929
-97.300 36.696
-97.076 36.739
-97.183 36.820
-97.195 36.703
-97.032 36.724
-99.066 36.034
-98.932 35.872
-99.227 35.994
-99.249 36.123
-98.771 36.114
-98.917 36.013
-98.725 35.973
-99.291 35.892
-98.691 35.854
-98.949 36.127
-98.500 36.288
-98.479 36.429
-98.506 36.239
-98.288 36.350
-98.355 36.221
-98.270 36.426
-98.854 36.412
-98.873 36.289
-98.644 36.340
-98.669 36.234
-98.186 36.252
-98.603 36.184
-98.858 36.199
-96.765 36.487
-96.763 36.255
-96.464 36.273
-96.345 36.217
-96.465 36.194
-96.510 36.306
-96.616 36.351
-96.598 36.193
-96.567 36.255
-96.341 36.177
-96.871 36.401
-97.089 35.514
-96.769 35.735
-96.867 35.484
-96.980 35.528
-96.726 35.889
-96.692 35.519
-96.881 35.872
-96.883 35.741
-96.657 35.628
-97.082 35.712
-96.828 35.611
-96.834 35.674
-96.956 35.767
-96.993 35.663
-96.865 35.550
-97.045 35.811
-97.043 35.890
-97.090 35.600
-96.668 35.799
-96.923 35.679
-96.722 35.522
-96.668 35.711
-95.281 34.919
-95.310 34.730
-95.373 34.980
-95.350 34.877
-95.477 34.875
-95.415 34.787
-95.083 34.871
-95.201 34.917
-95.053 34.994
-95.283 34.817
-95.130 34.737
-95.352 34.926
-95.533 34.010
-96.892 34.037
-96.637 34.093
-95.498 34.012
-95.708 34.083
-95.350 34.024
-95.420 33.946
-95.273 34.013
-95.479 34.080
-95.514 34.001
-95.576 34.094
-96.778 34.085
-96.874 34.116
-96.753 34.123
-96.714 34.032
-96.773 34.107
-96.732 33.961
-96.759 33.890
-96.861 33.936
-96.626 33.949
-95.311 33.923
-95.716 33.932
-95.192 34.056
-95.501 34.006
-95.854 34.017
-95.491 33.915
-95.339 34.111
-95.594 33.982
-98.225 36.910
-98.287 36.576
-98.444 36.499
-98.160 36.745
-98.267 36.757
-98.446 36.579
-98.450 36.788
-98.158 36.576
-98.445 36.690
-98.443 36.909
-94.546 35.772
-94.775 35.803
-94.552 35.857
-94.671 35.792
-94.755 35.704
-94.613 35.824
-94.667 35.710
-94.758 36.003
-94.617 35.995
-94.561 35.695
-94.612 36.105
-94.558 35.970
-94.690 35.962
-94.624 35.898
-94.728 36.095
-94.736 35.881
-94.671 35.817
-98.426 35.832
-98.302 35.869
-98.366 35.967
-98.345 36.088
-98.557 36.069
-98.564 35.944
-98.417 35.754
-98.528 35.856
-98.441 35.645
-98.585 35.615
-100.603 36.913
-100.506 36.746
-100.449 36.893
-100.195 36.895
-100.156 36.641
-100.796 36.637
-100.486 36.583
-100.838 36.875
-97.396 34.370
-97.104 34.145
-97.129 34.191
-97.133 34.179
-97.137 34.165
-97.161 34.151
-97.483 34.463
-97.050 34.109
-97.221 34.194
-97.160 34.180
-97.140 34.236
-97.317 34.210
-96.990 34.230
-97.134 34.150
-97.461 34.191
-97.378 34.245
-97.295 34.124
-97.483 34.243
-97.509 34.351
-97.215 34.321
-97.184 34.218
-97.066 34.307
-97.089 34.188
-97.298 34.275
-97.463 34.118
-97.117 34.176
-97.191 34.111
-97.535 35.254
-97.517 35.354
-97.453 35.222
-97.503 35.367
-97.483 35.327
-97.408 35.144
-97.276 35.253
-97.383 35.175
-97.420 35.291
-97.464 35.211
-97.502 35.207
-97.556 35.341
-97.455 35.211
-97.539 35.356
-97.472 35.211
-97.457 35.305
-97.468 35.341
-97.529 35.300
-97.507 35.325
-97.436 35.200
-97.503 35.226
-97.432 35.226
-97.416 35.196
-97.450 35.229
-97.480 35.212
-97.370 35.101
-97.557 35.356
-97.521 35.342
-97.369 35.256
-97.539 35.370
-97.443 35.334
-97.213 35.223
-97.441 35.262
-97.327 35.182
-97.452 35.240
-97.505 35.243
-97.415 35.226
-97.187 35.344
-97.293 35.167
-97.237 35.088
-97.455 35.197
-97.369 35.349
-97.442 35.363
-97.517 35.313
-97.468 35.356
-97.510 35.372
-97.485 35.342
-97.393 35.208
-97.490 35.356
-97.469 35.327
-97.205 35.370
-97.573 35.361
-97.557 35.370
-97.500 35.310
-97.490 35.240
-97.501 35.340
-97.526 35.370
-97.275 35.292
-97.356 35.136
-97.278 35.370
-97.473 35.226
-97.626 35.363
-97.502 35.357
-97.539 35.341
-97.431 35.170
-97.444 35.216
-97.438 35.189
-97.571 35.319
-97.490 35.226
-97.436 35.241
-97.415 35.211
-97.320 35.212
-97.471 35.247
-97.478 35.368
-97.406 35.240
-97.191 35.304
-97.469 35.200
-97.533 35.322
-97.276 35.340
-97.182 35.192
-97.468 35.183
-97.248 35.007
-97.430 35.212
-97.196 35.144
-97.159 35.237
-97.623 35.332
-97.499 35.269
-97.501 35.237
-97.460 35.191
-102.867 36.715
-102.238 36.853
-102.615 36.860
-102.604 36.686
-102.515 36.582
-102.212 36.608
-95.870 36.619
-95.992 36.753
-95.859 36.826
-95.925 36.752
-95.966 36.599
-95.907 36.938
-95.972 36.733
-95.959 36.490
-95.940 36.746
-95.944 36.735
-95.917 36.764
-95.867 36.496
-95.933 36.796
-95.961 36.761
-95.908 36.750
-95.957 36.823
-95.954 36.674
-95.995 36.776
-95.987 36.688
-95.907 36.720
-95.859 36.709
-95.952 36.717
-95.926 36.735
-99.258 36.390
-99.442 36.453
-99.360 36.447
-99.539 36.534
-99.490 36.388
-99.022 36.433
-99.358 36.527
-99.407 36.420
-99.176 36.701
-99.313 36.379
-99.416 36.412
-99.170 36.474
-99.140 36.223
-99.425 36.245
-99.386 36.434
-97.702 35.478
-97.742 35.428
-97.733 35.456
-98.047 35.456
-97.814 35.526
-97.750 35.487
-98.135 35.404
-97.980 35.563
-97.709 35.356
-97.739 35.490
-98.194 35.684
-97.733 35.399
-97.723 35.532
-97.694 35.505
-98.018 35.546
-96.413 33.908
-96.103 33.891
-96.415 34.041
-96.556 33.874
-96.239 34.009
-96.504 34.058
-96.479 33.934
-96.330 33.895
-96.200 34.119
-96.389 33.975
-96.147 34.021
-95.982 33.985
-96.558 33.986
-97.816 35.591
-97.765 35.500
-98.131 35.590
-97.716 35.571
-97.948 35.682
-97.702 35.434
-95.240 36.552
-96.229 33.808
-96.339 33.977
-96.405 34.002
-97.721 35.623
-97.904 35.520
-97.794 35.367
-95.340 36.658
-95.076 36.547
-95.140 36.646
-95.168 36.631
-95.056 36.740
-95.244 36.691
-95.366 36.948
-95.330 36.813
-95.097 36.817
-95.159 36.722
-96.402 34.010
-96.380 34.022
-96.380 33.992
-96.403 33.832
-97.732 35.485
-97.729 35.687
-98.255 35.442
-97.730 35.502
-97.747 35.500
-97.961 35.527
-95.161 36.649
-95.153 36.637
-95.073 36.634
-95.241 36.928
-96.376 34.004
-96.422 34.106
-96.444 33.982
-96.350 33.756
-96.483 33.827
-96.251 33.905
-96.316 34.015
-96.315 34.047
-97.734 35.515
-97.753 35.384
-97.738 35.499
-95.091 36.921
-94.878 35.984
-95.003 35.968
-94.845 35.785
-95.007 35.894
-94.983 35.934
-94.996 35.853
-94.961 35.922
-94.983 36.021
-95.080 35.994
-94.843 35.930
-97.737 35.367
-97.693 35.401
-97.977 35.718
-97.692 35.462
-94.948 35.931
-95.173 36.033
-94.941 35.890
-94.869 35.866
-94.952 35.912
-95.017 36.112
-94.893 35.688
-95.018 35.738
-95.077 35.837
-95.076 35.927
-94.863 36.094
-97.946 35.527
-97.862 35.480
-97.965 35.516
-97.952 35.600
-97.694 35.452
-95.094 36.052
-95.213 35.950
-94.970 35.887
-95.183 35.866
-97.949 35.511
-98.265 35.615
-98.178 35.540
-97.798 35.423
-97.928 35.406
-98.057 35.507
-98.183 35.498
-97.747 35.472
-97.722 35.466
-97.749 35.458
-98.345 34.548
-98.358 34.602
-98.396 34.609
-98.586 34.461
-98.458 34.584
-98.625 34.583
-98.431 34.602
-98.153 34.761
-98.318 34.594
-98.438 34.755
-98.502 34.615
-98.397 34.730
-98.413 34.609
-98.405 34.545
-98.483 34.685
-98.297 34.745
-98.646 34.663
-98.431 34.616
-98.466 34.616
-98.383 34.606
-98.253 34.829
-98.281 34.619
-98.449 34.616
-98.466 34.631
-98.329 34.697
-98.412 34.588
-98.490 34.601
-98.404 34.714
-98.431 34.631
-98.518 34.546
-98.691 34.776
-98.401 34.478
-98.448 34.631
-98.409 34.598
-98.669 35.590
-98.772 35.536
-98.776 35.595
-99.237 35.656
-98.986 35.594
-98.955 35.725
-98.739 35.728
-98.971 35.512
-99.089 35.493
-98.727 35.495
-98.991 35.515
-98.501 34.631
-98.529 34.746
-98.393 34.589
-98.215 34.563
-98.405 34.631
-98.982 35.512
-98.458 34.820
-98.761 34.585
-98.406 34.620
-99.645 36.370
-99.706 36.537
-99.905 36.535
-99.910 36.316
-99.837 36.262
-99.784 36.050
-99.837 36.283
-99.525 36.056
-99.750 36.361
-96.831 36.580
-96.029 36.173
-96.353 36.639
-96.024 36.389
-96.703 36.724
-96.415 36.454
-96.168 36.453
-96.204 36.215
-96.957 36.643
-96.717 36.818
-96.079 36.264
-96.016 36.191
-96.831 36.723
-96.325 36.287
-96.109 36.359
-96.373 36.748
-96.170 36.585
-96.395 36.413
-96.198 36.746
-96.331 36.550
-96.019 36.211
-96.284 36.910
-96.111 36.200
-96.612 36.591
-96.011 36.167
-96.572 36.784
-96.055 36.670
-96.084 36.921
-96.584 36.931
-96.571 36.404
-98.828 36.775
-98.660 36.803
-98.630 36.514
-98.602 36.663
-98.857 36.610
-98.712 36.883
-99.143 36.885
-98.694 36.693
-97.910 34.259
-97.840 34.110
-97.944 34.183
-98.096 34.212
-97.649 34.013
-97.994 34.160
-97.984 34.114
-97.870 33.905
-97.920 34.020
-97.676 34.185
-96.939 35.348
-96.901 35.395
-97.051 34.963
-96.891 35.319
-101.695 36.650
-101.430 36.754
-101.813 36.878
-101.337 36.724
-101.068 36.947
-101.550 36.701
-98.047 36.259
-97.558 36.455
-97.961 36.398
-101.031 36.826
-101.429 36.709
-97.855 36.407
-97.896 36.380
-97.917 36.427
-101.899 36.619
-101.203 36.859
-101.434 36.585
-101.502 36.670
-101.440 36.889
-101.096 36.719
-101.129 36.592
-97.899 36.427
-97.860 36.428
-97.908 36.449
-99.376 34.849
-99.695 34.987
-99.602 34.827
-99.497 35.051
-99.471 34.905
-95.942 35.608
-95.910 35.400
-95.972 35.620
-95.852 35.498
-95.925 35.454
-97.917 36.387
-97.967 36.544
-97.729 36.242
-97.881 36.434
-97.953 36.434
-99.496 34.875
-99.417 34.826
-99.482 34.923
-95.983 35.617
-96.138 35.625
-95.977 35.633
-95.949 35.521
-97.714 36.456
-97.889 36.241
-98.046 36.406
-97.802 36.370
-97.632 36.377
-97.890 36.396
-97.878 36.384
-98.043 36.519
-99.534 34.880
-99.412 34.970
-99.481 34.798
-99.333 34.864
-95.968 35.614
-95.967 35.408
-95.936 35.680
-96.149 35.749
-95.990 35.470
-95.972 35.470
-95.846 35.588
-95.971 35.439
-95.764 35.593
-95.977 35.569
-96.023 35.464
-96.031 35.823
-95.905 35.605
-96.044 35.510
-97.877 36.413
-97.817 36.443
-97.946 36.356
-97.846 36.397
-99.527 34.868
-99.379 34.962
-95.953 35.632
-95.999 35.730
-95.765 35.690
-96.069 35.759
-96.016 35.670
-96.044 35.433
-97.865 36.397
-97.905 36.409
-97.839 36.530
-97.565 36.258
-97.864 36.351
-97.900 36.385
-97.605 36.542
-99.497 34.868
-95.965 35.630
-95.956 35.616
-95.877 35.779
-94.985 35.100
-95.086 35.083
-94.967 35.268
-95.081 35.202
-95.278 35.243
-95.257 35.089
-95.249 35.160
-94.879 35.294
-95.012 35.368
-95.042 35.268
-95.127 35.220
-94.991 35.165
-95.123 35.125
-95.405 35.242
-95.170 35.253
-95.094 35.363
-95.942 35.629
-95.890 35.516
-95.847 35.673
-95.789 35.804
-96.046 35.397
-96.046 35.604
-97.089 35.411
-96.917 35.327
-96.914 35.099
-96.898 35.231
-96.959 35.261
-96.925 35.337
-96.893 35.340
-96.862 35.363
-97.080 35.355
-97.090 35.226
-96.979 35.360
-96.816 35.329
-96.917 35.361
-96.891 35.434
-96.814 35.129
-96.717 35.434
-97.055 35.289
-96.924 35.370
-96.870 34.999
-97.072 35.066
-96.929 35.257
-96.820 35.230
-97.022 35.440
-96.972 35.319
-97.013 35.171
-96.903 35.354
-96.382 35.038
-96.412 35.198
-96.264 34.830
-96.251 35.236
-96.153 35.129
-96.345 35.053
-96.437 34.975
-96.320 35.152
-96.199 35.054
-96.346 34.944
-96.236 34.946
-96.056 35.216
-96.132 34.884
-96.443 35.073
-96.375 34.835
-96.407 35.459
-96.272 35.484
-96.340 35.477
-96.121 35.329
-96.240 35.371
-96.396 35.492
-96.025 35.341
-96.463 35.500
-96.377 35.327
-96.433 35.596
-96.152 35.463
-96.288 35.589
-96.343 35.522
-96.346 35.399
-96.562 35.537
-96.871 34.251
-96.711 34.344
-96.522 34.204
-96.651 34.438
-96.774 34.244
-96.622 34.201
-96.638 34.292
-96.515 34.416
-96.810 34.414
-96.462 34.347
-96.702 34.198
-96.447 34.257
-97.367 34.981
-97.596 35.093
-97.517 35.168
-97.427 35.015
-97.182 34.896
-97.295 34.923
-97.578 35.241
-97.508 35.059
-97.362 35.050
-97.471 35.114
-97.656 35.203
-97.639 35.121
-97.662 35.153
-97.434 34.908
-97.330 34.904
-97.015 34.893
-97.619 35.023
-97.369 35.018
-97.378 35.060
-97.623 35.227
-98.374 34.406
-98.454 34.159
-98.553 34.377
-98.207 34.431
-98.379 34.347
-98.336 34.309
-98.556 34.207
-98.489 34.296
-98.306 34.353
-98.208 34.298
-98.272 34.195
-97.570 34.963
-97.600 34.892
-97.642 35.295
-97.595 35.158
-99.348 34.457
-99.351 34.786
-99.256 34.575
-99.431 34.696
-99.339 34.666
-99.588 34.645
-99.308 34.652
-99.325 34.647
-99.333 34.622
-99.161 34.629
-99.290 34.635
-99.633 34.475
-99.354 34.628
-99.286 34.683
-99.457 34.567
-99.199 34.732
-99.338 34.653
-99.325 34.659
-95.316 36.296
-95.235 36.372
-95.390 36.206
-95.389 36.305
-95.057 36.285
-95.059 36.366
-95.134 36.313
-95.355 36.116
-95.115 36.476
-98.153 35.889
-98.079 35.764
-97.745 36.011
-97.729 35.941
-97.956 35.910
-97.916 35.995
-97.860 35.874
-97.855 35.771
-98.031 35.883
-98.114 36.007
-97.731 35.813
-97.916 36.094
-98.099 36.111
-97.937 35.837
-97.947 35.841
-97.759 36.103
-95.078 36.495
-95.112 36.423
-95.231 36.274
-95.040 36.457
-95.155 36.125
-95.230 36.136
-95.242 36.462
-95.294 36.208
-95.392 36.436
-95.209 36.211
-95.326 36.330
-95.332 36.275
-95.084 36.465
-95.301 36.286
-95.251 36.321
-95.093 36.208
-97.213 34.709
-97.568 34.838
-97.214 34.752
-97.248 34.623
-97.514 34.611
-97.260 34.839
-97.398 34.608
-97.143 34.660
-97.407 34.791
-97.443 34.663
-97.287 34.704
-97.484 34.555
-97.146 34.782
-97.508 34.749
-97.006 34.676
-97.276 34.522
-97.303 34.819
-97.235 34.735
-97.304 34.764
-97.615 34.752
-97.322 34.576
-96.999 34.784
-96.117 35.964
-96.431 35.996
-96.571 36.101
-96.057 36.003
-96.134 35.921
-96.456 36.093
-96.407 35.767
-96.128 36.012
-96.175 35.875
-96.407 35.837
-96.566 35.881
-96.123 35.994
-96.271 35.779
-96.430 35.893
-96.564 35.717
-96.154 36.054
-96.111 35.936
-96.039 36.039
-96.065 36.037
-96.570 36.011
-96.102 35.994
-96.108 35.980
-96.176 36.013
-96.485 35.766
-96.106 36.045
-96.092 36.021
-96.346 35.856
-96.053 36.064
-96.359 35.673
-96.142 35.985
-96.066 35.952
-96.263 36.027
-96.216 35.917
-96.291 35.954
-96.375 35.813
-96.340 36.106
-96.123 35.884
-96.067 35.891
-96.609 35.973
-96.564 35.979
-96.401 35.823
-96.086 35.997
-96.147 35.910
-96.611 36.007
-96.621 35.234
-96.483 35.384
-96.648 35.203
-96.533 35.129
-96.569 35.201
-96.546 34.989
-96.767 35.114
-96.707 35.358
-96.736 35.252
-96.706 35.150
-96.732 34.977
-96.645 35.009
-96.559 35.325
-96.483 35.227
-96.661 35.297
-95.543 36.306
-95.787 36.354
-95.667 36.292
-95.647 36.396
-95.592 36.322
-95.699 36.252
-95.726 36.204
-95.783 36.198
-95.553 36.350
-95.644 36.189
-95.656 36.507
-95.792 36.257
-95.772 36.417
-95.653 36.343
-95.534 36.449
-95.528 36.162
-95.790 36.368
-95.726 36.323
-95.473 36.542
-95.761 36.298
-95.738 36.537
-95.796 36.319
-95.522 36.389
-95.705 36.402
-95.672 36.314
-95.806 36.175
-95.741 36.186
-95.635 36.306
-95.607 36.326
-95.616 36.294
-95.652 36.234
-95.465 36.282
-95.504 36.104
-95.531 36.231
-99.114 34.379
-99.019 34.414
-99.040 34.265
-99.113 34.510
-99.079 34.948
-99.097 35.072
-99.001 35.002
-98.697 34.980
-99.276 35.056
-99.193 34.918
-98.982 34.816
-98.764 34.388
-98.912 34.500
-98.729 34.235
-98.937 34.347
-98.942 34.402
-98.982 34.895
-98.994 34.732
-98.858 34.994
-98.937 34.645
-99.095 35.019
-99.070 34.995
-96.582 34.874
-96.686 34.761
-96.663 34.761
-96.559 34.631
-96.691 34.792
-96.765 34.725
-96.670 34.715
-96.682 34.773
-96.885 34.704
-96.590 34.806
-96.802 34.798
-96.452 34.874
-96.592 34.560
-96.518 34.705
-96.861 34.882
-96.744 34.827
-96.661 34.810
-96.660 34.777
-96.665 34.873
-96.872 34.765
-96.823 34.596
-96.675 34.555
-96.721 34.645
-96.491 34.775
-96.625 34.751
-97.842 35.083
-97.730 35.085
-97.830 34.993
-97.871 35.020
-97.951 34.963
-97.870 34.879
-97.994 34.983
-98.015 34.910
-98.011 34.769
-97.936 34.711
-97.847 34.737
-97.725 34.752
-97.785 34.871
-97.740 34.989
-97.715 34.871
-97.686 34.872
-98.023 35.311
-97.899 35.305
-97.785 35.336
-97.830 35.266
-97.735 35.312
-97.732 35.269
-97.723 35.228
-97.731 35.163
-97.809 35.169
-97.878 35.180
-97.938 35.144
-98.008 35.220
-98.057 35.124
-97.991 35.127
-98.039 35.022
-97.931 35.080
-97.965 35.053
-97.928 35.044
-97.938 35.035
-97.955 35.035
-97.975 35.027
-97.966 35.004
-97.943 35.010
-97.932 35.006
-97.876 35.110
-95.774 34.943
-95.775 34.936
-95.765 34.935
-95.750 34.931
-95.750 34.940
-95.716 34.931
-95.551 34.826
-95.586 34.875
-95.679 34.908
-95.751 34.925
-95.762 34.925
-95.764 34.919
-95.760 34.913
-95.771 34.912
-95.768 34.898
-95.798 34.912
-95.988 35.019
-95.829 34.934
-95.840 34.919
-95.914 34.913
-95.886 34.890
-95.766 34.878
-96.050 34.873
-96.047 34.761
-95.929 34.725
-95.814 34.659
-95.659 34.662
-95.587 34.718
-95.728 34.737
-95.887 34.810
-95.679 34.835
-95.523 35.224
-95.440 35.106
-95.623 35.174
-95.666 35.194
-95.645 35.128
-95.702 35.136
-95.778 35.109
-95.576 35.048
-95.546 34.926
-95.540 34.878
-95.633 34.934
-95.670 34.975
-95.725 34.999
-95.885 35.019
-95.742 34.957
-95.766 34.956
-95.798 34.951
-94.577 34.322
-94.553 34.097
-94.554 33.720
-94.704 33.750
-94.878 33.829
-95.083 33.964
-95.108 34.057
-95.102 34.172
-94.926 33.919
-94.999 33.971
-94.933 33.956
-94.840 33.888
-94.818 33.888
-94.850 33.919
-94.801 33.915
-94.754 33.889
-94.631 33.835
-94.549 33.902
-94.663 33.923
-94.733 33.985
-94.766 34.043
-94.713 34.052
-94.811 33.990
-94.892 34.021
-94.981 34.159
-94.797 34.158
-94.997 34.386
-94.923 34.438
-94.807 34.351
-94.659 34.461
-94.650 34.007
-95.695 35.787
-95.671 35.668
-95.669 35.581
-95.574 35.736
-95.492 35.733
-95.590 35.622
-95.466 35.653
-95.476 35.588
-95.255 35.360
-95.297 35.505
-95.290 35.561
-95.252 35.489
-95.152 35.487
-95.423 35.776
-95.404 35.748
-95.380 35.745
-95.383 35.759
-95.352 35.747
-95.350 35.759
-95.321 35.756
-95.366 35.792
-95.311 35.788
-95.265 35.774
-95.180 35.771
-95.191 35.659
-95.264 35.722
-95.364 35.733
-95.347 35.725
-95.327 35.716
-95.309 35.679
-95.384 35.696
-95.419 35.714
-95.338 35.616
