-82.510 34.016
-82.317 33.955
-82.424 33.900
-82.151 33.947
-82.422 33.996
-82.161 33.653
-82.205 33.732
-82.214 33.788
-82.229 33.843
-82.290 33.885
-80.096 34.666
-79.863 34.608
-80.227 34.775
-80.030 34.515
-80.440 34.743
-80.488 34.793
-79.928 34.710
-80.185 34.618
-80.380 34.674
-80.247 34.478
-80.093 34.724
-80.372 34.770
-79.895 34.676
-80.139 34.502
-80.050 34.583
-79.998 34.656
-79.952 34.689
-80.323 34.588
-80.302 34.759
-80.255 34.675
-80.084 34.786
-79.904 34.725
-79.983 34.755
-79.925 34.537
-80.177 34.745
-80.717 32.414
-80.745 32.442
-80.670 32.475
-80.707 32.340
-80.769 32.197
-80.990 32.284
-80.641 32.463
-80.625 32.442
-80.765 32.220
-80.692 32.447
-80.670 32.441
-80.688 32.380
-80.691 32.431
-80.684 32.410
-80.973 32.274
-80.777 32.141
-80.843 32.238
-80.721 32.127
-80.739 32.202
-80.683 32.161
-80.613 32.301
-80.930 32.198
-80.815 32.352
-81.625 34.201
-81.855 34.219
-81.717 34.358
-81.621 34.266
-81.786 34.300
-81.653 34.282
-81.608 34.268
-80.870 32.115
-80.796 32.102
-80.748 32.115
-80.747 32.155
-81.631 34.273
-81.627 34.281
-81.590 34.278
-81.568 34.334
-81.470 34.454
-81.631 34.295
-81.614 34.288
-81.523 34.216
-81.502 34.295
-81.440 34.163
-80.711 32.153
-80.665 32.180
-81.460 34.128
-81.395 34.207
-81.460 34.202
-81.342 34.233
-81.516 34.117
-81.571 34.149
-81.401 34.259
-81.442 34.355
-81.627 34.443
-80.644 32.202
-80.469 32.319
-80.587 32.388
-80.489 32.408
-80.521 32.429
-80.552 32.477
-80.574 32.435
-80.652 32.390
-80.806 32.142
-80.807 32.126
-80.775 32.157
-81.616 34.504
-81.619 34.355
-81.547 34.262
-81.716 34.230
-80.787 32.166
-80.755 32.172
-80.736 32.193
-80.690 32.237
-80.705 32.234
-80.719 32.230
-80.712 32.246
-80.738 32.222
-80.732 32.234
-80.741 32.247
-80.725 32.244
-80.727 32.271
-80.701 32.272
-80.989 32.300
-81.638 35.074
-81.631 35.085
-80.970 32.284
-80.971 32.297
-80.954 32.283
-80.947 32.299
-80.823 32.195
-80.867 32.233
-80.864 32.252
-81.668 35.088
-81.653 35.087
-81.599 35.090
-81.634 35.064
-81.645 35.060
-80.874 32.264
-80.896 32.307
-81.652 35.062
-81.661 35.058
-81.687 35.050
-81.671 35.079
-81.551 35.113
-81.620 35.126
-80.922 32.278
-80.891 32.271
-81.549 35.153
-81.515 35.101
-81.503 35.136
-81.481 35.111
-81.434 35.113
-81.513 35.070
-81.668 35.139
-81.706 35.160
-81.753 35.147
-81.656 35.005
-81.617 34.973
-80.924 32.249
-80.895 32.248
-81.583 35.037
-81.528 34.980
-81.561 34.903
-81.696 34.935
-81.749 34.994
-81.725 35.006
-81.747 35.079
-81.800 35.109
-81.826 35.162
-80.855 32.289
-80.808 32.253
-80.789 32.272
-80.644 32.550
-80.744 32.644
-80.729 32.392
-80.698 32.389
-80.652 32.431
-80.716 32.469
-80.767 32.409
-80.786 32.442
-80.764 32.471
-80.750 32.498
-80.809 32.582
-80.734 32.522
-80.697 32.394
-80.698 32.407
-80.355 34.288
-80.322 34.237
-80.290 34.218
-80.292 34.172
-80.315 34.107
-78.695 33.793
-78.703 33.783
-78.719 33.779
-78.831 33.955
-81.226 33.090
-81.182 33.032
-81.239 32.992
-81.376 32.979
-81.356 32.867
-81.472 33.076
-81.296 33.037
-80.371 34.109
-80.435 34.130
-80.397 34.167
-80.346 34.186
-78.652 33.815
-79.099 33.665
-79.037 33.700
-79.042 33.756
-78.948 33.598
-78.604 33.861
-79.053 33.833
-78.846 34.050
-78.603 33.888
-81.300 33.006
-78.846 33.740
-78.873 33.674
-78.963 33.590
-79.031 33.667
-79.022 33.586
-78.995 33.612
-78.626 33.873
-78.953 33.819
-79.161 33.737
-79.129 33.710
-79.085 33.758
-79.093 33.815
-79.169 33.790
-79.090 33.847
-79.078 33.832
-78.923 33.651
-79.044 33.601
-79.024 33.614
-78.899 33.712
-78.978 33.635
-78.975 33.691
-79.212 33.826
-78.915 33.907
-79.228 34.053
-78.737 33.776
-78.799 33.750
-78.759 33.756
-78.679 33.847
-78.643 33.876
-78.689 33.877
-78.659 33.907
-78.581 33.824
-79.074 34.100
-78.718 33.949
-78.813 33.714
-78.830 33.745
-81.361 34.618
-81.222 34.745
-81.333 34.727
-80.929 34.621
-80.889 34.572
-81.211 34.602
-81.230 34.794
-81.098 34.763
-80.992 34.800
-78.839 33.706
-78.878 33.730
-81.007 34.766
-80.923 34.773
-80.908 34.702
-81.007 34.699
-80.922 34.555
-80.988 34.593
-81.091 34.620
-81.189 34.681
-81.174 34.719
-81.181 34.742
-81.242 34.694
-81.274 34.708
-81.409 34.756
-78.764 33.807
-78.981 33.990
-79.048 33.857
-79.018 33.853
-78.989 33.807
-79.037 33.802
-79.027 33.940
-78.952 33.862
-78.945 33.953
-79.010 33.902
-78.852 33.698
-78.859 33.683
-78.899 33.664
-79.071 33.861
-79.113 33.878
-78.986 33.583
-79.012 33.577
-79.008 33.600
-78.928 33.755
-79.093 33.976
-79.068 33.893
-78.920 33.734
-78.776 34.010
-78.988 33.623
-78.963 34.130
-78.985 34.200
-78.874 33.755
-79.070 33.644
-78.877 33.988
-78.941 34.014
-78.898 34.063
-78.995 34.070
-79.031 34.028
-79.096 34.038
-79.156 33.864
-79.139 33.923
-79.229 33.890
-78.916 33.771
-79.262 33.959
-79.217 34.012
-79.154 34.064
-79.162 34.125
-79.039 34.156
-79.098 34.196
-79.059 34.251
-78.934 33.625
-78.895 34.103
-78.940 34.049
-78.855 33.816
-78.776 33.916
-78.848 33.915
-78.828 33.861
-78.743 33.853
-78.914 33.699
-78.960 33.726
-78.996 33.780
-80.279 34.329
-78.926 33.786
-79.157 33.977
-79.153 34.020
-78.672 33.800
-80.234 34.189
-80.410 34.217
-80.127 34.062
-80.167 34.099
-80.191 34.300
-80.161 34.218
-80.214 34.207
-80.203 34.150
-80.233 34.070
-80.094 34.018
-80.248 34.254
-80.273 34.282
-81.004 33.978
-80.911 33.879
-80.977 33.980
-80.954 33.937
-81.004 34.061
-80.991 34.068
-80.981 34.016
-81.001 34.012
-81.019 32.585
-80.910 32.589
-80.911 32.508
-80.921 32.437
-80.929 32.365
-81.034 32.302
-81.094 32.323
-80.988 32.137
-81.127 32.443
-81.168 32.575
-81.280 34.138
-80.971 33.968
-80.975 34.049
-81.014 34.009
-81.030 34.009
-81.047 34.004
-81.053 32.518
-81.010 32.451
-80.983 32.508
-81.035 32.675
-80.946 33.984
-80.898 34.150
-80.941 33.965
-80.944 34.159
-80.971 34.036
-81.187 34.105
-80.966 34.027
-80.940 34.110
-80.960 33.967
-80.914 33.974
-80.917 33.955
-80.765 33.819
-80.797 33.928
-80.894 33.964
-80.866 33.959
-80.984 34.026
-80.990 34.046
-81.008 34.041
-80.992 34.033
-81.016 34.062
-81.016 34.048
-80.877 33.979
-80.828 34.039
-81.091 34.052
-81.034 34.056
-81.032 34.041
-81.050 34.033
-80.865 33.938
-80.797 33.976
-80.678 33.994
-80.738 34.093
-80.678 33.867
-81.058 34.045
-81.045 34.055
-81.069 34.018
-81.089 34.024
-81.078 34.030
-81.080 34.039
-81.055 34.065
-81.065 34.032
-81.056 34.020
-81.152 34.107
-81.176 34.128
-81.037 34.215
-81.000 34.118
-80.947 34.232
-80.974 34.153
-81.214 34.173
-80.933 34.184
-80.885 34.168
-80.944 34.128
-80.854 34.149
-80.875 34.156
-81.236 34.121
-81.291 34.199
-81.100 34.155
-81.102 34.072
-80.889 34.125
-80.908 34.131
-81.208 34.143
-80.894 34.087
-81.106 34.043
-81.124 34.062
-81.126 34.091
-81.009 33.948
-80.865 34.113
-80.883 34.102
-81.017 33.989
-81.037 33.990
-80.917 34.108
-81.024 33.999
-81.009 33.993
-80.996 33.986
-80.928 34.081
-80.954 34.087
-80.996 34.084
-81.042 34.092
-81.030 34.034
-81.010 34.002
-80.994 33.994
-81.000 34.003
-80.927 34.055
-80.940 34.065
-81.211 34.103
-81.036 34.021
-81.016 34.030
-80.990 34.005
-80.979 33.996
-81.199 34.106
-81.114 34.051
-81.152 34.135
-80.953 34.037
-80.951 34.049
-81.018 34.021
-81.007 34.024
-80.977 34.009
-80.965 34.004
-81.144 34.086
-81.161 34.089
-80.921 34.154
-80.872 34.234
-81.000 34.021
-81.019 34.015
-80.987 33.978
-80.880 34.190
-81.004 34.179
-80.951 34.024
-80.921 34.212
-80.963 34.054
-80.975 34.063
-82.659 34.455
-82.656 34.412
-82.833 34.529
-82.876 34.564
-82.898 34.499
-82.773 34.475
-82.715 34.433
-82.817 34.437
-82.802 34.390
-82.716 34.374
-82.616 34.381
-82.683 34.322
-82.633 34.305
-82.740 34.296
-82.598 34.641
-82.810 34.581
-82.790 34.632
-82.654 34.662
-82.701 34.686
-82.602 34.720
-82.557 34.761
-82.499 34.795
-82.493 34.770
-82.478 34.722
-82.468 34.691
-82.515 34.739
-82.540 34.713
-82.547 34.656
-82.490 34.661
-82.462 34.641
-82.481 34.626
-82.515 34.609
-82.559 34.564
-82.497 34.577
-82.443 34.559
-82.487 34.526
-82.563 34.522
-82.441 34.475
-82.382 34.498
-82.390 34.453
-82.400 34.443
-82.433 34.429
-82.520 34.493
-82.483 34.443
-82.744 34.608
-82.688 34.613
-82.628 34.590
-82.633 34.550
-82.637 34.536
-82.595 34.558
-79.874 34.300
-79.869 34.326
-79.905 34.317
-79.829 34.284
-79.867 34.273
-79.901 34.292
-79.947 34.276
-79.982 34.309
-79.974 34.378
-80.047 34.310
-80.040 34.356
-80.075 34.353
-80.096 34.357
-82.630 34.522
-82.669 34.560
-82.669 34.543
-80.040 34.383
-80.087 34.374
-80.059 34.414
-80.103 34.396
-80.118 34.431
-79.994 34.451
-79.883 34.398
-79.824 34.473
-79.760 34.356
-79.779 34.273
-79.913 34.236
-79.975 34.189
-80.093 34.142
-80.047 34.168
-80.051 34.239
-80.098 34.286
-80.132 34.318
-80.151 34.358
-80.212 34.378
-82.652 34.536
-82.649 34.522
-82.668 34.524
-82.697 34.546
-82.727 34.542
-82.742 34.570
-82.767 34.522
-82.709 34.519
-82.679 34.512
-82.710 34.496
-82.555 34.474
-82.604 34.503
-82.635 34.507
-82.658 34.512
-82.662 34.503
-82.639 34.500
-82.631 34.488
-82.662 34.490
-82.602 34.462
-82.632 34.457
-82.561 34.417
-82.523 34.380
-82.674 34.469
-79.955 33.675
-79.866 33.678
-79.940 33.758
-79.886 33.822
-79.836 33.856
-79.772 33.784
-80.864 33.486
-80.857 33.502
-80.857 33.478
-80.960 33.553
-80.798 33.221
-81.013 33.479
-80.431 33.417
-80.301 33.413
-80.552 33.537
-80.874 33.522
-80.870 33.509
-80.358 33.308
-80.824 34.700
-80.717 34.682
-80.610 34.659
-80.655 34.703
-80.692 34.754
-80.758 34.742
-80.780 34.733
-80.797 34.730
-80.836 34.771
-80.289 33.356
-80.447 33.336
-80.488 33.455
-80.479 33.508
-80.583 33.489
-80.553 33.411
-80.718 33.422
-80.636 33.310
-80.677 33.368
-80.726 33.496
-80.816 33.570
-80.818 33.529
-80.795 33.490
-80.829 33.492
-80.798 33.457
-80.929 33.588
-80.870 33.540
-80.853 33.530
-80.830 34.860
-80.853 34.905
-80.772 34.792
-80.818 34.947
-80.860 34.982
-80.883 35.028
-80.755 34.713
-80.714 34.714
-80.754 34.667
-80.672 34.568
-80.709 34.628
-80.506 34.632
-80.843 33.506
-80.836 33.521
-81.024 33.529
-81.050 33.639
-81.161 33.615
-81.258 33.517
-81.134 33.446
-81.116 33.540
-81.018 33.393
-80.613 34.720
-80.607 34.516
-80.583 34.766
-80.779 34.696
-80.717 34.788
-80.808 34.550
-80.604 34.563
-80.835 34.642
-80.927 33.493
-80.850 33.497
-80.840 33.446
-80.890 33.427
-80.921 33.348
-80.958 33.444
-80.883 33.508
-80.899 33.523
-80.861 33.513
-80.866 33.500
-80.874 33.494
-80.899 33.464
-80.784 33.279
-80.829 33.360
-79.843 33.769
-79.445 33.689
-79.657 33.663
-79.774 33.651
-79.607 33.575
-79.527 33.530
-79.726 33.604
-79.743 33.391
-79.882 33.502
-79.732 33.493
-79.635 33.429
-79.608 33.494
-79.829 33.567
-79.495 33.582
-79.520 33.643
-79.823 33.662
-79.737 33.721
-79.657 33.784
-79.516 33.766
-79.562 33.719
-79.386 33.773
-80.002 33.567
-79.361 34.396
-79.321 34.393
-79.351 34.425
-79.322 34.476
-79.052 33.580
-79.431 34.470
-79.408 34.417
-79.443 34.334
-79.544 34.315
-79.509 34.415
-79.473 34.512
-79.366 34.510
-79.428 34.562
-79.270 34.288
-81.105 33.091
-80.878 33.196
-81.014 33.108
-81.178 33.353
-81.117 33.317
-81.023 33.239
-81.013 33.312
-80.910 33.102
-80.941 33.179
-81.079 33.161
-81.170 33.150
-81.168 33.224
-81.200 33.286
-80.414 33.638
-79.929 33.855
-80.032 33.835
-80.126 33.753
-80.020 33.898
-80.459 33.664
-80.304 33.763
-80.238 33.655
-80.350 33.511
-80.013 33.740
-80.203 33.658
-80.201 33.793
-80.256 33.544
-80.265 33.686
-80.011 33.796
-80.441 33.572
-80.083 33.646
-80.141 33.584
-79.985 33.870
-80.089 33.825
-80.256 33.730
-80.182 33.684
-80.182 33.538
-80.345 33.726
-80.343 33.647
-79.207 34.307
-79.007 33.645
-78.982 33.672
-78.948 33.710
-79.272 34.345
-79.151 34.324
-79.240 34.387
-79.267 34.435
-79.356 34.323
-79.382 34.369
-78.991 33.712
-78.996 33.744
-79.010 33.772
-79.012 33.794
-79.073 33.606
-81.309 34.030
-81.280 34.016
-81.185 33.965
-81.166 33.960
-81.145 33.957
-81.268 33.995
-81.260 34.036
-81.116 33.967
-81.088 33.972
-81.212 34.036
-81.407 34.139
-81.376 34.100
-81.347 34.164
-81.044 33.953
-81.085 33.957
-81.413 33.290
-81.381 33.213
-81.330 33.226
-81.355 33.289
-81.325 33.144
-81.275 33.203
-81.253 33.263
-81.241 33.341
-81.307 33.332
-81.273 33.416
-81.359 33.384
-81.423 33.354
-81.468 33.383
-81.385 33.441
-81.459 33.213
-81.600 33.223
-81.339 34.104
-81.306 34.101
-81.069 33.943
-81.115 33.945
-81.257 34.076
-81.200 34.090
-81.208 33.955
-81.199 33.941
-81.152 33.931
-81.140 33.912
-81.196 33.914
-81.417 33.828
-81.352 33.747
-81.198 33.688
-81.003 33.747
-81.083 33.740
-81.135 33.734
-81.216 34.082
-81.206 34.060
-81.195 34.067
-81.185 34.072
-81.170 34.079
-81.156 34.066
-81.174 34.057
-81.149 34.052
-81.131 34.048
-81.137 34.036
-81.118 34.034
-81.124 34.015
-81.171 34.021
-81.237 34.007
-81.279 33.960
-81.247 33.969
-81.215 34.010
-81.218 33.991
-81.211 33.978
-81.138 34.002
-81.153 33.992
-81.134 33.987
-81.174 33.985
-81.239 33.743
-81.100 34.010
-81.075 34.004
-81.076 33.993
-81.059 33.993
-81.273 33.789
-81.302 33.840
-81.239 33.850
-81.191 33.863
-81.309 33.888
-81.256 33.925
-81.109 33.828
-81.050 33.893
-81.097 33.903
-81.139 33.887
-81.152 33.842
-81.168 33.795
-81.070 33.815
-81.542 33.911
-81.521 33.870
-81.054 33.981
-81.068 33.978
-81.068 33.986
-81.475 33.903
-81.433 33.925
-81.469 34.005
-81.397 33.987
-81.377 33.932
-81.324 33.945
-81.330 34.007
-81.381 34.040
-81.116 33.991
-81.095 33.988
-80.385 33.904
-80.377 33.887
-80.882 32.697
-80.927 32.722
-81.247 32.667
-80.966 32.804
-81.043 32.921
-81.751 33.879
-81.585 33.933
-80.395 33.889
-80.397 33.916
-81.047 32.841
-81.102 32.892
-81.132 32.858
-81.196 32.845
-81.177 32.932
-80.383 33.927
-80.342 33.910
-80.334 33.902
-80.331 33.888
-81.241 32.867
-81.306 32.717
-81.282 32.619
-81.165 32.678
-81.131 32.740
-80.356 33.919
-80.420 33.920
-80.350 33.926
-81.054 32.759
-81.126 32.801
-81.095 32.985
-80.361 33.928
-80.370 33.931
-80.379 33.944
-80.395 33.951
-80.376 33.978
-80.334 33.938
-80.327 33.929
-80.365 33.952
-80.334 33.961
-80.319 33.920
-80.311 33.903
-80.285 33.944
-80.428 33.970
-80.456 33.957
-80.471 33.974
-80.460 34.004
-80.376 34.006
-80.507 34.021
-80.535 34.086
-82.876 34.703
-82.876 34.660
-83.007 34.506
-80.520 33.988
-82.983 34.552
-83.065 34.551
-83.126 34.661
-83.099 34.780
-83.201 34.709
-83.225 34.658
-83.277 34.761
-83.134 34.892
-83.043 34.910
-82.966 34.942
-82.913 34.823
-82.949 34.778
-82.898 34.723
-82.960 34.685
-82.925 34.678
-82.910 34.626
-82.941 34.584
-83.020 34.746
-82.996 34.712
-83.033 34.678
-83.001 34.632
-83.032 34.599
-80.513 33.965
-80.446 33.934
-80.422 33.899
-80.422 33.886
-80.395 33.858
-80.412 33.822
-80.529 33.857
-80.548 33.917
-80.415 34.053
-80.302 34.016
-80.203 33.956
-80.013 33.979
-80.122 33.920
-80.276 33.895
-80.236 33.857
-80.336 33.831
-80.354 33.792
-80.514 33.753
-80.583 33.993
-80.348 33.903
-80.356 33.902
-80.437 34.017
-80.366 33.897
-80.376 33.913
-80.348 33.936
-80.344 33.884
-80.407 33.937
-81.926 34.017
-81.799 33.988
-81.759 34.116
-81.753 33.986
-81.643 33.971
-81.664 34.095
-81.651 33.860
-81.844 34.103
-81.817 33.893
-81.707 34.005
-81.854 33.964
-81.510 34.060
-81.590 34.053
-81.540 34.007
-81.638 34.018
-81.696 33.925
-79.961 32.714
-79.947 32.626
-80.061 32.579
-79.999 32.890
-80.027 32.905
-82.298 34.342
-82.256 34.285
-80.043 32.817
-80.080 32.792
-80.039 32.806
-80.037 32.836
-80.169 32.554
-80.164 32.647
-80.110 32.653
-80.203 32.666
-80.089 32.750
-80.132 32.737
-80.123 32.809
-80.202 32.802
-80.227 32.744
-80.235 32.771
-80.348 32.797
-80.048 32.927
-80.035 32.929
-80.047 32.951
-82.138 34.177
-82.228 34.211
-80.036 32.827
-80.019 32.816
-79.830 32.824
-80.229 32.704
-80.365 32.688
-80.305 32.570
-80.312 32.723
-79.868 32.809
-79.876 32.803
-79.822 32.855
-80.069 32.953
-80.064 32.811
-80.054 32.967
-80.063 32.961
-82.191 34.212
-82.263 34.386
-82.222 34.368
-82.223 34.343
-80.025 32.817
-80.051 32.799
-80.032 32.799
-79.855 32.827
-79.860 32.788
-79.849 32.794
-79.863 32.800
-80.058 32.959
-80.127 32.997
-80.154 33.009
-80.080 32.941
-79.834 32.795
-79.812 32.800
-79.943 32.699
-82.190 34.294
-82.119 34.286
-82.054 34.246
-81.972 34.204
-81.995 34.047
-82.142 34.034
-82.295 34.024
-82.246 34.055
-82.195 34.192
-79.810 32.840
-80.018 32.796
-80.020 32.807
-79.866 32.790
-79.874 32.821
-79.853 32.817
-79.882 32.806
-79.929 32.788
-79.833 32.901
-79.792 32.860
-79.763 32.869
-82.217 34.178
-82.197 34.182
-79.996 32.827
-80.008 32.821
-80.002 32.811
-80.000 32.802
-79.927 32.797
-79.903 32.811
-79.806 32.889
-79.805 32.913
-79.751 32.902
-79.872 32.856
-79.990 32.794
-82.204 34.216
-82.189 34.226
-79.977 32.820
-79.987 32.808
-79.895 32.821
-79.938 32.827
-79.937 32.775
-82.169 34.225
-82.197 34.248
-82.177 34.236
-80.006 32.795
-79.781 32.820
-79.784 32.894
-79.926 32.783
-79.941 32.778
-79.948 32.779
-82.160 34.252
-82.118 34.231
-82.146 34.223
-82.158 34.225
-81.212 34.288
-81.266 34.258
-81.308 34.365
-81.252 34.504
-81.051 34.413
-81.088 34.359
-81.338 34.432
-81.045 34.372
-81.038 34.297
-80.925 34.320
-79.847 32.850
-80.025 32.776
-80.044 32.785
-80.002 32.780
-80.009 32.777
-79.982 32.774
-79.950 32.785
-79.975 32.723
-79.936 32.791
-79.944 32.793
-82.166 34.208
-82.154 34.201
-82.174 34.191
-80.877 34.407
-81.095 34.383
-81.181 34.407
-81.128 34.265
-81.170 34.552
-80.955 34.490
-81.163 34.505
-81.083 34.467
-81.040 34.524
-80.866 34.279
-81.357 34.514
-81.160 34.347
-79.975 32.789
-79.967 32.776
-79.960 32.758
-79.940 32.789
-79.963 32.794
-79.951 32.793
-82.167 34.182
-82.145 34.196
-82.152 34.185
-79.174 33.312
-79.089 33.480
-79.995 32.762
-80.048 32.755
-79.844 32.810
-79.698 32.857
-79.722 32.793
-79.849 32.779
-79.956 32.800
-79.948 32.798
-79.948 32.806
-82.126 34.189
-82.147 34.164
-79.146 33.472
-79.349 33.572
-79.219 33.487
-79.281 33.400
-79.978 32.755
-79.998 32.744
-79.946 32.743
-79.961 32.739
-79.988 32.733
-80.045 32.669
-80.038 32.728
-79.962 32.808
-79.953 32.810
-79.964 32.828
-80.002 32.841
-79.975 32.850
-79.954 32.832
-79.970 32.871
-79.970 32.858
-82.074 34.214
-82.095 34.187
-82.026 34.190
-81.975 34.152
-79.310 33.713
-79.284 33.383
-79.300 33.384
-79.382 33.659
-79.573 33.320
-79.297 33.201
-79.469 33.512
-79.548 33.453
-79.565 33.449
-79.373 33.479
-79.273 33.443
-80.088 32.975
-79.409 33.071
-79.588 32.942
-79.649 33.041
-79.836 32.832
-79.835 32.840
-79.877 32.838
-79.844 32.866
-79.808 32.862
-79.963 32.726
-79.982 32.668
-79.993 32.855
-79.990 32.867
-82.107 34.150
-82.231 34.119
-82.166 34.126
-82.051 34.105
-79.259 33.606
-79.180 33.586
-79.061 33.565
-79.481 33.421
-79.363 33.394
-79.308 33.373
-79.356 33.334
-79.820 32.843
-80.031 32.914
-80.057 32.905
-80.036 32.873
-79.987 32.786
-79.951 32.731
-79.932 32.737
-79.787 32.759
-79.769 32.799
-79.935 32.753
-79.823 32.880
-79.981 32.867
-79.973 32.895
-80.008 32.858
-79.070 33.550
-78.993 33.543
-79.218 33.664
-79.098 33.544
-79.095 33.430
-79.132 33.454
-79.294 33.290
-79.281 33.363
-80.083 32.892
-80.006 32.788
-80.070 32.878
-80.126 32.852
-80.057 32.866
-79.915 32.753
-79.899 32.743
-79.817 32.739
-79.909 32.728
-80.006 32.877
-80.028 32.847
-79.988 32.878
-80.056 32.834
-79.292 33.340
-79.488 33.360
-80.048 32.854
-80.018 32.893
-80.029 32.861
-79.932 32.768
-79.925 32.775
-79.900 32.792
-80.002 32.898
-79.990 32.889
-80.003 32.885
-80.075 32.846
-80.090 32.872
-80.074 32.827
-80.063 32.850
-80.049 32.827
-79.888 32.771
-79.873 32.682
-79.938 32.724
-79.949 32.714
-80.092 32.919
-80.098 32.935
-80.206 32.985
-80.199 32.982
-80.194 32.979
-80.186 32.978
-80.107 32.924
-80.128 32.937
-80.143 32.929
-80.179 32.977
-80.175 32.972
-80.170 32.962
-80.190 32.970
-80.156 32.957
-80.161 32.963
-80.179 32.960
-80.194 32.960
-80.112 32.943
-80.137 32.953
-80.174 32.951
-80.233 32.964
-80.244 32.944
-80.140 32.966
-80.144 32.972
-80.153 32.974
-80.256 32.926
-80.204 32.884
-80.330 32.900
-80.130 32.988
-80.156 32.980
-80.168 32.986
-80.174 32.991
-80.177 33.002
-80.162 32.997
-80.168 33.019
-80.183 33.028
-80.177 33.035
-80.216 33.057
-80.227 33.035
-80.242 33.049
-80.362 32.976
-80.238 32.989
-80.265 32.990
-80.271 33.014
-80.330 33.027
-80.269 33.053
-80.293 33.091
-80.348 33.096
-80.548 33.204
-81.646 34.770
-81.717 34.821
-81.637 34.713
-81.670 34.865
-81.560 34.834
-81.486 34.784
-81.773 34.785
-80.621 33.236
-80.580 33.190
-80.541 33.143
-80.681 33.177
-81.754 34.632
-81.640 34.730
-81.620 34.734
-80.589 33.104
-80.436 33.109
-80.376 33.206
-80.446 33.181
-80.519 33.262
-80.196 32.997
-80.185 32.989
-80.189 33.012
-80.193 33.021
-80.217 33.026
-80.168 32.977
-81.631 34.708
-81.759 34.729
-81.690 34.729
-81.611 34.708
-80.128 32.913
-80.231 33.013
-80.216 33.014
-80.202 33.009
-81.609 34.726
-81.530 34.750
-81.664 34.712
-81.588 34.702
-81.572 34.728
-81.470 34.563
-81.602 34.540
-81.520 34.637
-81.620 34.652
-80.116 32.906
-80.104 32.903
-80.096 32.898
-80.214 33.004
-80.225 33.000
-80.212 32.985
-80.591 33.626
-80.682 33.728
-80.805 33.670
-80.637 33.514
-80.656 33.600
-80.699 33.564
-80.743 33.645
-80.970 33.806
-80.888 33.700
-80.849 33.742
-80.913 33.671
-80.966 33.674
-82.290 34.774
-82.316 34.889
-82.328 34.880
-82.454 34.882
-82.480 34.881
-82.406 34.948
-82.392 34.920
-82.420 34.906
-80.950 35.086
-80.997 35.064
-81.101 35.029
-81.157 35.032
-81.242 35.057
-81.231 35.093
-82.253 34.786
-82.347 34.879
-82.244 34.968
-82.275 34.953
-82.296 34.951
-82.313 34.936
-82.315 34.911
-82.444 34.908
-82.447 34.929
-82.483 34.914
-82.437 34.960
-82.338 34.994
-82.242 34.998
-82.265 35.058
-82.358 35.030
-82.487 34.966
-82.253 35.134
-82.351 35.129
-82.434 35.063
-82.523 35.032
-82.260 34.960
-82.260 34.923
-81.130 35.087
-81.072 35.068
-81.058 35.104
-82.283 34.786
-82.310 34.809
-82.271 34.801
-82.332 34.897
-82.325 34.922
-82.343 34.762
-82.266 34.771
-82.302 34.757
-81.119 35.137
-81.194 35.112
-81.194 35.145
-80.926 34.999
-80.923 34.965
-82.286 34.807
-82.263 34.809
-82.342 34.919
-82.311 34.966
-82.339 34.867
-82.203 34.794
-82.237 34.773
-82.302 34.696
-82.283 35.010
-82.237 34.891
-80.978 34.959
-81.009 34.932
-81.021 34.916
-81.033 34.916
-82.242 34.797
-82.247 34.809
-82.348 34.862
-82.362 34.861
-82.359 34.831
-82.302 34.736
-82.448 34.976
-81.005 34.922
-81.009 34.899
-80.933 34.891
-80.984 34.882
-80.960 34.841
-81.038 34.857
-82.209 34.805
-82.196 34.820
-82.233 34.817
-82.235 34.835
-82.359 34.815
-82.374 34.837
-82.384 34.826
-82.229 34.958
-82.418 34.667
-82.562 35.114
-81.043 34.901
-81.051 34.921
-81.124 34.902
-82.263 34.748
-82.345 34.794
-82.323 34.787
-82.378 34.742
-82.368 34.787
-82.278 34.828
-82.335 34.837
-82.394 34.817
-82.405 34.825
-82.389 34.833
-80.950 35.025
-81.015 35.038
-81.028 35.027
-81.234 34.935
-81.107 34.852
-81.246 34.861
-81.394 34.866
-81.337 34.939
-81.439 34.964
-81.320 35.024
-81.392 35.055
-81.325 35.121
-80.982 34.927
-82.381 34.778
-82.403 34.767
-82.261 34.840
-82.274 34.845
-82.238 34.856
-82.388 34.846
-82.372 34.855
-81.027 35.043
-81.054 34.947
-81.074 34.955
-80.962 34.992
-81.085 35.138
-82.396 34.789
-82.382 34.804
-82.409 34.804
-82.297 34.844
-82.368 34.869
-82.445 34.798
-82.427 34.817
-82.464 34.819
-81.022 34.938
-81.006 34.952
-81.037 34.954
-81.083 34.943
-81.065 35.131
-81.048 35.119
-82.378 34.815
-82.432 34.766
-82.443 34.715
-82.395 34.704
-82.334 34.677
-82.395 34.632
-82.291 34.620
-82.246 34.687
-82.280 34.860
-82.265 34.869
-82.255 34.881
-82.261 34.905
-82.436 34.829
-82.352 34.895
-82.374 34.877
-81.089 34.964
-81.103 34.972
-81.126 34.945
-81.043 34.939
-80.888 34.884
-80.910 34.933
-80.955 34.897
-80.912 34.888
-80.939 35.058
-80.924 35.085
-80.910 35.060
-80.909 35.028
-82.235 34.645
-82.326 34.555
-82.282 34.675
-82.274 34.884
-82.412 34.838
-82.398 34.857
-81.020 34.957
-81.014 34.970
-80.970 34.925
-80.944 34.936
-80.899 34.977
-81.059 34.961
-82.291 34.709
-82.316 34.719
-82.282 34.735
-82.289 34.877
-82.303 34.868
-82.421 34.847
-82.441 34.848
-82.467 34.847
-81.039 34.968
-80.983 35.018
-82.249 34.731
-82.210 34.680
-82.233 34.923
-82.239 34.940
-82.278 34.899
-82.448 34.863
-82.434 34.872
-81.001 35.038
-80.987 35.053
-80.972 35.050
-82.269 34.722
-82.265 34.710
-82.228 34.718
-82.200 34.709
-82.247 34.760
-82.215 34.747
-82.181 34.764
-82.300 34.882
-82.311 34.854
-82.422 34.858
-82.403 34.871
-81.003 34.982
-81.032 34.985
-81.011 35.000
-81.057 34.991
-81.079 34.988
-81.043 35.003
-81.045 35.016
-82.223 34.784
-82.328 34.742
-82.323 34.866
-82.366 34.906
-82.363 34.934
-82.352 34.963
-82.420 34.999
-81.115 34.984
-81.156 34.981
-81.212 34.979
-81.201 35.015
-82.314 34.769
-82.299 34.901
-82.290 34.921
-82.314 34.899
-82.386 34.878
-82.398 34.896
-82.421 34.884
-81.263 34.995
-80.927 35.021
-80.925 35.061
-80.965 35.072
-82.577 34.098
-82.465 34.129
-82.620 34.202
-82.370 34.109
-82.446 34.195
-82.532 34.289
-82.304 34.146
-82.317 34.211
-82.380 34.253
-82.372 34.322
-82.445 34.354
-82.335 34.386
-82.286 34.417
-82.342 34.437
-79.829 34.162
-79.829 34.171
-79.993 34.092
-79.938 34.151
-79.892 34.168
-79.849 34.176
-79.801 34.179
-79.772 34.149
-79.748 34.154
-79.758 34.175
-79.777 34.175
-79.792 34.188
-79.757 34.190
-79.773 34.191
-79.781 34.192
-79.794 34.197
-79.787 34.211
-79.882 34.188
-79.810 34.210
-79.839 34.211
-79.716 34.198
-79.619 34.242
-79.742 34.205
-79.761 34.210
-79.775 34.211
-79.756 34.222
-79.783 34.239
-79.720 34.238
-79.692 34.275
-79.781 34.161
-79.557 33.806
-79.533 33.836
-79.418 33.815
-79.464 33.878
-79.909 33.932
-79.832 33.960
-79.822 33.907
-79.789 33.879
-79.785 33.853
-79.728 33.837
-79.708 33.860
-79.584 33.901
-79.636 33.849
-79.676 33.903
-79.657 33.985
-79.745 33.917
-79.722 33.987
-79.776 33.989
-79.603 33.997
-79.529 33.964
-79.689 34.064
-79.895 34.022
-79.848 34.062
-79.795 34.096
-79.738 34.078
-79.556 34.042
-79.635 34.110
-79.611 34.160
-79.723 34.131
-79.750 34.118
-79.826 34.133
-79.908 34.114
-79.800 34.161
-80.079 33.006
-80.075 33.036
-80.093 33.035
-80.099 33.017
-80.108 33.005
-80.132 33.027
-80.133 33.034
-80.120 33.032
-79.578 33.195
-80.072 33.025
-80.058 33.016
-80.060 33.006
-80.045 33.021
-80.046 32.995
-80.023 32.990
-80.018 32.967
-80.012 32.946
-80.035 32.957
-80.019 32.927
-80.006 32.913
-79.989 33.021
-79.965 32.953
-79.980 32.918
-79.966 33.062
-80.124 33.058
-80.077 33.076
-79.903 33.381
-79.928 32.855
-80.037 33.123
-80.016 33.183
-79.994 33.172
-80.006 33.222
-80.039 33.186
-80.126 33.154
-80.176 33.094
-79.978 33.248
-79.935 33.308
-79.991 33.314
-80.082 33.239
-80.211 33.154
-80.274 33.212
-80.176 33.323
-80.106 33.425
-80.014 33.411
-79.862 33.264
-79.935 33.433
-79.815 33.339
-79.901 33.138
-79.771 33.196
-79.682 33.267
-79.759 33.091
-79.857 32.978
-79.879 32.895
-82.169 34.668
-82.136 34.639
-82.142 34.721
-82.077 34.684
-82.108 34.597
-82.191 34.599
-82.186 34.522
-82.269 34.491
-82.245 34.459
-82.199 34.422
-82.145 34.355
-82.117 34.415
-82.063 34.450
-82.034 34.488
-82.012 34.494
-82.010 34.484
-81.996 34.504
-82.018 34.509
-82.048 34.501
-82.094 34.502
-82.074 34.559
-81.992 34.610
-81.996 34.531
-81.966 34.461
-81.902 34.485
-81.917 34.453
-81.877 34.463
-81.895 34.416
-81.892 34.551
-81.771 34.514
-81.804 34.414
-81.976 34.379
-82.060 34.333
-81.958 34.288
-81.813 33.522
-81.830 33.506
-81.853 33.497
-81.870 33.484
-81.712 33.530
-81.751 33.560
-81.703 33.549
-81.692 33.535
-81.699 33.511
-81.807 33.477
-81.972 33.554
-81.949 33.563
-81.948 33.577
-81.769 33.460
-81.900 33.436
-81.873 33.389
-81.909 33.542
-81.901 33.584
-81.666 33.451
-81.632 33.488
-81.848 33.597
-81.793 33.569
-81.758 33.573
-81.729 33.569
-81.736 33.585
-81.728 33.613
-81.809 33.625
-81.707 33.561
-81.707 33.575
-81.676 33.575
-81.619 33.551
-81.957 33.545
-81.685 33.419
-81.689 33.425
-81.771 33.389
-81.827 33.314
-81.684 33.316
-81.750 33.684
-81.642 33.645
-81.585 33.595
-81.520 33.492
-81.476 33.443
-81.343 33.554
-81.440 33.587
-81.279 33.633
-81.367 33.672
-81.497 33.669
-81.659 33.738
-81.523 33.742
-81.581 33.814
-81.973 33.529
-81.994 33.524
-81.935 33.540
-81.678 33.481
-81.711 33.478
-81.966 33.515
-81.985 33.512
-81.952 33.506
-81.933 33.485
-81.961 33.489
-81.973 33.503
-81.980 33.492
-81.904 33.492
-81.950 33.526
-81.933 33.521
-81.918 33.509
-81.881 33.523
-81.741 33.543
-81.723 33.545
-81.762 33.541
-81.738 33.522
-81.758 33.512
-81.727 33.508
-81.742 33.482
-81.725 33.493
-81.795 33.540
-81.848 33.546
-79.437 34.007
-79.487 34.146
-79.223 34.161
-79.406 34.184
-79.295 34.218
-79.227 34.226
-80.790 34.265
-80.688 34.239
-80.606 34.249
-80.606 34.254
-80.604 34.264
-80.609 34.279
-80.617 34.299
-80.564 34.289
-80.518 34.304
-80.686 34.138
-80.530 34.259
-80.554 34.173
-80.664 34.216
-80.715 34.197
-80.750 34.171
-80.787 34.147
-80.736 34.221
-80.768 34.200
-80.803 34.197
-80.837 34.190
-80.731 34.310
-80.462 34.249
-80.446 34.349
-80.367 34.423
-80.573 34.420
-80.482 34.478
-80.441 34.548
-80.683 34.391
-80.625 34.240
-80.779 34.463
-80.591 34.257
-80.581 34.241
-80.588 34.230
-80.625 34.277
-79.364 34.066
-79.390 34.149
-79.290 34.101
-79.393 34.271
-79.316 34.252
-79.375 34.213
-79.393 34.182
-79.302 34.165
-79.168 34.243
-79.459 34.257
-79.330 33.864
-82.582 34.836
-82.557 34.861
-82.624 34.828
-82.620 34.877
-82.652 34.899
-82.681 34.875
-82.674 34.838
-82.696 34.858
-82.750 34.841
-82.739 34.873
-82.727 34.917
-82.652 34.938
-82.577 34.979
-82.660 35.022
-82.814 35.002
-82.829 34.915
-82.639 34.841
-82.710 34.812
-82.672 34.798
-82.635 34.799
-82.612 34.813
-82.589 34.823
-82.578 34.910
-82.535 34.921
-82.516 34.872
-82.509 34.842
-82.568 34.819
-82.537 34.819
-82.504 34.822
-82.538 34.806
-82.557 34.799
-82.580 34.797
-82.608 34.778
-82.713 34.768
-82.679 34.747
-82.752 34.767
-82.786 34.814
-82.848 34.858
-82.838 34.801
-82.842 34.760
-82.758 34.725
-82.774 34.698
-82.796 34.698
-82.793 34.679
-82.809 34.693
-82.827 34.700
-82.827 34.720
-82.837 34.678
-82.818 34.683
-82.827 34.650
-82.594 34.849
-82.607 34.831
-81.981 33.644
-82.033 33.589
-81.970 33.757
-82.083 33.730
-81.871 33.698
-81.919 33.753
-81.916 33.816
-81.808 33.778
-81.741 33.811
-81.843 33.849
-81.958 33.912
-82.076 33.868
-80.836 32.806
-80.624 32.887
-80.740 32.963
-80.543 32.929
-80.669 32.930
-80.693 32.981
-80.304 32.468
-80.452 32.682
-80.557 32.630
-80.738 32.744
-80.621 32.792
-80.554 32.839
-80.448 32.948
-80.501 33.010
-80.537 33.038
-80.617 33.048
-80.641 33.005
-80.590 32.981
-80.622 32.929
-80.681 32.866
-80.715 33.081
-80.802 33.114
-80.869 33.119
-80.792 33.002
-80.852 33.042
-80.845 32.964
-80.945 33.030
-81.011 32.999
-80.927 32.911
-80.822 32.884
-80.781 32.918
-80.744 32.846
-81.947 34.929
-81.926 34.921
-81.923 34.946
-81.909 34.930
-81.860 34.941
-81.905 34.907
-81.943 34.915
-81.868 34.668
-81.937 34.658
-81.950 34.736
-81.881 34.772
-81.768 34.895
-82.196 34.909
-82.149 35.120
-82.169 35.169
-82.073 35.059
-82.023 35.090
-82.058 35.145
-81.960 35.036
-82.045 35.025
-81.887 35.047
-81.921 35.020
-82.210 34.941
-82.115 34.885
-82.052 34.844
-82.002 34.809
-82.172 34.864
-82.207 34.858
-82.099 34.787
-81.942 34.883
-81.921 34.857
-81.826 34.883
-81.970 35.152
-81.848 35.084
-81.796 34.995
-81.878 35.010
-81.881 35.136
-82.190 35.079
-82.177 35.039
-82.123 35.079
-82.091 35.002
-82.167 34.995
-81.943 35.006
-82.086 34.963
-81.859 34.910
-81.834 34.826
-82.025 34.960
-81.957 34.979
-81.992 35.028
-82.062 34.731
-82.041 34.763
-82.018 34.713
-82.104 35.043
-82.131 34.920
-82.125 34.837
-82.021 34.873
-82.008 34.899
-81.985 34.990
-81.907 34.981
-81.987 34.923
-81.972 34.907
-81.934 34.982
-81.738 34.915
-81.835 34.982
-81.858 34.997
-82.134 34.959
-82.019 35.000
-82.001 35.055
-81.957 35.056
-81.824 35.027
-82.100 34.931
-81.974 34.970
-81.859 34.979
-81.890 34.967
-81.993 34.961
-81.870 34.972
-81.802 34.948
-81.880 34.956
-82.202 34.964
-82.163 34.933
-82.066 34.913
-82.019 34.924
-81.992 35.074
-81.944 35.087
-81.943 34.960
-81.969 34.954
-81.921 34.966
-81.907 35.084
-81.983 34.943
-81.946 34.946
-81.895 35.173
-81.935 34.940
-81.911 34.955
-81.965 34.925
-81.971 34.885
-81.953 34.939
-81.895 34.943
-79.680 34.661
-79.606 34.636
-79.625 34.722
-79.653 34.597
-79.755 34.591
-79.687 34.606
-79.726 34.517
-79.614 34.500
-79.639 34.400
-79.540 34.657
-79.694 34.742
-79.768 34.707
-79.544 34.565
-79.847 34.757
-79.542 34.669
