-96.685 44.887
-96.679 44.755
-96.545 44.933
-96.527 44.804
-96.818 44.888
-98.214 43.284
-98.347 43.318
-98.295 43.401
-98.573 43.427
-98.410 43.460
-98.340 43.322
-96.607 44.674
-96.547 44.587
-96.683 44.750
-96.684 44.759
-96.769 44.735
-96.764 44.587
-98.283 44.832
-98.101 44.850
-98.463 45.151
-98.529 44.896
-98.532 45.026
-98.524 44.720
-98.521 44.878
-98.511 44.872
-98.104 45.154
-101.844 44.612
-101.562 44.939
-101.545 44.691
-101.557 45.153
-101.816 45.054
-101.322 44.844
-101.740 45.366
-101.798 44.766
-102.679 45.156
-102.168 45.939
-102.172 45.169
-102.759 45.796
-102.492 45.437
-102.168 45.472
-102.259 45.882
-102.158 45.943
-102.449 45.796
-102.144 45.777
-102.793 45.474
-102.164 45.936
-102.153 45.937
-100.379 44.355
-100.383 44.375
-100.989 44.267
-100.548 44.424
-100.578 44.273
-100.769 44.635
-100.156 44.255
-100.966 44.509
-101.903 43.723
-101.263 43.882
-101.708 43.501
-101.527 43.771
-101.502 43.829
-101.988 43.504
-101.510 43.840
-101.847 43.933
-101.401 43.492
-101.517 43.829
-98.265 43.675
-98.036 43.703
-98.042 43.695
-98.085 43.542
-98.013 43.716
-98.023 43.731
-98.013 43.712
-98.010 43.708
-98.036 43.718
-98.037 43.726
-98.030 43.695
-98.078 43.796
-98.044 43.760
-98.013 43.710
-98.013 43.695
-98.041 43.705
-98.040 43.708
-98.014 43.718
-98.014 43.723
-98.037 43.711
-98.013 43.714
-98.037 43.714
-98.098 43.662
-100.444 45.526
-100.027 45.504
-99.863 45.507
-100.420 45.536
-100.110 45.507
-100.329 45.574
-100.422 45.540
-100.436 45.526
-99.832 45.333
-100.284 45.479
-100.464 45.536
-100.124 45.334
-100.312 45.542
-100.038 45.505
-100.433 45.544
-103.038 44.091
-103.331 43.942
-103.154 44.083
-103.177 44.007
-102.160 44.313
-103.166 44.082
-103.180 44.036
-103.237 44.095
-102.984 44.002
-103.284 44.075
-103.060 44.045
-103.201 44.056
-103.292 44.020
-102.071 44.038
-103.172 44.111
-103.491 44.085
-103.255 44.072
-103.291 44.048
-103.110 44.100
-103.335 44.061
-103.238 44.121
-103.349 44.110
-103.110 44.065
-103.258 44.038
-103.218 44.064
-103.173 44.055
-103.125 44.071
-103.129 44.115
-103.211 44.080
-103.227 44.103
-103.075 44.091
-102.472 44.068
-103.286 44.035
-103.779 43.947
-103.242 44.076
-103.137 44.060
-103.301 44.095
-103.272 44.055
-103.220 44.128
-102.550 43.795
-102.733 44.004
-103.219 44.071
-103.274 44.069
-103.047 44.118
-103.081 43.917
-102.985 44.114
-103.226 44.037
-103.197 44.097
-103.399 43.891
-103.368 44.009
-103.831 44.085
-103.222 44.053
-103.269 44.097
-102.240 43.921
-103.076 44.114
-101.730 43.172
-101.809 43.093
-97.114 43.997
-97.102 44.015
-97.189 43.979
-97.009 44.152
-97.064 43.974
-101.705 43.264
-101.967 43.283
-101.404 43.098
-101.406 43.309
-101.730 43.177
-101.739 43.176
-97.270 44.123
-97.009 43.892
-97.122 44.010
-97.250 43.979
-96.949 44.022
-100.312 44.350
-100.028 44.458
-100.240 44.427
-100.362 44.386
-100.295 44.381
-100.311 44.365
-100.335 44.388
-100.323 44.369
-100.346 44.369
-100.336 44.368
-100.332 44.371
-99.780 44.240
-100.358 44.373
-99.785 44.458
-100.351 44.364
-97.056 45.661
-96.741 45.779
-97.120 45.850
-96.692 45.366
-96.983 43.170
-97.101 43.213
-97.101 43.127
-96.984 43.388
-97.281 43.421
-97.102 43.300
-97.066 43.435
-97.300 43.242
-97.046 45.342
-97.165 45.384
-97.046 45.661
-96.963 45.518
-97.066 45.689
-96.730 45.842
-97.046 45.666
-96.870 45.424
-97.103 45.559
-96.917 45.834
-97.639 44.628
-97.738 45.109
-97.634 44.616
-97.840 44.993
-97.593 44.790
-97.716 44.848
-97.734 44.886
-97.797 44.848
-97.732 44.874
-97.553 44.674
-97.918 44.849
-97.836 44.646
-97.738 44.879
-97.596 44.993
-98.392 44.024
-99.199 43.195
-99.424 43.262
-98.860 43.099
-98.571 44.076
-98.573 44.088
-98.570 44.067
-98.392 44.154
-98.808 44.066
-98.569 44.082
-101.814 45.630
-100.748 45.542
-100.471 45.651
-100.696 45.881
-101.259 45.819
-100.481 45.823
-100.570 45.688
-101.163 45.559
-100.811 45.810
-101.328 45.925
-100.945 45.881
-100.738 45.690
-101.789 45.882
-101.565 45.771
-101.438 45.620
-101.073 45.735
-100.819 45.781
-96.809 43.535
-96.801 43.519
-96.741 43.511
-96.950 43.652
-97.220 42.953
-97.279 42.921
-96.745 43.536
-96.676 43.522
-96.644 43.507
-96.652 43.521
-97.326 42.884
-97.457 42.952
-97.591 43.039
-97.280 43.083
-96.701 43.541
-96.778 43.507
-96.689 43.533
-96.794 43.539
-96.688 43.523
-97.181 42.959
-97.576 42.952
-97.408 42.880
-97.458 43.039
-96.717 43.550
-96.771 43.718
-96.701 43.504
-96.688 43.542
-96.950 43.544
-96.711 43.639
-96.726 43.529
-96.713 43.517
-96.761 43.507
-96.716 43.528
-96.724 43.563
-96.851 43.549
-96.646 43.549
-96.769 43.521
-96.764 43.540
-96.821 43.505
-96.704 43.829
-96.765 43.533
-96.759 43.524
-103.545 45.668
-103.895 45.505
-103.086 45.761
-103.124 45.498
-103.769 45.804
-103.498 45.386
-103.191 45.883
-103.547 45.585
-103.151 45.285
-103.415 45.846
-96.585 43.602
-96.760 43.548
-96.720 43.537
-97.395 42.904
-96.739 43.555
-97.173 42.889
-97.385 42.888
-97.577 43.039
-96.814 43.523
-96.754 43.579
-96.666 43.533
-96.682 43.557
-96.535 43.743
-96.683 43.504
-97.526 42.880
-97.397 42.870
-97.337 42.954
-96.785 43.586
-96.711 43.591
-96.786 43.513
-98.151 44.025
-98.269 44.051
-97.962 44.042
-98.151 43.895
-98.232 44.067
-98.275 44.056
-96.682 43.549
-96.725 43.543
-96.726 43.517
-96.746 43.524
-96.723 43.505
-98.271 44.155
-96.703 43.549
-96.592 43.805
-96.736 43.534
-96.753 43.524
-96.667 43.541
-96.792 43.528
-96.589 43.544
-96.711 43.805
-96.798 43.550
-96.950 43.795
-96.697 43.514
-96.705 43.531
-96.702 43.556
-96.679 43.581
-96.592 43.632
-96.830 43.523
-96.834 43.633
-96.602 43.584
-96.736 43.542
-97.070 43.631
-97.211 42.866
-96.736 43.524
-96.795 43.508
-96.493 43.587
-96.805 43.508
-96.825 43.536
-97.373 42.880
-97.497 42.981
-97.459 43.126
-97.578 43.126
-97.555 43.247
-99.883 43.928
-99.511 43.822
-100.282 43.983
-99.472 43.589
-99.631 44.089
-100.112 43.927
-99.626 43.935
-99.653 43.170
-99.844 43.369
-99.871 43.378
-99.982 43.597
-99.890 43.343
-96.624 45.223
-96.658 45.283
-99.857 43.372
-100.115 43.195
-99.850 43.379
-99.890 43.127
-96.702 45.194
-96.822 45.020
-99.685 43.429
-100.105 43.510
-99.867 43.370
-99.737 43.613
-96.543 45.194
-96.700 45.063
-96.645 45.214
-96.546 45.064
-97.133 45.229
-96.629 45.226
-96.645 45.226
-96.956 45.234
-96.639 45.216
-96.627 45.217
-96.812 45.238
-96.632 45.208
-96.822 45.107
-96.516 45.282
-100.065 44.701
-100.061 44.708
-100.064 44.708
-100.152 44.626
-99.877 44.644
-100.074 44.706
-100.030 44.808
-100.468 44.674
-99.100 44.101
-99.217 44.003
-99.448 44.124
-99.243 44.282
-96.810 43.976
-96.829 44.067
-96.586 44.022
-96.822 43.985
-96.601 44.042
-96.645 43.904
-96.588 44.136
-96.605 44.051
-96.588 44.049
-96.708 44.022
-96.808 43.989
-97.785 45.794
-97.794 45.632
-97.793 45.806
-97.754 45.797
-97.415 45.721
-97.622 45.864
-97.753 45.793
-97.330 45.850
-97.418 45.619
-97.369 43.761
-97.189 43.718
-97.549 43.761
-97.389 43.723
-97.269 43.572
-97.487 43.587
-98.235 44.443
-98.505 44.426
-98.151 44.326
-98.226 44.345
-97.973 44.369
-98.036 44.544
-98.095 44.240
-98.223 44.356
-98.211 44.362
-98.279 44.325
-99.479 44.283
-99.431 44.516
-99.521 44.566
-99.447 44.516
-99.493 44.766
-99.485 44.489
-99.197 44.485
-99.451 44.435
-99.440 44.524
-98.383 43.586
-98.538 43.570
-98.464 43.747
-98.429 43.864
-98.654 43.827
-98.484 43.715
-98.711 43.666
-97.989 42.848
-97.729 42.955
-97.892 43.010
-98.047 43.035
-97.814 43.126
-103.846 44.625
-103.845 44.614
-103.870 44.640
-103.843 44.651
-103.842 44.667
-103.634 44.782
-103.193 44.692
-103.418 44.717
-103.773 44.769
-103.736 44.647
-103.844 44.689
-103.057 44.930
-103.896 44.940
-103.496 44.767
-103.856 44.666
-103.857 44.682
-103.848 44.659
-103.536 44.642
-103.376 45.032
-96.839 44.335
-96.801 44.286
-97.068 44.456
-96.807 44.305
-96.528 44.279
-96.617 44.461
-96.948 44.281
-96.803 44.321
-96.769 44.321
-96.766 44.306
-96.665 44.297
-97.069 44.283
-96.773 44.286
-96.830 44.237
-96.887 44.457
-99.885 45.702
-100.075 45.837
-100.361 45.905
-100.229 45.722
-99.991 45.873
-97.104 44.894
-97.309 44.847
-97.087 44.915
-97.111 44.895
-97.119 44.908
-97.059 44.939
-96.944 45.107
-97.157 44.914
-97.068 44.894
-97.112 44.917
-96.945 45.008
-97.211 44.934
-97.311 44.934
-97.089 44.900
-96.943 44.879
-97.185 44.943
-97.273 45.021
-97.432 44.891
-97.085 45.108
-97.123 44.896
-97.206 44.916
-97.140 44.904
-97.102 44.919
-97.268 45.108
-97.123 44.929
-97.189 44.846
-97.091 44.908
-97.145 44.886
-97.096 44.882
-97.064 44.844
-97.102 44.905
-97.125 44.915
-97.433 45.065
-97.117 44.903
-97.089 45.021
-96.913 42.788
-96.909 42.772
-96.930 42.778
-96.969 42.828
-96.943 42.790
-96.927 42.789
-96.912 42.778
-97.101 42.997
-96.941 42.781
-96.924 42.997
-99.277 45.310
-98.825 45.388
-99.030 45.443
-99.043 45.453
-99.339 45.463
-99.594 45.401
-99.462 45.550
-101.597 44.102
-101.296 44.524
-101.665 44.038
-101.701 44.447
-101.287 44.141
-101.661 44.044
-101.771 44.016
-101.747 44.210
-101.668 44.041
-103.935 43.666
-103.007 43.786
-103.611 43.767
-103.282 43.548
-103.708 43.753
-103.660 43.566
-103.468 43.753
-103.588 43.772
-103.590 43.764
-103.135 43.665
-97.219 44.760
-97.006 44.717
-96.976 44.587
-97.527 45.341
-97.307 45.339
-97.249 44.674
-97.431 44.631
-97.219 44.587
-97.401 44.761
-97.525 45.328
-97.507 45.515
-97.771 45.510
-97.735 45.370
-97.526 45.333
-97.353 45.485
-97.310 45.329
-97.297 45.238
-97.489 45.371
-97.296 45.393
-97.919 45.414
-97.300 45.329
-97.798 45.240
-97.514 45.338
-97.492 45.239
-97.514 45.330
-103.837 43.300
-103.474 43.439
-103.478 43.424
-103.234 43.182
-103.179 43.431
-103.489 43.438
-103.824 43.381
-103.905 43.183
-103.494 43.396
-103.824 43.295
-103.611 43.169
-103.825 43.302
-103.468 43.425
-103.167 43.303
-103.265 43.111
-103.494 43.423
-98.936 43.746
-98.949 43.740
-97.775 43.647
-97.908 43.718
-99.168 43.810
-99.318 43.791
-97.731 43.757
-97.667 43.630
-97.786 43.555
-97.791 43.980
-98.973 43.543
-99.342 43.740
-99.328 43.814
-98.966 43.742
-99.325 43.774
-99.252 43.598
-98.956 43.753
-103.633 44.462
-103.879 44.506
-103.965 44.466
-103.644 44.462
-103.767 44.353
-103.827 44.280
-103.604 44.209
-103.628 44.511
-103.638 44.462
-103.801 44.491
-103.883 44.451
-103.745 44.517
-103.724 44.381
-103.824 44.477
-96.738 43.492
-96.747 43.301
-96.720 43.487
-96.865 43.301
-96.889 43.349
-96.828 43.451
-96.693 43.429
-96.579 43.310
-96.511 43.126
-96.707 43.432
-96.898 43.347
-96.779 43.486
-96.607 43.305
-96.569 43.300
-96.628 43.127
-96.585 43.304
-96.749 43.387
-96.738 43.479
-96.771 43.087
-96.837 43.451
-96.661 43.463
-100.745 43.567
-100.769 43.574
-101.082 43.609
-100.410 43.559
-96.747 43.214
-96.865 43.390
-96.842 43.452
-96.817 43.495
-96.791 43.087
-96.521 43.197
-96.898 43.357
-96.801 43.490
-96.758 43.485
-99.004 44.502
-98.981 44.518
-96.601 43.298
-96.623 43.261
-96.806 43.127
-96.776 43.087
-96.613 43.385
-96.865 43.214
-98.992 44.525
-98.993 44.517
-98.884 44.460
-99.106 44.643
-98.826 44.809
-98.985 44.525
-98.763 44.459
-96.799 43.498
-96.710 43.491
-96.846 43.463
-98.822 44.240
-99.052 44.310
-98.827 44.678
-99.130 44.809
-96.679 43.494
-103.335 44.200
-103.419 44.337
-103.502 44.407
-103.516 44.398
-102.676 44.527
-103.396 44.161
-99.145 44.941
-99.135 45.032
-103.321 44.153
-103.303 44.147
-102.776 44.755
-102.828 44.242
-99.121 45.031
-98.839 44.984
-99.127 45.039
-98.839 45.158
-99.450 45.071
-99.144 45.158
-99.145 45.028
-103.280 44.165
-102.414 44.583
-103.340 44.523
-102.458 44.895
-102.511 44.272
-102.841 44.433
-103.171 44.199
-103.513 44.409
-103.094 44.158
-102.129 44.887
-103.133 44.455
-103.058 44.252
-103.427 44.245
-103.528 44.419
-103.508 44.510
-102.280 44.660
-102.807 44.940
-102.521 44.684
-103.299 44.240
-102.144 44.556
-97.314 44.494
-97.134 44.368
-97.543 44.385
-97.554 44.390
-100.809 43.260
-100.342 43.325
-100.595 43.252
-97.556 44.385
-98.702 43.251
-98.695 43.254
-98.849 43.387
-98.530 43.068
-98.541 43.159
-98.839 43.390
-98.407 43.126
-98.702 43.254
-98.252 43.090
-98.531 43.158
-99.084 43.435
-98.540 43.154
-98.283 43.081
-98.308 43.079
-98.405 43.003
-98.857 43.366
-98.295 43.068
-98.840 43.383
-98.527 43.168
-98.689 43.254
-98.170 42.968
-97.135 44.359
-97.561 44.362
-97.751 44.371
-97.144 44.362
-97.378 44.366
-97.204 44.386
-97.375 44.358
-97.286 44.257
-97.376 44.362
-97.378 44.371
-100.758 43.076
-101.012 43.314
-101.110 43.108
-100.899 43.179
-100.369 43.122
-100.632 43.347
-102.818 43.184
-102.489 43.017
-102.403 43.500
-102.505 43.090
-102.259 43.065
-102.511 43.281
-102.753 43.507
-102.217 43.415
-102.686 43.059
-102.345 43.196
-96.739 42.694
-96.622 42.907
-96.549 42.613
-96.634 43.023
-96.746 42.995
-98.939 45.724
-99.512 45.859
-96.788 43.079
-96.494 42.541
-96.578 43.025
-99.098 45.853
-99.616 45.770
-98.945 45.719
-98.960 45.797
-96.623 43.023
-96.771 43.077
-96.642 42.733
-96.779 43.075
-96.523 42.530
-96.621 42.582
-96.747 42.823
-96.629 43.023
-96.486 42.494
-99.626 45.773
-98.861 45.732
-99.330 45.753
-98.934 45.719
-99.624 45.769
-99.449 45.651
-100.557 43.980
-100.877 43.943
-100.718 43.888
-100.707 43.887
-100.646 43.865
-100.715 43.892
-99.947 45.009
-99.772 45.017
-99.877 45.202
-99.953 45.009
-99.634 45.158
-100.183 44.974
-99.959 45.009
-99.953 45.016
-100.122 45.134
-97.987 43.394
-97.935 43.420
-97.628 43.430
-97.990 43.256
-97.768 43.284
-97.461 43.421
-97.710 44.124
-97.550 43.892
-97.550 43.979
-97.490 44.109
-97.529 44.016
-97.519 44.014
-97.526 44.009
-98.475 45.463
-98.484 45.477
-98.477 45.480
-98.360 45.459
-98.506 45.451
-98.546 45.458
-98.343 45.327
-98.109 45.417
-98.591 45.331
-98.630 45.584
-98.538 45.851
-98.448 45.692
-98.279 45.622
-98.062 45.665
-98.166 45.849
-98.465 45.480
-98.430 45.461
-98.493 45.447
-98.462 45.450
-98.480 45.443
-98.480 45.456
-98.506 45.476
-101.234 45.000
-100.629 45.116
-100.517 45.266
-100.930 45.247
-100.572 45.423
-100.896 45.365
-101.198 45.332
-101.039 45.429
-101.228 45.079
-101.354 45.116
-100.561 44.938
-101.419 45.343
-100.962 44.889
-100.951 45.114
