3200539 -119.94302 38.9692616
3200540 -119.92273 38.9722392
3200523 -119.76736 39.0875045
3200534 -119.77405 39.0819877
3200522 -119.75739 39.0602462
3200533 -119.73774 39.0628023
3200530 -119.72066 38.8430526
3200529 -119.85190 38.9240234
3200527 -119.76875 38.9685318
3200531 -119.73856 38.9444472
3200528 -119.72823 38.9611327
3200532 -119.69079 39.0400641
3201906 -119.06275 38.8041357
3201901 -119.05543 38.9934235
3201903 -119.17530 38.9681652
3201902 -118.98069 39.1333857
3201904 -119.20804 39.1681617
3201905 -119.25014 39.0155450
3201925 -119.17358 39.3245126
3201912 -119.45109 39.1820867
3201921 -119.39351 39.3918405
3201908 -119.15120 38.6085470
3201916 -119.61169 39.2474981
3201918 -119.67979 39.2349434
3201920 -119.65126 39.2513956
3201934 -119.26491 39.6037501
3201940 -119.15394 39.6349340
3201931 -119.24026 39.5962963
3201907 -119.35754 38.8733069
3201919 -119.65170 39.2081134
3201917 -119.53130 39.2855541
3201915 -119.56158 39.2884399
3201913 -119.50570 39.3177957
3201914 -119.53384 39.3047524
3201909 -119.55492 39.2595424
3201910 -119.51621 39.2738919
3201911 -119.55484 39.2462018
3201922 -119.38682 39.3132960
3201924 -119.17910 39.4085174
3201926 -119.19153 39.3537327
3201923 -119.25337 39.4304408
3201928 -119.26569 39.5098150
3201927 -119.16612 39.5456118
3201929 -119.23376 39.5878560
3201930 -119.23083 39.5966546
3201932 -119.23486 39.6028466
3201933 -119.24664 39.6008770
3201935 -119.22172 39.5957439
3201936 -119.22090 39.5901310
3200107 -118.79877 39.4886021
3201937 -119.20830 39.5928833
3201938 -119.17722 39.5907900
3200101 -118.78727 39.4808060
3200102 -118.76958 39.4819146
3200501 -119.76371 38.8887920
3200516 -119.80711 38.9229706
3200525 -119.74937 38.9043966
3200519 -119.72468 38.8861002
3201939 -119.13299 39.5846723
3200103 -118.79388 39.4727692
3200109 -118.52468 39.8045322
3200104 -118.76287 39.4669460
3200105 -118.77787 39.4693147
3200106 -118.79021 39.4644503
3200115 -118.97505 39.4284880
3200111 -118.81957 39.4681683
3200112 -118.56253 39.2198575
3200512 -119.70713 38.8950118
3200515 -119.74234 39.0027291
3200502 -119.67870 38.9232664
3200514 -119.51376 38.9847095
3200517 -119.63774 38.8502894
3200508 -119.72335 38.9061081
3200108 -118.77248 39.4536981
3200110 -118.80879 39.5653714
3200118 -118.84721 39.4845433
3200113 -118.75418 39.4017736
3200116 -118.01641 39.5575921
3200117 -118.97160 39.7953201
3200119 -119.02588 39.5014647
3200114 -118.86596 39.2962664
3200115-03 -118.79784 39.4669435
3200115-07 -118.79133 39.4648455
3200518 -119.73715 38.9132775
3200503 -119.75241 38.9406517
3200504 -119.73910 38.9392451
3200115-01 -118.79314 39.4711260
3200115-02 -118.79166 39.4697718
3200115-04 -118.79412 39.4674161
3200115-05 -118.79270 39.4679563
3200115-06 -118.78633 39.4664610
3200115-09 -118.78416 39.4670883
3200115-10 -118.78266 39.4654270
3200107-01 -118.78707 39.4809026
3200507 -119.77021 38.9510166
3200513 -119.80019 39.0658357
3200505 -119.83587 39.0092186
3200526 -119.78539 38.9629537
3200541 -119.90127 38.9627561
3200108-01 -118.77377 39.4656451
3200108-02 -118.76526 39.4656292
3200112-01 -118.76729 39.4711110
3200112-02 -118.76732 39.4703369
3200112-03 -118.76331 39.4693556
3200108-03 -118.76843 39.4673899
3200115-08 -118.79037 39.4638088
3200538 -119.92232 38.9941455
3200537 -119.92928 39.0085396
3200536 -119.92346 39.0272283
3200535 -119.91950 39.0751028
3200506 -119.84627 39.0863335
3200509 -119.73245 38.8941065
3200520 -119.73338 38.8885930
3200510 -119.49170 38.7771989
3200524 -119.45297 38.6767590
3200511 -119.71369 39.0625217
3200521 -119.75671 39.0338838
32005ZZZZZZ -119.97454 39.0491869
320330030 -114.93309 39.5379635
320330020 -114.86051 39.2522796
320330015 -114.87165 39.2463871
320330035 -114.86927 39.2999210
320330010 -114.88726 39.2545964
320330045 -115.17836 38.9508189
320330050 -114.17881 39.0030416
320330040 -115.02796 39.3118430
320330005 -114.88861 39.2412186
320330025 -114.77752 39.4020035
320311035 -119.81489 39.5120823
320311033 -119.82050 39.5088117
320311014 -119.83767 39.5073507
320314006 -119.80746 39.5314199
320313011 -119.80971 39.5250041
320313001 -119.79233 39.5266808
320311028 -119.82291 39.4995861
320318203 -119.81205 39.4184098
320312049 -119.80743 39.4972709
320318275 -119.74928 39.3909847
320312004 -119.80188 39.4942868
320312039 -119.80919 39.4910503
320312007 -119.79425 39.4980334
320313005 -119.76922 39.4969463
320318234 -119.74233 39.4939370
320313034 -119.74654 39.4994033
320313006 -119.74972 39.4992089
320313031 -119.74552 39.4839357
320315006 -119.82994 39.5410403
320313015 -119.78409 39.5341444
320314000 -119.80442 39.5439915
320314012 -119.83455 39.5591241
320316203 -119.77852 39.5487078
320311002 -119.83186 39.5238207
320315016 -119.84263 39.5318666
320319522 -119.89220 39.5572263
320317100 -119.90003 39.5150909
320319108 -119.90518 39.5539647
320317524 -119.92868 39.6499953
320316519 -119.71477 39.5647033
320317306 -119.77842 39.5765645
320317543 -119.95390 39.6705313
320314043 -119.79700 39.5713163
320319503 -119.79444 39.5845130
320314015 -119.92439 39.6958822
320319525 -119.79909 39.5866580
320317414 -119.75911 39.6744039
320316202 -119.76808 39.5612519
320317305 -119.77796 39.5663788
320317501 -119.76497 39.5768036
320313017 -119.78266 39.5417422
320313003 -119.78141 39.5530420
320313000 -119.78073 39.5550686
320317512 -119.77515 39.5549975
320317308 -119.77984 39.5554670
320316207 -119.77945 39.5534997
320313021 -119.78053 39.5508037
320313037 -119.79775 39.5525430
320315027 -119.81654 39.5443122
320315055 -119.84315 39.5491759
320315029 -119.84237 39.5474994
320311027 -119.85582 39.5093527
320311017 -119.82610 39.5159477
320319112 -119.83695 39.4978638
320312006 -119.81483 39.5037099
320312051 -119.81320 39.4992264
320312011 -119.82060 39.4916899
320312010 -119.81454 39.4927037
320312028 -119.81733 39.4872491
320312002 -119.80173 39.4994164
320317539 -119.81145 39.8114208
320317529 -119.82229 39.7688593
320319516 -119.78346 39.7047013
320317538 -119.79212 39.7374355
320317525 -119.83245 39.7085459
320319520 -119.91368 39.7051653
320319527 -119.92125 39.7021934
320319111 -119.87967 39.1812073
320316423 -119.67621 39.6288975
320316425 -119.66759 39.6154302
320316404 -119.68760 39.5848091
320313026 -119.73907 39.4763970
320314039 -119.86934 39.6284791
320317537 -119.86072 39.6269300
320315047 -119.97558 39.5246368
320315054 -119.99786 39.5207015
320315039 -119.97263 39.5200494
320318268 -119.77653 39.3991168
320319109 -119.97525 39.4623814
320311047 -119.88633 39.5012709
320319504 -119.89260 39.4984911
320318130 -119.89004 39.4927390
320318118 -119.88001 39.4871713
320318265 -119.71266 39.4287479
320317508 -119.85639 39.6094086
320319514 -119.80393 39.5850502
320319412 -119.46212 39.6735905
320319227 -119.77350 39.4184506
320319228 -119.77733 39.4104735
320319240 -119.77516 39.4132208
320318288 -119.77462 39.4067301
320319234 -119.79830 39.4039008
320319233 -119.80122 39.4048278
320319237 -119.80040 39.4064745
320319224 -119.71750 39.3904178
320319223 -119.71883 39.3876232
320319236 -119.71433 39.3876160
320319222 -119.72512 39.3855079
320312024 -119.75825 39.4146189
320319533 -119.90318 39.6362651
320319217 -119.76384 39.4329896
320317429 -119.68779 39.7840413
320319418 -119.57454 39.6437327
320319419 -119.56053 39.6302938
320313009 -119.80562 39.5194838
320311003 -119.83282 39.5166054
320311006 -119.82006 39.5204267
320318280 -119.81668 39.4573205
320319103 -119.81747 39.4966962
320315020 -119.82150 39.5306417
320314013 -119.79557 39.5333890
320319212 -119.82241 39.4445999
320313010 -119.79729 39.5214911
320312009 -119.79040 39.4885465
320312017 -119.79708 39.4806056
320318205 -119.79776 39.4204627
320312021 -119.78966 39.4582500
320313022 -119.75206 39.4912978
320313024 -119.75711 39.4819407
320313028 -119.78261 39.4886057
320312008 -119.78589 39.5001662
320313029 -119.75259 39.4795941
320314014 -119.83965 39.5937395
320317507 -119.86886 39.6050646
320317551 -119.86482 39.6094751
320314023 -119.84954 39.5956283
320317307 -119.82006 39.5845499
320315012 -119.86736 39.5469286
320315026 -119.85861 39.5373612
320315014 -119.89339 39.5286902
320316411 -119.70197 39.5741991
320316302 -119.71672 39.5389444
320317540 -119.91683 39.6831864
320318230 -119.72907 39.3845316
320316300 -119.71682 39.5529388
320316400 -119.70774 39.5626073
320314028 -119.94198 39.7006655
320317416 -119.68055 39.6421026
320318111 -119.91544 39.1973046
320319106 -119.91053 39.2887318
320317509 -119.77597 39.5759620
320317531 -119.54222 40.5010533
320319521 -119.36205 40.2154405
320317422 -119.84423 40.3152744
320319404 -119.63568 40.3064027
320316505 -119.74902 39.5608098
320316509 -119.75489 39.5592768
320312000 -119.80978 39.5051550
320311036 -119.80783 39.5096082
320311037 -119.81004 39.5075113
320311019 -119.81487 39.5153853
320315056 -119.81485 39.5252601
320311039 -119.82182 39.5252372
320315057 -119.81125 39.5331624
320313014 -119.78242 39.4939135
320314029 -119.93091 39.7166129
320317411 -119.58127 39.7520336
320319414 -119.45958 39.7470107
320319415 -119.53896 39.6321034
320319405 -119.51187 39.6318593
320314045 -119.88038 39.6739429
320314019 -119.87501 39.6477529
320318119 -119.94578 39.4310735
320318112 -119.91267 39.3735847
320318121 -119.83750 39.3877460
320318255 -119.83641 39.3876976
320316402 -119.68570 39.5712785
320317433 -119.69303 39.5464478
320316304 -119.68711 39.5442250
320316313 -119.70055 39.5559993
320314046 -119.86324 39.6150696
320312053 -119.74987 39.4025888
320319211 -119.75211 39.4007599
320317310 -119.83295 39.6129863
320319300 -119.84802 39.6138023
320315052 -119.98000 39.4866799
320315050 -119.97671 39.5005249
320315049 -119.96435 39.5065698
320318503 -119.90248 39.5065688
320318502 -119.93860 39.5066544
320318129 -119.87081 39.4840161
320318211 -119.68695 39.4211516
320318258 -119.72636 39.4060995
320318257 -119.72781 39.4045742
320318206 -119.82939 39.4198533
320318239 -119.82712 39.3797816
320319241 -119.77915 39.4075321
320317430 -119.73667 39.6696090
320317427 -119.70235 39.7874858
320317567 -119.85549 39.6056680
320319119 -119.87928 39.5497470
320315023 -119.90073 39.5326000
320319530 -119.97983 39.5927655
320318287 -119.76266 39.4165699
320317428 -119.65287 39.7031813
320319121 -119.95813 39.2428868
320319538 -119.95070 39.6883885
320319229 -119.77185 39.3972942
320319420 -119.56574 39.6210308
320319421 -119.55375 39.6253144
320319423 -119.54243 39.6262112
320319424 -119.52160 39.6155864
320319422 -119.54042 39.6155506
320319425 -119.54035 39.6010882
320316316 -119.50778 39.5691319
320315032 -119.90519 39.5472090
320312026 -119.81080 39.4730797
320319202 -119.79166 39.4727170
320318216 -119.80046 39.4352061
320311012 -119.84650 39.5172457
320318101 -119.88954 39.5045027
320318124 -119.88111 39.5098948
320312030 -119.80724 39.4826934
320313016 -119.78474 39.4805811
320312025 -119.81920 39.4801266
320319214 -119.79517 39.4071770
320312050 -119.81447 39.4654333
320313033 -119.74893 39.5020879
320319208 -119.75209 39.4661964
320319200 -119.76748 39.4374436
320313038 -119.72810 39.4546931
320312045 -119.77134 39.4391259
320314016 -119.82395 39.5708950
320317557 -119.97505 39.6844605
320315018 -119.85762 39.5297120
320311045 -119.87041 39.5151325
320311057 -119.87434 39.5228090
320316511 -119.72832 39.5590098
320314048 -119.91835 39.6285793
320314031 -119.93481 39.6759805
320314026 -119.97403 39.6495452
320317535 -119.78410 39.5861004
320316103 -119.77658 39.5352613
320312031 -119.75172 39.4312231
320318220 -119.73091 39.3095394
320318231 -119.72470 39.3729820
320318245 -119.73667 39.3930439
320318223 -119.72678 39.3859445
320316504 -119.74514 39.5585053
320316211 -119.73958 39.5525848
320316109 -119.74494 39.5430825
320316105 -119.73801 39.5401605
320316106 -119.73794 39.5448636
320319407 -119.80935 40.0780229
320319518 -119.78178 39.8707288
320317421 -119.72770 39.9601747
320311016 -119.85478 39.5230168
320311043 -119.85593 39.5179760
320311010 -119.84192 39.5130717
320312040 -119.79994 39.4876633
320312013 -119.81028 39.4802671
320311009 -119.82629 39.4865664
320319406 -119.56442 39.5694960
320319408 -119.55875 39.6150651
320317413 -119.62133 39.5891551
320317417 -119.66775 39.6856794
320316301 -119.69112 39.5517319
320316308 -119.70071 39.5468820
320316314 -119.70767 39.5464998
320316303 -119.71667 39.5262696
320316306 -119.72470 39.5336243
320316112 -119.73086 39.5421792
320319301 -119.84406 39.6093703
320314021 -119.83995 39.6111958
320314011 -119.84687 39.5963858
320314010 -119.84493 39.5926804
320314008 -119.84390 39.5623877
320317510 -119.84002 39.5536170
320311053 -119.90775 39.5070963
320318500 -119.90597 39.5124663
320311040 -119.91106 39.5150937
320318501 -119.89865 39.5094484
320318237 -119.83139 39.3838740
320318238 -119.82782 39.3707080
320318271 -119.80306 39.3670279
320318207 -119.82201 39.4001805
320317424 -119.74322 39.6275220
320319537 -119.98987 39.4834111
320319114 -119.85687 39.5047080
320319231 -119.76508 39.3916103
320319230 -119.77187 39.3904685
320317558 -119.85655 39.6066188
320317566 -119.85660 39.6058258
320319305 -119.84595 39.6014155
320316309 -119.55642 39.5613881
320316315 -119.56592 39.5601700
320319400 -119.56396 39.5498099
320311018 -119.81216 39.5171234
320311000 -119.82074 39.5152359
320311026 -119.83472 39.4881854
320311032 -119.84912 39.5087382
320311038 -119.86187 39.5083665
320311013 -119.84140 39.5257589
320311049 -119.89623 39.5045128
320311048 -119.89573 39.5063278
320311050 -119.89324 39.5012678
320313012 -119.79918 39.5134762
320313007 -119.79015 39.5088829
320313004 -119.78907 39.5164360
320312005 -119.79554 39.5034129
320313002 -119.77964 39.5204391
320316107 -119.75743 39.5265747
320318225 -119.77270 39.4460919
320318200 -119.78128 39.4322231
320319207 -119.75227 39.4958431
320312023 -119.76642 39.4475239
320319238 -119.77225 39.4441251
320314037 -119.89125 39.6333115
320314024 -119.85139 39.6340781
320318202 -119.70829 39.4855119
320317309 -119.78017 39.5534376
320315022 -119.84479 39.5393372
320315024 -119.85154 39.5342688
320312057 -119.74868 39.3986889
320312059 -119.76228 39.3966059
320315007 -119.85791 39.5446094
320318221 -119.78492 39.3016553
320318244 -119.72369 39.3808941
320318229 -119.72582 39.3828646
320316506 -119.74056 39.5666851
320316102 -119.76829 39.5355163
320316104 -119.77918 39.5339910
320318261 -119.71653 39.3827726
320318262 -119.73700 39.3878900
320318232 -119.72072 39.3787027
320318254 -119.71945 39.3990820
320319204 -119.69197 39.3852860
320317409 -119.64509 40.0940663
320314005 -119.78205 39.5656356
320317304 -119.78139 39.5720585
320317514 -119.76635 39.5999991
320317504 -119.75636 39.5999259
320311029 -119.83725 39.4799174
320312016 -119.79531 39.4709160
320318218 -119.79394 39.4557603
320317407 -119.71619 39.6671272
320319512 -119.78812 39.6730290
320319513 -119.80033 39.6302424
320317548 -119.80397 39.6537430
320318120 -119.83916 39.3813045
320318251 -119.83690 39.3809238
320318252 -119.83791 39.3757600
320319105 -119.93671 39.3091478
320316407 -119.71052 39.5722346
320316520 -119.71901 39.5597393
320317404 -119.72135 39.5655736
320316508 -119.72956 39.5657794
320315035 -119.87175 39.5359397
320315011 -119.87551 39.5445744
320317516 -119.90436 39.5149402
320175 -115.65192 37.6257798
320174 -114.51317 38.2686934
320172 -114.44530 37.2856894
320173 -114.52649 37.7756628
320318263 -119.79990 39.3980930
320318228 -119.77633 39.3905095
320318233 -119.78012 39.3827044
320315053 -119.99925 39.5013547
320315059 -119.99502 39.5092838
320315048 -119.98046 39.5053315
320315046 -119.95302 39.5329091
320319534 -119.87890 39.6074156
320314050 -119.90378 39.6133927
320314018 -119.87577 39.6037026
320071 -115.72540 40.8283021
320092 -117.55013 37.8599644
320091 -117.20786 37.7986810
320095 -117.74929 38.1701335
320094 -117.42997 37.3992314
320311031 -119.82990 39.5048032
320311024 -119.83774 39.4958832
320311022 -119.85086 39.4866720
320318213 -119.81324 39.4489628
320317300 -119.78603 39.5254218
320313013 -119.75727 39.5112107
320312001 -119.80392 39.5032178
320312003 -119.80894 39.5013683
320312022 -119.78219 39.4514352
320319519 -119.77023 39.7794035
320312020 -119.77652 39.4581362
320318217 -119.71371 39.4707444
320317556 -119.86188 39.6367765
320314007 -119.78055 39.5670145
320317545 -119.87126 39.5792452
320317527 -119.83264 39.6305953
320317546 -119.85941 39.6071990
320314003 -119.79217 39.5640494
320319515 -119.80016 39.5804964
320319304 -119.79816 39.5784425
320317500 -119.75649 39.5626573
320315013 -119.86377 39.5452799
320311055 -119.88763 39.5233510
320315036 -119.88586 39.5447584
320316416 -119.68404 39.6001679
320316418 -119.67835 39.6137798
320319213 -119.82196 39.4360367
320318235 -119.81497 39.4425001
320317542 -119.80142 39.5969943
32031ZZZZZZ -119.96809 39.2039069
320318104 -119.97024 39.2499050
320315043 -119.85751 39.5511748
320319501 -119.74778 39.6018747
320317401 -119.74422 39.5941053
320317402 -119.73669 39.5916016
320316516 -119.73122 39.5976250
320316501 -119.72163 39.5920778
320317311 -119.81789 39.6188584
320317301 -119.82370 39.6042480
320317520 -119.84059 39.6415332
320319102 -119.96559 39.2847771
320318266 -119.71799 39.3889344
320318256 -119.72399 39.3891259
320317553 -119.95482 39.6197723
320311020 -119.85122 39.4980819
320311023 -119.86280 39.4963051
320318102 -119.89764 39.5110376
320319506 -119.89716 39.5018455
320319115 -119.89121 39.5057014
320318100 -119.87295 39.5034937
320318270 -119.76270 39.4013355
320318278 -119.76926 39.3971467
320318277 -119.78454 39.4089095
320318253 -119.78195 39.4154370
320318215 -119.78636 39.4163775
320319535 -119.77530 39.6442313
320314038 -119.80405 39.5585569
320315034 -119.85202 39.5497680
320315019 -119.84602 39.5516294
320171 -115.23092 37.3126887
320072 -115.80337 40.8212959
3200719 -114.94560 41.1155161
320073 -115.76983 40.8316058
320093 -118.05052 37.7817910
320312018 -119.76637 39.4642290
320318226 -119.75913 39.4263836
320313020 -119.77820 39.4735669
320312032 -119.75103 39.4476980
320314049 -119.81018 39.5436855
320313036 -119.79082 39.5377948
320317528 -119.83643 39.6617750
320317549 -119.92388 39.5925433
320315008 -119.83496 39.5328452
320316310 -119.71216 39.5453225
320316405 -119.70960 39.5811072
320314025 -119.91021 39.6412142
320316111 -119.74237 39.5365607
320318209 -119.76796 39.4266272
320318210 -119.71831 39.3533974
320318201 -119.77890 39.3502369
320318236 -119.83003 39.3428605
320318274 -119.76714 39.3740618
320318250 -119.78293 39.3956727
320317552 -119.91522 39.7688845
320317519 -119.92950 39.8526442
320317547 -119.90517 40.0613051
320317408 -119.72120 39.7165974
320317418 -119.69325 39.6555083
320317541 -119.96783 39.6859061
320316419 -119.72072 39.5819296
320316500 -119.73279 39.5781141
320316403 -119.70432 39.5876654
320316422 -119.68914 39.6166393
320318106 -119.95390 39.2727716
320318125 -119.93294 39.2268224
320318126 -119.93107 39.2261244
320318273 -119.86465 39.2625768
320314041 -119.89119 39.6198951
320314017 -119.87622 39.6270871
320314035 -119.87078 39.6365080
320311007 -119.85534 39.4802674
320311005 -119.85877 39.4682239
320318103 -119.87643 39.4927444
320312034 -119.82190 39.4744456
320312029 -119.81713 39.4691038
320318247 -119.77419 39.4149845
320318208 -119.76660 39.4149684
320318241 -119.76031 39.4153469
320318246 -119.75600 39.4166195
320312038 -119.75676 39.4161230
320318243 -119.75556 39.4160720
320318248 -119.75511 39.4124456
320312044 -119.75579 39.4147709
320319539 -119.83291 39.5497247
320317565 -119.78508 39.6197800
320319531 -119.75444 39.6190285
320316307 -119.72168 39.5463323
320317562 -119.75706 39.6106411
320319532 -119.74961 39.6075421
320078 -115.78289 40.8533615
3200711 -115.74669 40.8334385
320079 -115.76256 40.8394234
320075 -115.78973 40.8283530
320315000 -119.83766 39.5447330
320315033 -119.84747 39.5439543
320315058 -119.99403 39.5038574
320317101 -119.89749 39.5153499
320316113 -119.75664 39.5460139
320316110 -119.75048 39.5406632
320317406 -119.74733 39.5646427
320316311 -119.70951 39.5547048
320316108 -119.75794 39.5391567
320314022 -119.77941 39.5619538
320316208 -119.74416 39.5500770
320318222 -119.74288 39.2608505
320317506 -119.80901 39.6088266
320312048 -119.75122 39.4057240
320312054 -119.75634 39.4173832
320312047 -119.73755 39.4076235
320312058 -119.72191 39.4184208
320318259 -119.74900 39.4157770
320317521 -119.67906 41.2705470
320319507 -119.94629 39.6974851
320317536 -119.99035 39.7013388
320317522 -119.35873 40.6515723
320317426 -119.69103 39.6270375
320316413 -119.69901 39.6297253
320317403 -119.70922 39.6250831
320316412 -119.72081 39.6243239
320319417 -119.71908 39.6199138
320316426 -119.70461 39.6142312
320318212 -119.71957 39.5050584
320313032 -119.73554 39.4905586
320315041 -119.89505 39.5387178
320315040 -119.90695 39.5400321
320312027 -119.82853 39.4692392
320312012 -119.82967 39.4751237
320319107 -119.83870 39.4695575
320319216 -119.82889 39.4593734
320312052 -119.81091 39.4646829
320312037 -119.76382 39.4080432
320319205 -119.75526 39.4071846
320318240 -119.77990 39.4010811
320318260 -119.74141 39.4108110
320312041 -119.72084 39.4306510
320319209 -119.72813 39.4221519
320317563 -119.79718 39.6023515
320317564 -119.79491 39.5938444
320316206 -119.77940 39.5660923
320316212 -119.75950 39.5569587
320315061 -119.98657 39.5225332
320315060 -119.95342 39.5148380
320315051 -119.97500 39.4952307
320311052 -119.90270 39.5007261
320315015 -119.90009 39.5333376
3200715 -116.10175 40.7156078
3200725 -115.65843 40.8014518
3200724 -115.66606 40.8069874
3200741 -115.55966 40.7903804
320319210 -119.74775 39.4200097
320318105 -119.95314 39.2627279
320318116 -119.95558 39.2480573
320319511 -119.75727 39.7388150
320317523 -119.96603 39.6971397
320316420 -119.71817 39.6059075
320316503 -119.74112 39.6373714
320317410 -119.72660 39.6299940
320317503 -119.74646 39.6171911
320315031 -119.90735 39.5367538
320315030 -119.91012 39.5269987
320317532 -119.92717 39.5177986
320315045 -119.92501 39.5388768
320318114 -119.80778 39.4649080
320318204 -119.79749 39.4531896
320319203 -119.75516 39.4237929
320312035 -119.73609 39.4404403
320312033 -119.73752 39.4303277
320312036 -119.74452 39.4299101
320312042 -119.73918 39.4451977
320312055 -119.73347 39.4025205
320318214 -119.81286 39.4558113
320318279 -119.81649 39.4606635
320318281 -119.82139 39.4538692
320319215 -119.78987 39.4057700
320315062 -119.88670 39.5370612
320311051 -119.90147 39.5074791
320318122 -119.89425 39.5087674
320319122 -119.89106 39.4987196
320316317 -119.70594 39.5167496
320319120 -119.84657 39.5278803
3200723 -115.59195 40.7393662
3200726 -115.45970 40.6489048
3200729 -116.18230 41.9166020
3200732 -115.67098 41.0387237
3200713 -115.78670 40.7901340
3200712 -115.83135 40.8647936
3200728 -116.46786 41.4320668
3200731 -115.61675 41.6809495
320077 -115.78408 40.8412250
3200738 -114.65485 41.8847385
320154 -116.83928 40.3019155
320151 -116.93589 40.6355659
320152 -116.81081 40.8426747
320153 -116.79676 40.6604801
320155 -117.24206 40.3060606
320156 -117.10322 39.5496146
320317517 -119.75988 39.6173692
320317502 -119.76854 39.6113542
320317513 -119.77308 39.6158941
320319523 -119.79540 39.6263043
320311046 -119.88933 39.5114484
320312046 -119.75443 39.4186921
320318123 -119.89008 39.5084343
320319113 -119.88456 39.5093607
320318127 -119.82654 39.4449022
320318128 -119.82577 39.4413029
320317434 -119.65740 39.8272369
320319413 -119.46245 39.7025552
320319411 -119.46203 39.6439073
320319410 -119.49948 39.6436625
320319409 -119.53721 39.6434394
320318276 -119.74907 39.3728944
320318283 -119.76069 39.3942157
320313035 -119.78025 39.5382340
320319100 -119.88350 39.4881988
320318131 -119.87399 39.4865087
320318132 -119.84572 39.5233118
320311004 -119.86787 39.4849729
320319117 -119.84425 39.4764400
320319118 -119.84318 39.4765084
320312014 -119.82168 39.4632097
320319243 -119.76142 39.4346901
320319244 -119.75478 39.4574402
320312043 -119.75748 39.4192794
320318267 -119.80739 39.3915631
320319218 -119.71166 39.4056587
320319225 -119.74852 39.4086005
320318284 -119.74769 39.4085586
3200733 -115.13767 41.5044398
3200718 -114.97636 41.1059457
3200730 -115.87398 41.6902529
3200739 -114.17612 41.3031693
3200737 -114.45811 41.3448296
3200721 -114.06306 40.7314688
320159 -117.07591 39.2117085
320158 -117.01902 39.2672273
320157 -117.09108 39.5017563
320319226 -119.74703 39.4077942
320318285 -119.74585 39.4082851
320318286 -119.74654 39.4068035
320319219 -119.74413 39.4010086
320319220 -119.73788 39.3970409
320319235 -119.73635 39.3969497
320319221 -119.73566 39.3973860
320312060 -119.75493 39.4002955
320319239 -119.76546 39.3938731
320319232 -119.78708 39.3973305
320319101 -119.93808 39.2345443
320319116 -119.93495 39.2342849
320319242 -119.90329 39.2657437
3200720 -114.08235 40.7430878
3200736 -114.51878 40.5352848
3200735 -115.14676 40.3816888
3200734 -115.22433 40.9780196
3200727 -115.82261 40.4041735
3200740 -115.55415 40.7113888
3200722 -115.64242 40.6850806
320314004 -119.79872 39.5407955
320313018 -119.79151 39.5452581
320314033 -119.81721 39.5577998
320315010 -119.82170 39.5390444
320315001 -119.84458 39.5504093
3200717 -116.06299 40.7330032
3200716 -116.12884 40.7205125
3200710 -115.74264 40.8582244
320311056 -119.87187 39.5296353
320311044 -119.89504 39.5190620
320315009 -119.82725 39.5338078
320317511 -119.82855 39.5469083
320316100 -119.77364 39.5405724
320318219 -119.82953 39.2600590
320313019 -119.78429 39.5509548
320271 -118.81216 40.4466125
320275 -118.15083 40.7225203
320277 -117.81578 40.3341703
320314036 -119.90542 39.6304382
320317544 -119.99404 39.6579323
320316513 -119.73028 39.5533160
320316517 -119.73707 39.5597331
320318227 -119.72543 39.3838180
320316514 -119.72582 39.5503301
320318107 -119.94448 39.2493920
320316415 -119.66115 39.6290780
320318117 -119.94085 39.2607072
320317419 -119.69441 39.7513937
320319416 -119.61740 39.6688284
320317423 -119.41740 40.0024133
320318115 -119.84053 39.4572462
320317412 -119.34426 39.7011234
320318264 -119.79537 39.2702734
320273 -118.47615 40.1834191
320274 -118.47815 40.1756308
320276 -117.81325 40.7130061
320318108 -119.99124 39.2596239
320318110 -120.00273 39.2319907
320318109 -119.91954 39.2584925
320317505 -119.76897 39.5876798
320318242 -119.72675 39.3791747
320317303 -119.82690 39.5925238
320319307 -119.80718 39.5889017
320317425 -119.71083 39.6543823
320317415 -119.72230 39.6530942
320317400 -119.63910 39.5325233
320317526 -119.96435 39.5510379
320319306 -119.80503 39.6248424
320319302 -119.80458 39.6194079
320317515 -119.78147 39.6105758
320317533 -119.78585 39.5991228
320317534 -119.77583 39.6000274
320316209 -119.75043 39.5518433
320316210 -119.75847 39.5508268
320317518 -119.77071 39.5529485
320316205 -119.76895 39.5490240
320317550 -119.77326 39.5506068
320319524 -119.80301 39.5893114
320319303 -119.80396 39.5815259
320319510 -119.79951 39.5841568
320314042 -119.78715 39.5727968
320316507 -119.74538 39.5837296
320319526 -119.75485 39.5787456
320317302 -119.82052 39.5821594
3200714 -115.80049 40.8498463
320076 -115.79904 40.8338271
320074 -115.77117 40.8392985
320314009 -119.82276 39.5795506
320314032 -119.81918 39.5939637
320314047 -119.80830 39.5946805
320314020 -119.78923 39.5602351
320316201 -119.76689 39.5415419
320316101 -119.77816 39.5381525
32510213 -119.70560 39.2083922
32510113 -119.75664 39.2168232
32510107 -119.80995 39.1942602
32510109 -119.77535 39.1836697
32510111 -119.76842 39.1926697
32510211 -119.73525 39.1963982
32510309 -119.72137 39.1719587
32510307 -119.73121 39.1734282
32510209 -119.72570 39.1829910
32510207 -119.73817 39.1825588
32510205 -119.74992 39.1850798
32510203 -119.75696 39.1787840
32510405 -119.76511 39.1363014
32510305 -119.75257 39.1374023
32510303 -119.75747 39.1433718
32510403 -119.75895 39.1534582
32510401 -119.76439 39.1618137
32510201 -119.75889 39.1694264
32510103 -119.77890 39.1726596
32510101 -119.76874 39.1725493
32510311 -119.63732 39.1372482
32510105 -119.90579 39.1459626
32510409 -119.81087 39.1331812
32510407 -119.75214 39.1104287
32510411 -119.72630 39.1277252
32510301 -119.74143 39.1601853
3202304 -117.94663 38.8811117
3202305 -117.55612 38.8629897
3202335 -117.22440 38.6615574
3202307 -116.81704 38.6100364
3202315 -117.04478 37.9560233
3202302 -116.09426 38.4560772
3202308 -116.42845 37.3373810
3202303 -115.74186 38.8877017
3202313 -115.27179 38.3078900
3202314 -117.25798 38.1230361
3202301 -116.90561 37.0473500
3202318 -116.06341 36.5438161
3202306 -116.41464 36.5742784
3202321 -116.11482 36.2081317
3202332 -115.97272 36.3466370
3202326 -116.15641 36.3089547
3202310 -115.98400 36.2275422
3202330 -116.00207 36.1399424
3202331 -116.04425 36.1486023
3202327 -116.05533 36.2133658
3202324 -115.97416 36.1007609
320292 -119.64184 39.2887131
320291 -119.65112 39.3185261
3202910 -119.40481 39.5584192
3202317 -115.88141 36.0653733
3202323 -115.96584 36.2493607
3202312 -117.05754 38.7273680
320296 -119.64277 39.5092589
320293 -119.63695 39.4891299
320295 -119.62368 39.3924156
3202911 -119.57326 39.5442661
3202912 -119.55318 39.5515734
3202913 -119.49094 39.5590350
3202316 -116.00350 36.2132066
3202319 -115.91349 36.1779132
3202914 -119.46155 39.5835115
3202915 -119.34502 39.5941069
320297 -119.56226 39.5215890
320298 -119.45888 39.4809760
320294 -119.53496 39.3878245
320299 -119.46593 39.4811384
3202329 -115.96873 36.1774406
3202328 -115.98521 36.1677579
3202322 -115.93086 36.0836295
3202320 -115.94845 36.0912997
3202311 -116.00354 36.1973476
3202325 -116.04205 36.1899908
3202309 -116.12243 36.2490172
320111 -115.98287 39.8393062
320112 -116.30742 39.5682468
320113 -116.35203 40.5194919
320114 -116.58248 40.4137373
320217 -118.59684 38.5027623
320211 -118.63098 38.5212715
320212 -118.62390 38.5176975
320213 -118.62434 38.5236608
320215 -118.61740 38.5221291
320214 -118.62672 38.5295891
320216 -118.61894 38.5297798
3202111 -118.68478 38.9525140
320219 -118.10163 38.5038382
320218 -118.18860 38.5089695
3202110 -118.34989 37.9654068
3202112 -118.75720 38.6467283
320131 -117.73940 40.9762277
320135 -117.70389 40.9701450
320132 -117.73454 40.9669231
320134 -117.73029 40.9536562
320133 -117.72372 40.9656084
320136 -117.83897 40.8821336
320138 -118.69089 41.4025256
3201311 -118.00711 41.6068675
3201310 -117.54996 41.8338258
3201313 -117.65440 41.2687023
320137-1 -117.94106 40.9043757
3201314 -117.84166 41.0051106
3201312 -117.39571 41.4018300
320139 -117.28927 40.9444292
3201315 -117.64276 41.0949032
320137-2 -117.67363 40.9267295
320036451 -115.26553 36.1109463
320036452 -115.27458 36.1110945
320036473 -115.28832 36.0925940
320036461 -115.28345 36.1037096
320037390 -115.03641 36.0942136
320037334 -115.06738 36.0843736
320037335 -115.04725 36.0889802
320036430 -115.23845 36.1237867
320033315 -115.23846 36.1275112
320033316 -115.22944 36.1273504
320036423 -115.22077 36.1311960
320036421 -115.21580 36.1359075
320033314 -115.22946 36.1329371
320036390 -115.20977 36.1557568
320036391 -115.20130 36.1552580
320036392 -115.19289 36.1544046
320036374 -115.18752 36.1562329
320035430 -115.10490 36.1335517
320035432 -115.10024 36.1405038
320035425 -115.09477 36.1328443
320036365 -115.20888 36.1630594
320036363 -115.21800 36.1625374
320036364 -115.21148 36.1609470
320036354 -115.21961 36.1702861
320036352 -115.21083 36.1701059
320036353 -115.20947 36.1672843
320036351 -115.20989 36.1778486
320036350 -115.21836 36.1771737
320036334 -115.22017 36.1842664
320036335 -115.21736 36.1863144
320036315 -115.21613 36.1928306
320036316 -115.21564 36.1893460
320036314 -115.21532 36.1893563
320033482 -115.21671 36.2712143
320033382 -115.33405 36.1893913
320033364 -115.30289 36.1643192
320033225 -115.27417 36.1670233
320033362 -115.28030 36.1718384
320033469 -115.23165 36.2692873
320033498 -115.23207 36.2633587
320033480 -115.23118 36.2655602
320033499 -115.22681 36.2652713
320033477 -115.24096 36.2643607
320033456 -115.23862 36.2654265
320033520 -115.29828 36.3287240
320033521 -115.28519 36.3339554
320034323 -115.20993 36.2045490
320034321 -115.21072 36.2062859
320033504 -115.23582 36.3010430
320033548 -115.21955 36.3092887
320033505 -115.22219 36.3014872
320032395 -115.14440 36.2580098
320032483 -115.13944 36.2708170
320032481 -115.12651 36.2710989
320032401 -115.13445 36.2625995
320032374 -115.17198 36.2432933
320032375 -115.14826 36.2459974
320032404 -115.13091 36.2505746
320032407 -115.12394 36.2513449
320035323 -115.04893 36.1632212
320034370 -115.07629 36.1687131
320034371 -115.06891 36.1707042
320035322 -115.05174 36.1698797
320034347 -115.13780 36.1697643
320034385 -115.11070 36.1796529
320034386 -115.11394 36.1851202
320032331 -115.24330 36.1887940
320032307 -115.24779 36.1923632
320032314 -115.25569 36.1924241
320032301 -115.26693 36.1904795
320034460 -115.16762 36.1808297
320034462 -115.15236 36.1779404
320034311 -115.17207 36.1993012
320032426 -115.12240 36.1908934
320036443 -115.24755 36.1016422
320036432 -115.23300 36.1111170
320036062 -115.23844 36.1182235
320031331 -115.17646 36.0354673
320031330 -115.16123 36.0352901
320031333 -115.15902 36.0225473
320031350 -115.14945 36.0092948
320031451 -115.09246 36.0432136
320031452 -115.09075 36.0381087
320031453 -115.09688 36.0287140
320031454 -115.08975 36.0298101
320031403 -115.09122 36.0205243
320031401 -115.10649 36.0089106
320031405 -115.08810 36.0053974
320031396 -115.10640 35.9961506
320031410 -115.09596 35.9988845
320031424 -115.07004 36.0207299
320031422 -115.07868 36.0164093
320037412 -115.03967 36.0561706
320037415 -115.03702 36.0410064
320037417 -115.04017 36.0334579
320037346 -115.00089 36.0640927
320037344 -115.01615 36.0565848
320037908 -115.00507 36.0452797
320037354 -114.97113 36.0133923
320037360 -114.96884 36.0046450
320031149 -114.98177 36.0080368
320031355 -115.16962 35.9897185
320031349 -115.16779 35.9730986
320031389 -115.14983 35.9889446
320031520 -115.09835 35.9751887
320031519 -115.08473 35.9658384
320031518 -115.09017 35.9646461
320031533 -115.18820 35.9308607
320031930 -114.91067 35.8063160
320031500 -114.92196 36.0979274
320031502 -114.89584 36.1171955
320032320 -115.25795 36.2234093
320033431 -115.26628 36.2217231
320033430 -115.27504 36.2228710
320033465 -115.25208 36.2558951
320033461 -115.28822 36.2555009
320031373 -115.14811 35.9560874
320031377 -115.15788 35.9590001
320031907 -115.16232 35.9606178
320031964 -115.15360 35.9681604
320031376 -115.13855 35.9584816
320031374 -115.13882 35.9558617
320031386 -115.14185 35.9569159
320031909 -115.14910 35.9621642
320031960 -115.14626 35.9634021
320031959 -115.14407 35.9622418
320031961 -115.14152 35.9622910
320031381 -115.16455 35.9513132
320036462 -115.29158 36.1039254
320036463 -115.30085 36.1037290
320036545 -115.31069 36.1039124
320036471 -115.30188 36.0953947
320036470 -115.31087 36.0954620
320036475 -115.30235 36.0739200
320036476 -115.30215 36.0813792
320033313 -115.23550 36.1379361
320033325 -115.24859 36.1321193
320033324 -115.25247 36.1373604
320033300 -115.21673 36.1425307
320037038 -115.05910 36.1035355
320037036 -115.06874 36.1039170
320037330 -115.07772 36.1039662
320037033 -115.07800 36.1112945
320035400 -115.08669 36.1374319
320035401 -115.07848 36.1333550
320035402 -115.06980 36.1332777
320035035 -115.06161 36.1327547
320035395 -115.05305 36.1337560
320036342 -115.23830 36.1848740
320036341 -115.23239 36.1846014
320036340 -115.22733 36.1849605
320036320 -115.21331 36.1915538
320036321 -115.21021 36.1926142
320036319 -115.21162 36.1886593
320036322 -115.20737 36.1916615
320036907 -115.20648 36.1928784
320033386 -115.33305 36.1867650
320033370 -115.32165 36.1887578
320033381 -115.33125 36.1802692
320033361 -115.26863 36.1759939
320032461 -115.25220 36.1761978
320036343 -115.23869 36.1773161
320036344 -115.22864 36.1773718
320033485 -115.24412 36.2691602
320033455 -115.24297 36.2661489
320033493 -115.25025 36.2714058
320034320 -115.21188 36.2121370
320032334 -115.21991 36.2081950
320032453 -115.22560 36.2058832
320033507 -115.21136 36.3021016
320033600 -115.22209 36.2942515
320033509 -115.21120 36.2947626
320033483 -115.21642 36.2827528
320033486 -115.22205 36.2618802
320032355 -115.21864 36.2628797
320032400 -115.12356 36.2597605
320032463 -115.10877 36.2718861
320034035 -115.17673 36.1804714
320032968 -115.23528 36.2179098
320032050 -115.23453 36.2178316
320033440 -115.26319 36.2308846
320032343 -115.25744 36.2310285
320032405 -115.12471 36.2492855
320032406 -115.12194 36.2485715
320032458 -115.12305 36.2472520
320032482 -115.13028 36.2433051
320032409 -115.10721 36.2611701
320032464 -115.09159 36.2620224
320035321 -115.05727 36.1723199
320037374 -115.05306 36.1778083
320034374 -115.07596 36.1774752
320037373 -115.06686 36.1779303
320034384 -115.10276 36.1845885
320032424 -115.10302 36.1920414
320032425 -115.11194 36.1921425
320034396 -115.11071 36.2021603
320032300 -115.26388 36.1967406
320033392 -115.26850 36.1996439
320033393 -115.27444 36.2001400
320034312 -115.18440 36.2088723
320034019 -115.16267 36.2046216
320034461 -115.15855 36.1993503
320036431 -115.22940 36.1181690
320036074 -115.24057 36.1070095
320036073 -115.23775 36.1027712
320036071 -115.22950 36.1034937
320037301 -115.23187 36.0981602
320031332 -115.16784 36.0265101
320031336 -115.17642 36.0228944
320031340 -115.16754 36.0153598
320031457 -115.11282 36.0656282
320031402 -115.09939 36.0101350
320031404 -115.08987 36.0120066
320031435 -115.07635 36.0390292
320031434 -115.07082 36.0341568
320031116 -115.07932 36.0324848
320031423 -115.06903 36.0156822
320031430 -115.05942 36.0199566
320031460 -115.05151 36.0248236
320037413 -115.02821 36.0451600
320031461 -115.03736 36.0281063
320031478 -115.03879 36.0237990
320031462 -115.02240 36.0311333
320037358 -114.98981 36.0386687
320037359 -115.00200 36.0335133
320037357 -114.97881 36.0295043
320031470 -114.98509 36.0028330
320031468 -114.98201 35.9955756
320037362 -114.96783 35.9955151
320037361 -114.96108 36.0061007
320031356 -115.14732 35.9967055
320031328 -115.14144 35.9919872
320031900 -115.13671 35.9908612
320031392 -115.11030 35.9882023
320031510 -115.07768 35.9611823
320031550 -115.08412 35.9788824
320031524 -115.10070 35.9626117
320031521 -115.10790 35.9621892
320032944 -114.79125 36.3774311
320032470 -114.59912 36.6882145
320032471 -114.63437 36.5777074
320031531 -114.45613 36.5602724
320032443 -115.01065 36.2779451
320031503 -114.89538 36.0398566
320037365 -114.97756 36.0788015
320037911 -114.95009 36.0909434
320033425 -115.28347 36.2223861
320033424 -115.29267 36.2223603
320033422 -115.30178 36.2203771
320033914 -115.30751 36.2202855
320033449 -115.30251 36.2415629
320033418 -115.31962 36.2384710
320033416 -115.32631 36.2442881
320031382 -115.16687 35.9504821
320031919 -115.16918 35.9512580
320031387 -115.16672 35.9487455
320031380 -115.15880 35.9526447
320031375 -115.16245 35.9537419
320031918 -115.16018 35.9507987
320031385 -115.16174 35.9515832
320031908 -115.16699 35.9566701
320031536 -115.16921 35.9546422
320031378 -115.17327 35.9573279
320033573 -115.33975 36.3223579
320033574 -115.35090 36.3214865
320036460 -115.29256 36.1121347
320036453 -115.28377 36.1126248
320036454 -115.28576 36.1197599
320036477 -115.31112 36.0813747
320036472 -115.30645 36.0879189
320036480 -115.30675 36.0664793
320036499 -115.30645 36.0423138
320036038 -115.20621 36.1426983
320033301 -115.21029 36.1481343
320036403 -115.19508 36.1391050
320036034 -115.20360 36.1398428
320036396 -115.17873 36.1478342
320037331 -115.06790 36.1108305
320035386 -115.07546 36.1170655
320035391 -115.06042 36.1168161
320035392 -115.06049 36.1204747
320035390 -115.06818 36.1193547
320035394 -115.06070 36.1259889
320036375 -115.17847 36.1583944
320036373 -115.19924 36.1646064
320036330 -115.18236 36.1763963
320036323 -115.20140 36.1969499
320036333 -115.21059 36.1845817
320033487 -115.22307 36.2642236
320033380 -115.33583 36.1754775
320033373 -115.32284 36.1719162
320033375 -115.33100 36.1639284
320036362 -115.22863 36.1627008
320036355 -115.22847 36.1700871
320036361 -115.23868 36.1628970
320036360 -115.23876 36.1699761
320033490 -115.25646 36.2720806
320033492 -115.24664 36.2689075
320033488 -115.24136 36.2711689
320033484 -115.24027 36.2824815
320032336 -115.22775 36.2110266
320033186 -115.22088 36.1543176
320033120 -115.21504 36.1552871
320032335 -115.22207 36.2151012
320032454 -115.23777 36.2069005
320033481 -115.21304 36.2653159
320033479 -115.22354 36.2651702
320033470 -115.24433 36.2589834
320033472 -115.23175 36.2581977
320034069 -115.11357 36.1605458
320035325 -115.02132 36.1665665
320035324 -115.03536 36.1631661
320032410 -115.10347 36.2494513
320032438 -115.06278 36.2659687
320032418 -115.06027 36.2522900
320034380 -115.07078 36.1850522
320032133 -115.05299 36.1851760
320037376 -115.03975 36.1840018
320037382 -115.02121 36.1925525
320034305 -115.15682 36.2212874
320034304 -115.15726 36.2283708
320034301 -115.16081 36.2360562
320034302 -115.16649 36.2329297
320032313 -115.25563 36.2074164
320033402 -115.26273 36.2161495
320033403 -115.27255 36.2166388
320034017 -115.15193 36.2104585
320032306 -115.26454 36.1860191
320032310 -115.26898 36.1827884
320037302 -115.22976 36.0946615
320037300 -115.23927 36.0955358
320036069 -115.22118 36.1086113
320036067 -115.21436 36.1132544
320036434 -115.22068 36.1183525
320031449 -115.10473 36.0607662
320031123 -115.10466 36.0515312
320031448 -115.09021 36.0694788
320037402 -115.08655 36.0667054
320031433 -115.07441 36.0280512
320031425 -115.07361 36.0240792
320031420 -115.07799 36.0092448
320031421 -115.06923 36.0095033
320032912 -115.06131 36.2987363
320032447 -115.03929 36.2679854
320032941 -115.27602 36.4364613
320031463 -115.02312 36.0259952
320037910 -115.01314 36.0310194
320031479 -115.00806 36.0238343
320037393 -114.97373 36.0393585
320037392 -114.96711 36.0475811
320037430 -114.96272 36.0562602
320031480 -114.95013 36.0048133
320031482 -114.94262 36.0113977
320031484 -114.92759 36.0054753
320036483 -115.28925 36.0373921
320031394 -115.12215 35.9793518
320031395 -115.11049 35.9740307
320031916 -115.15123 35.9698615
320031390 -115.13658 35.9819509
320032442 -115.02784 36.2636755
320031522 -115.11313 35.9588882
320031551 -115.12006 35.9595736
320037914 -114.89584 36.1330054
320032931 -114.96572 36.3490416
320037385 -114.99979 36.1384967
320037913 -114.94835 36.1554647
320031941 -115.08475 35.6717163
320033420 -115.31493 36.2221726
320033415 -115.32151 36.2273624
320033147 -115.29805 36.2289171
320033533 -115.32208 36.2570057
320033526 -115.27458 36.2647301
320032466 -114.05780 36.8279096
320033537 -115.32709 36.3253621
320031379 -115.17386 35.9611819
320031538 -115.17409 35.9315044
320031537 -115.17854 35.9328955
320031539 -115.18114 35.9295780
320032329 -115.31716 36.3351153
320032356 -115.31699 36.3330502
320032949 -115.32931 36.3554709
320031920 -115.15734 35.9474437
320033576 -115.34687 36.1748671
320036464 -115.30603 36.1113631
320036455 -115.30415 36.1189178
320033553 -115.31562 36.3259370
320033984 -115.32363 36.3254767
320036484 -115.33463 36.0610864
320036083 -115.33941 36.1122788
320036527 -115.32423 36.0874657
320036401 -115.18588 36.1401797
320036031 -115.18784 36.1406758
320036400 -115.17777 36.1412824
320036402 -115.18523 36.1332794
320036410 -115.18523 36.1224191
320035036 -115.07246 36.1263703
320035387 -115.08123 36.1240293
320037047 -115.08699 36.0966217
320037049 -115.09629 36.0967150
320034325 -115.18599 36.1709375
320036331 -115.20062 36.1758079
320036332 -115.19827 36.1831040
320033374 -115.31905 36.1632674
320033089 -115.27366 36.1621089
320033355 -115.28480 36.1627105
320033090 -115.26641 36.1623054
320033360 -115.26383 36.1686136
320036385 -115.24676 36.1625316
320033556 -115.25392 36.2877122
320033497 -115.25346 36.2924217
320033491 -115.26605 36.2848154
320032341 -115.24012 36.2162295
320032451 -115.23369 36.2136254
320032347 -115.23634 36.2158893
320032319 -115.23411 36.2147690
320034353 -115.16099 36.1479943
320033471 -115.23409 36.2511129
320033473 -115.22635 36.2505873
320032352 -115.22201 36.2529541
320035326 -115.03498 36.1705158
320037381 -115.02125 36.1775763
320037377 -115.03027 36.1776975
320037375 -115.03933 36.1778749
320032412 -115.07203 36.2411505
320032903 -115.07755 36.2536990
320034423 -115.08821 36.2451516
320037380 -115.03000 36.1854581
320032432 -115.03494 36.1923411
320032431 -115.05300 36.1925620
320034300 -115.17710 36.2352229
320032044 -115.21504 36.2300341
320032366 -115.19831 36.2355603
320033035 -115.28764 36.2141179
320033038 -115.29922 36.2145804
320033034 -115.29294 36.2162082
320034417 -115.11722 36.2077463
320034397 -115.12598 36.2045184
320034403 -115.12381 36.2118464
320036066 -115.21229 36.1187861
320036424 -115.21649 36.1258614
320036420 -115.20344 36.1314488
320036404 -115.19695 36.1272577
320031442 -115.09147 36.0585574
320031440 -115.09567 36.0524145
320031441 -115.08705 36.0513328
320032942 -115.04819 36.5092571
320032472 -114.71217 36.7875130
320035393 -115.05306 36.1218192
320035396 -115.03889 36.1196253
320037351 -114.99859 36.0223554
320037356 -114.99399 36.0234607
320031082 -114.96322 36.0394793
320031494 -114.95445 36.0453453
320037363 -114.95415 36.0601049
320031481 -114.93628 36.0033144
320031078 -114.92728 35.9947718
320031472 -114.94783 35.9913001
320031477 -114.93027 35.9880047
320031007 -114.82189 35.9753360
320031006 -114.82843 35.9724262
320031005 -114.83815 35.9722749
320031526 -115.10408 35.9505235
320036490 -115.24683 36.0119647
320036492 -115.20317 36.0060684
320036544 -115.21600 35.9966709
320033423 -115.30107 36.2253175
320033442 -115.29295 36.2316434
320033217 -115.28365 36.2299451
320032465 -114.06334 36.8086727
320031516 -114.06915 36.8010430
320031515 -114.10647 36.7937578
320032468 -114.21752 36.7558309
320031017 -114.15560 36.6836214
320032473 -114.51834 36.6159880
320032467 -114.13126 36.8128463
320031542 -115.20032 35.5452833
320031969 -114.91055 36.0818212
320036469 -115.31121 36.0738809
320031337 -115.16786 36.0209548
320036548 -115.21156 35.9886517
320031508 -115.09268 35.9442726
320033551 -115.32523 36.3308495
320033501 -115.28479 36.3032532
320033514 -115.28314 36.3111280
320036526 -115.31948 36.0954948
320036524 -115.32240 36.1061965
320036523 -115.32130 36.1142851
320036414 -115.19470 36.1191089
320036040 -115.20369 36.1190605
320031315 -115.17736 36.0732653
320037388 -115.03395 36.1035963
320037387 -115.04265 36.1044478
320037326 -115.08935 36.1038960
320037325 -115.08481 36.1094735
320037324 -115.09052 36.1117875
320037323 -115.09869 36.1075998
320036324 -115.19413 36.1913572
320036325 -115.18607 36.1829690
320035029 -115.07667 36.1412242
320036382 -115.24703 36.1709098
320036381 -115.24940 36.1662734
320036380 -115.25537 36.1702450
320036013 -115.25587 36.1626133
320033564 -115.31032 36.2920997
320033562 -115.30645 36.2819012
320033602 -115.30435 36.2999129
320034352 -115.15549 36.1555872
320034356 -115.17008 36.1485971
320034355 -115.16719 36.1554518
320033500 -115.27382 36.2951031
320032354 -115.21323 36.2543940
320032387 -115.20183 36.2694349
320032384 -115.19306 36.2682308
320034330 -115.16122 36.1710666
320034331 -115.16307 36.1627888
320034424 -115.08836 36.2355234
320034428 -115.08526 36.2394019
320034307 -115.12607 36.2354511
320034433 -115.07646 36.2301771
320032413 -115.06971 36.2272532
320032414 -115.07035 36.2205465
320032122 -115.07541 36.1921286
320032364 -115.18390 36.2319353
320032365 -115.19826 36.2283534
320032360 -115.19808 36.2210388
320032361 -115.18414 36.2211842
320033040 -115.30726 36.2085715
320033404 -115.31579 36.2121043
320032305 -115.27734 36.1828056
320032311 -115.25543 36.1835741
320036411 -115.18571 36.1074883
320036413 -115.19931 36.1084275
320036068 -115.21225 36.1097160
320036433 -115.21520 36.1035230
320031109 -115.07966 36.0548102
320031108 -115.07336 36.0530099
320031112 -115.07582 36.0490373
320037352 -114.98325 36.0194567
320032475 -114.81903 36.6368721
320032337 -115.22545 36.2129951
320037368 -115.00776 36.0728377
320037339 -115.00726 36.0717657
320037364 -114.94530 36.0601021
320031491 -114.94526 36.0381161
320031493 -114.95442 36.0344354
320031476 -114.96773 35.9869475
320031467 -114.98165 35.9882093
320031469 -114.99073 35.9901367
320031464 -115.01091 36.0100921
320031009 -114.83906 35.9648100
320031010 -114.84147 35.9554594
320031475 -114.94342 35.9532424
320031946 -114.97433 35.8919731
320031936 -114.97050 35.9184834
320036493 -115.21646 35.9931255
320036494 -115.19858 35.9970243
320036497 -115.19656 35.9912207
320033435 -115.27443 36.2298245
320033436 -115.26163 36.2323949
320033441 -115.26234 36.2317773
320033434 -115.26560 36.2292671
320032900 -115.25830 36.2321914
320031943 -115.13604 35.7676198
320036525 -115.28162 35.7095864
320031525 -115.11024 35.9455846
320032962 -114.94153 36.3689395
320032943 -114.91693 36.3711679
320032961 -114.94870 36.3454967
320031523 -115.08785 35.9386530
320032970 -114.18581 36.7532268
320033550 -115.27207 36.3139911
320033515 -115.28321 36.3223790
320033510 -115.24764 36.3257018
320033512 -115.26262 36.3170991
320033519 -115.26140 36.3107103
320033516 -115.27213 36.3092559
320036522 -115.32307 36.1252830
320036513 -115.33946 36.1366116
320036514 -115.33294 36.1384102
320037386 -115.05173 36.1051855
320037333 -115.06139 36.0941668
320037332 -115.06856 36.0965859
320035421 -115.08990 36.1202982
320035423 -115.09610 36.1222303
320035424 -115.09951 36.1268805
320035031 -115.06983 36.1396434
320035403 -115.05505 36.1433485
320035034 -115.05752 36.1394158
320035416 -115.03822 36.1408804
320033546 -115.30607 36.3119134
320033601 -115.29296 36.3177735
320033506 -115.29226 36.3112540
320033495 -115.26442 36.2945073
320033502 -115.27504 36.3023602
320033508 -115.26476 36.3018194
320032385 -115.18433 36.2689451
320032372 -115.20267 36.2578526
320032373 -115.19355 36.2578339
320032383 -115.18054 36.2580936
320034465 -115.18275 36.1915670
320034466 -115.17362 36.1927058
320034454 -115.17055 36.1896201
320034075 -115.18573 36.1918790
320034076 -115.18825 36.1916448
320034420 -115.10716 36.2319838
320035320 -115.07123 36.1627195
320034306 -115.13649 36.2251013
320032420 -115.06965 36.1972642
320032415 -115.06484 36.2130170
320032416 -115.07113 36.2069818
320032430 -115.05254 36.1998922
320032367 -115.17491 36.2240041
320032362 -115.16634 36.2283870
320032363 -115.16597 36.2212382
320032455 -115.22841 36.1994753
320032462 -115.24403 36.2118826
320033413 -115.33234 36.2066739
320033412 -115.32592 36.2119681
320034310 -115.13876 36.2072310
320032312 -115.24761 36.1834859
320034394 -115.12856 36.2004161
320037319 -115.22291 36.0963799
320037308 -115.21865 36.0966295
320037309 -115.21437 36.0968619
320037317 -115.21218 36.0896477
320037303 -115.23403 36.0889015
320037405 -115.06251 36.0492910
320037410 -115.05994 36.0522990
320037411 -115.05119 36.0527187
320037394 -114.96384 36.0281301
320031492 -114.95425 36.0215943
320031490 -114.94538 36.0217348
320037355 -114.96444 36.0194782
320031514 -115.03856 36.0105432
320031416 -115.09245 35.9880929
320031411 -115.09678 35.9891221
320031004 -114.83695 35.9811329
320031001 -114.80879 35.9854825
320031002 -114.82943 35.9968962
320031003 -114.86406 35.9885755
320031008 -114.80385 35.9465954
320031169 -114.91748 35.9244511
320031944 -114.92075 35.9217947
320031501 -114.92679 36.1192223
320032469 -114.38106 36.7617570
320031528 -115.09168 35.9259353
320031541 -115.17857 35.9102348
320036534 -115.18497 35.9857582
320036531 -115.23182 35.9991582
320032342 -115.25324 36.2281862
320032048 -115.24454 36.2293352
320032047 -115.24009 36.2291559
320032346 -115.23215 36.2289366
320032960 -114.93980 36.3217311
320032958 -114.95277 36.3082221
320032957 -114.95934 36.3065795
320036501 -115.21028 35.8969487
320036500 -115.19337 35.9439645
320032959 -114.95389 36.3158231
320032477 -114.10185 36.8125693
320033986 -115.27159 36.2350764
320031348 -115.16322 35.9789620
320033603 -115.26886 36.3076073
320033558 -115.26406 36.3098828
320033511 -115.22994 36.3161658
320033549 -115.21579 36.3203329
320036515 -115.32871 36.1353545
320036517 -115.34198 36.1537148
320037046 -115.07700 36.0942427
320037048 -115.08457 36.0893336
320037050 -115.09615 36.0896547
320035415 -115.10982 36.1187264
320037313 -115.10998 36.1130777
320037314 -115.10984 36.1093151
320035331 -115.01867 36.1474305
320035414 -115.03120 36.1529741
320035417 -115.03559 36.1564277
320033494 -115.25247 36.2970663
320033570 -115.25563 36.3071682
320033555 -115.24717 36.3012821
320032386 -115.17541 36.2691187
320032390 -115.16633 36.2724924
320032392 -115.16480 36.2649986
320034464 -115.17764 36.1855950
320032351 -115.22755 36.2423566
320032037 -115.21303 36.2425250
320034410 -115.11483 36.2204026
320034430 -115.09403 36.2287824
320034425 -115.08519 36.2293358
320032126 -115.03935 36.1994635
320032433 -115.03110 36.1991403
320037384 -115.02366 36.1994450
320037383 -115.01945 36.1992670
320032460 -115.23872 36.1996311
320032302 -115.24795 36.2057366
320033417 -115.33032 36.2259624
320033909 -115.32545 36.2336354
320033979 -115.32551 36.2281854
320033411 -115.32900 36.2157957
320033904 -115.32838 36.2188294
320033541 -115.37734 36.1871031
320033414 -115.34067 36.2140583
320033383 -115.33672 36.1979020
320034387 -115.12030 36.1804179
320035315 -115.08671 36.1627623
320034450 -115.13013 36.1754767
320031038 -115.24908 36.0963464
320031300 -115.25110 36.0886584
320031039 -115.26706 36.0959709
320037416 -115.05086 36.0447062
320037342 -115.06501 36.0438941
320037343 -115.06358 36.0375225
320031512 -115.07804 35.9931748
320031357 -115.16656 36.0101302
320031932 -114.82665 35.9242355
320031931 -114.86903 35.9293374
320031070 -114.90086 35.9300539
320031950 -114.91852 35.9380134
320031131 -114.91114 35.9734331
320031474 -114.92672 35.9784983
320031074 -114.62033 35.1132037
320031073 -114.72080 35.1427216
320031072 -114.85470 35.4020603
320032948 -115.29403 36.3599853
320031934 -114.88254 36.2386647
320036542 -115.28557 35.9822892
320036491 -115.19576 35.9722967
320032340 -115.22774 36.2258059
320032106 -115.22449 36.2261635
320032326 -115.22266 36.2270359
320033443 -115.30694 36.2306666
320032929 -114.97362 36.2816540
320032965 -114.91015 36.3200394
320036488 -115.38361 35.8386521
320031527 -115.08507 35.9491786
320033575 -115.24949 36.3091755
320033309 -115.22133 36.1463941
320034398 -115.13583 36.1992745
320037336 -115.05141 36.0971423
320032457 -115.18883 36.3206068
320032480 -115.18448 36.2812591
320032459 -115.18987 36.2876399
320032448 -115.19730 36.2982423
320036512 -115.34787 36.1437769
320031345 -115.12321 36.0151252
320031344 -115.12311 36.0187212
320031343 -115.13211 36.0169296
320037321 -115.10518 36.0788933
320037086 -115.10984 36.0898080
320037311 -115.12930 36.0717572
320037060 -115.10309 36.1038384
320037061 -115.10763 36.1037310
320037097 -115.10549 36.0966944
320037315 -115.11444 36.1002846
320037083 -115.12346 36.0968863
320035413 -115.03817 36.1501774
320035411 -115.04523 36.1516323
320035410 -115.05027 36.1533884
320032394 -115.16119 36.2569809
320032391 -115.15527 36.2728598
320032393 -115.15018 36.2672226
320032371 -115.19840 36.2504595
320032008 -115.19862 36.2429200
320032382 -115.18167 36.2503655
320034421 -115.10312 36.2287153
320034422 -115.10294 36.2212768
320034426 -115.08837 36.2231766
320034431 -115.09641 36.2205196
320034066 -115.08452 36.2202782
320032444 -115.01343 36.2004867
320032434 -115.03724 36.2067940
320032435 -115.03222 36.2147915
320033535 -115.46104 36.2171713
320036485 -115.39634 36.0855230
320033540 -115.67951 36.3617923
320031945 -114.91778 35.9230278
320033543 -115.58938 36.6899693
320032938 -115.18997 36.6884256
320033353 -115.28699 36.1496764
320033227 -115.28987 36.1548943
320033228 -115.30212 36.1493733
320033384 -115.32744 36.1952325
320033214 -115.32624 36.2013594
320033385 -115.31656 36.1989484
320034468 -115.15111 36.1846811
320034455 -115.13859 36.1812070
320034467 -115.15631 36.1920611
320034028 -115.14740 36.1921115
320033191 -115.25616 36.2400639
320031301 -115.26926 36.0888095
320037307 -115.18519 36.0860474
320037304 -115.22770 36.0783471
320037414 -115.05338 36.0351340
320031432 -115.06055 36.0305309
320031113 -115.07606 36.0444120
320031471 -114.94643 35.9781245
320031486 -114.92616 36.0337890
320037366 -114.98072 36.0584150
320031511 -115.08995 35.9773890
320031534 -114.77255 36.1749026
320032476 -114.46850 36.6294396
320031906 -115.16625 35.9695289
320031363 -115.16471 35.9668742
320031904 -115.16016 35.9706312
320031360 -115.15525 35.9752761
320036530 -115.21281 35.9739115
320032437 -114.92362 36.2872716
320031050 -114.81828 36.0589787
320031535 -114.83386 35.7238087
320031935 -115.03386 35.9440248
320032325 -115.22040 36.2202526
320032357 -115.22624 36.2228998
320032052 -115.22677 36.2178958
320032328 -115.22629 36.2193952
320032350 -115.23773 36.2398551
320032956 -115.24278 36.2454740
320032348 -115.24431 36.2448533
320032345 -115.24453 36.2397059
320031529 -115.09769 35.9376126
320031552 -115.11270 35.9359561
320031384 -115.15650 35.9290615
320036487 -115.60090 35.8530066
320036498 -115.61091 36.0437582
320037389 -115.05470 36.1117779
320031509 -115.10437 35.9346743
320032967 -114.90866 36.3283962
320032479 -115.20071 36.2831060
320032439 -115.07169 36.2833096
320031342 -115.14103 36.0169138
320031341 -115.15004 36.0169045
320031335 -115.14073 36.0243071
320031334 -115.14980 36.0243509
320037320 -115.15729 36.0838373
320032452 -115.22066 36.2132067
320037328 -115.12943 36.0857067
320037312 -115.13237 36.0972833
320037425 -115.12297 36.1050240
320037071 -115.13277 36.1030499
320037070 -115.13229 36.1063108
320035405 -115.05644 36.1527991
320035404 -115.06236 36.1502888
320035342 -115.06983 36.1463849
320032381 -115.17033 36.2516123
320032380 -115.16060 36.2498367
320032370 -115.18707 36.2431380
320034413 -115.11154 36.2137843
320034415 -115.10353 36.2148640
320034416 -115.10248 36.2040981
320034444 -115.09382 36.1994532
320036482 -115.28746 36.0468275
320033536 -115.67742 36.5592219
320034381 -115.08520 36.1857511
320034383 -115.09211 36.1837609
320033129 -115.29764 36.1566140
320033229 -115.31142 36.1482789
320033130 -115.30962 36.1558640
320036516 -115.31946 36.1470865
320033391 -115.27653 36.1907389
320033390 -115.28012 36.1942559
320033396 -115.27807 36.2021893
320034391 -115.13936 36.1915923
320033152 -115.25880 36.2376136
320033452 -115.26065 36.2360406
320033439 -115.26024 36.2325886
320031303 -115.25174 36.0777563
320031302 -115.27006 36.0776480
320036478 -115.28878 36.0656912
320036532 -115.28115 36.0575138
320031163 -115.11345 36.0463030
320031124 -115.10476 36.0460112
320031456 -115.11355 36.0384164
320031455 -115.10474 36.0382668
320031412 -115.11616 36.0303748
320031362 -115.16361 35.9687926
320031361 -115.15564 35.9692234
320031370 -115.16456 35.9618283
320031365 -115.17821 35.9603950
320032338 -115.22603 36.2208272
320032349 -115.23117 36.2184119
320032339 -115.23012 36.2213717
320032358 -115.23755 36.2181863
320032324 -115.24085 36.2187802
320032104 -115.23740 36.2198622
320033453 -115.24913 36.2349189
320032344 -115.24903 36.2386418
320033151 -115.25255 36.2411725
320033450 -115.25361 36.2441280
320033454 -115.26153 36.2464882
320036496 -115.23694 35.9669480
320031393 -115.11058 35.9819839
320033528 -115.35495 36.3749840
320031951 -115.01480 35.8191234
320036547 -115.29339 36.0163088
320036539 -115.28419 36.0162607
320031308 -115.22994 36.0455178
320037369 -114.95606 36.0817773
320036538 -115.27056 36.0162214
320032456 -115.12588 36.3106651
320032446 -115.14941 36.2851565
320032449 -115.17310 36.2851484
320031138 -115.13295 36.0296200
320031137 -115.12468 36.0300973
320037079 -115.14230 36.0940171
320033335 -115.30921 36.1262481
320033336 -115.31347 36.1260214
320035374 -115.13175 36.1102151
320035373 -115.12506 36.1143104
320035422 -115.11207 36.1260231
320035341 -115.06983 36.1491320
320035336 -115.07431 36.1508046
320035340 -115.07022 36.1557915
320035343 -115.07862 36.1463854
320035334 -115.07812 36.1551134
320034441 -115.09385 36.2067925
320034440 -115.09355 36.2136917
320034435 -115.08471 36.2139994
320034436 -115.08472 36.2066995
320032427 -115.08469 36.1993786
320035016 -115.05772 36.1629545
320032422 -115.08929 36.1920019
320034376 -115.09510 36.1768938
320034375 -115.08474 36.1790131
320034050 -115.12216 36.1600772
320036510 -115.32044 36.1529619
320036511 -115.33065 36.1521602
320033557 -115.34387 36.1659061
320033565 -115.35064 36.1645232
320033400 -115.27062 36.2050717
320033401 -115.26376 36.2080498
320033395 -115.27034 36.2115907
320036520 -115.32283 36.1376738
320033372 -115.32350 36.1798185
320033371 -115.31487 36.1853520
320036481 -115.28897 36.0587197
320031304 -115.26100 36.0593788
320031165 -115.11245 36.0318881
320031127 -115.10487 36.0309067
320031413 -115.10953 36.0240716
320032323 -115.23840 36.2232757
320032322 -115.24451 36.2219242
320032321 -115.25072 36.2213096
320033432 -115.25876 36.2204031
320033433 -115.26247 36.2252717
320033445 -115.26195 36.2476240
320033446 -115.28665 36.2358367
320033444 -115.27889 36.2420428
320031517 -115.06788 36.0031556
320031530 -114.87997 35.9440936
320031513 -115.05584 36.0000971
320033527 -115.32413 36.3070653
320037340 -115.01669 36.0957070
320035398 -115.03671 36.1226938
320035397 -115.04612 36.1234407
320032964 -114.95243 36.3093683
320032484 -115.16521 36.2799610
320032440 -115.18344 36.2999992
320032500 -115.17521 36.2976160
320037404 -115.05425 36.0598006
320031346 -115.12515 36.0391604
320031142 -115.14249 36.0347203
320031063 -115.14770 36.0351270
320033334 -115.30157 36.1261390
320033333 -115.28804 36.1241476
320033332 -115.28802 36.1278341
320035304 -115.13010 36.1248924
320035372 -115.13266 36.1183416
320035371 -115.14005 36.1168882
320035333 -115.08801 36.1489557
320035332 -115.08630 36.1560838
320035383 -115.11379 36.1478884
320034360 -115.11946 36.1668361
320034343 -115.12910 36.1633841
320034350 -115.14488 36.1638457
320033544 -115.35992 36.1646960
320036302 -115.20629 36.1987040
320036301 -115.20621 36.2022326
320036304 -115.21064 36.1991106
320032333 -115.21781 36.1988485
320036303 -115.21381 36.2023234
320033394 -115.27723 36.2095370
320033036 -115.28274 36.2053786
320033037 -115.29175 36.2083317
320033220 -115.29794 36.2019801
320033219 -115.30981 36.1945232
320033363 -115.30238 36.1755510
320031307 -115.26130 36.0446422
320036533 -115.29060 36.0524519
320036479 -115.28763 36.0276661
320031400 -115.11166 36.0147508
320037305 -115.22389 36.0640397
320033531 -115.31057 36.2701843
320033463 -115.27284 36.2556702
320033466 -115.27981 36.2569873
320033464 -115.26536 36.2590905
320037367 -115.01609 36.0829697
320033303 -115.21860 36.1490772
320033302 -115.21854 36.1456537
320031532 -114.31698 36.3379662
320032417 -114.95992 36.2254314
320033985 -115.32015 36.3256114
320032078 -114.52787 36.4850041
320031347 -115.12980 35.9567835
320031540 -115.17368 35.9263856
320036474 -115.28850 36.0777113
320034361 -115.10852 36.1626210
320037310 -115.17305 36.0903879
320037403 -115.06593 36.0621595
320031445 -115.07108 36.0589927
320031060 -115.12275 36.0460221
320031325 -115.13400 36.0462252
320031323 -115.14526 36.0461627
320033342 -115.28352 36.1319884
320033343 -115.29338 36.1314066
320033352 -115.30172 36.1334679
320035365 -115.14515 36.1080449
320035370 -115.15742 36.1043628
320035302 -115.15912 36.1114146
320035367 -115.15434 36.1090283
320035382 -115.10506 36.1481047
320035024 -115.09658 36.1481446
320035314 -115.09704 36.1571717
320035381 -115.09663 36.1536940
320032332 -115.22087 36.1998251
320036311 -115.22122 36.1916490
320036310 -115.22923 36.1926613
320036305 -115.23768 36.1922401
320033042 -115.28954 36.2007561
320033041 -115.30387 36.1980771
320033365 -115.29518 36.1844111
320036541 -115.27084 36.0052295
320036540 -115.28450 36.0050939
320036546 -115.29354 36.0050979
320031305 -115.26137 36.0308041
320031310 -115.23874 36.0487386
320031318 -115.22963 36.0526707
320033532 -115.32196 36.2701455
320033568 -115.33224 36.2652303
320033982 -115.33154 36.2624801
320033566 -115.32845 36.2586291
320033572 -115.34174 36.3305672
320033571 -115.34827 36.3257003
320033552 -115.31721 36.3314594
320033981 -115.31552 36.3267280
320032408 -115.12530 36.2539728
320033560 -115.31209 36.2819846
320031371 -115.15217 35.9577945
320031911 -115.14869 35.9604014
320034363 -115.11279 36.1719798
320031444 -115.07850 36.0615404
320037395 -115.07613 36.0679323
320031322 -115.14532 36.0534859
320031324 -115.12948 36.0535841
320037423 -115.13680 36.0617839
320037424 -115.12623 36.0602532
320033341 -115.28852 36.1363449
320033340 -115.28695 36.1419109
320035364 -115.14421 36.1187363
320035361 -115.15070 36.1212546
320035075 -115.15949 36.1181639
320037077 -115.17222 36.1077255
320035380 -115.10633 36.1541240
320035003 -115.10692 36.1573225
320035384 -115.11796 36.1549767
320035352 -115.12726 36.1477755
320033366 -115.29419 36.1936341
320034073 -115.18279 36.1946931
320034031 -115.16610 36.1895468
320034393 -115.12269 36.1965424
320034392 -115.13386 36.1955336
320034463 -115.12953 36.1848203
320031316 -115.23477 36.0328321
320031317 -115.22157 36.0420078
320031319 -115.21428 36.0389519
320033569 -115.32578 36.2802328
320033518 -115.32357 36.2855388
320033559 -115.32014 36.2827937
320033529 -115.31428 36.2875125
320033563 -115.30228 36.2795161
320033547 -115.30259 36.2850441
320033938 -115.28252 36.2942375
320037052 -115.08375 36.0799018
320037012 -115.07846 36.0740678
320037421 -115.06166 36.0733618
320036057 -115.27149 36.1208684
320036109 -115.26547 36.1256361
320033337 -115.26523 36.1328987
320033331 -115.27420 36.1330825
320033344 -115.29837 36.1391166
320033345 -115.30196 36.1425740
320033351 -115.31032 36.1345438
320033350 -115.31156 36.1413519
320035301 -115.17261 36.1199649
320035366 -115.17731 36.1320949
320035014 -115.17153 36.1397995
320035362 -115.16413 36.1317478
320035385 -115.12874 36.1555123
320035356 -115.14677 36.1457829
320035350 -115.14612 36.1505625
320034365 -115.08825 36.1695166
320034364 -115.10415 36.1699069
320035313 -115.09914 36.1622954
320031327 -115.21824 36.0531883
320037316 -115.20042 36.0855470
320031321 -115.16217 36.0579945
320031314 -115.19783 36.0638833
320031352 -115.13230 36.0097256
320033530 -115.28464 36.2889472
320033604 -115.29259 36.2876912
320033522 -115.28036 36.2944857
320031351 -115.14125 36.0098283
320031367 -115.14364 36.0027950
320037420 -115.05437 36.0744510
320037422 -115.04902 36.0712013
320037341 -115.04356 36.0730229
320037005 -115.01602 36.0754560
320033330 -115.26996 36.1402576
320036445 -115.25639 36.1085187
320036442 -115.24594 36.1069255
320036521 -115.31770 36.1370194
320033321 -115.27022 36.1476607
320033322 -115.26641 36.1552350
320033320 -115.27542 36.1552877
320035360 -115.14791 36.1315276
320035355 -115.14380 36.1361780
320035047 -115.15015 36.1411064
320035351 -115.13712 36.1524050
320035300 -115.14471 36.1558891
320033323 -115.25084 36.1502720
320031311 -115.19988 36.0469333
320031313 -115.18552 36.0422873
320031312 -115.20541 36.0235853
320031354 -115.15262 36.0029503
320031353 -115.12359 36.0070762
320031391 -115.11623 35.9983939
320031450 -115.09137 36.0476276
320033459 -115.29276 36.2792552
320033457 -115.28605 36.2761588
320036079 -115.25718 36.1027642
320036450 -115.27012 36.1035698
320037350 -115.02958 36.0724166
320037054 -115.03141 36.0797423
320037391 -115.02535 36.0864193
320036444 -115.25240 36.1109769
320036441 -115.24705 36.1168121
320036440 -115.25343 36.1231912
320036425 -115.22942 36.1236659
320033127 -115.23284 36.1468380
320033308 -115.22454 36.1502011
320037397 -115.00202 36.0804779
320036393 -115.20397 36.1481293
320036394 -115.19568 36.1477338
320035354 -115.12768 36.1333918
320035353 -115.12780 36.1406269
320035344 -115.11386 36.1347622
320035056 -115.11500 36.1416662
320033326 -115.25734 36.1552711
320033312 -115.23758 36.1512940
320033311 -115.23916 36.1572690
320033310 -115.22799 36.1559716
320033524 -115.28552 36.2745282
320033523 -115.29791 36.2636353
320033525 -115.26913 36.2709588
320031368 -115.13227 36.0025401
