-83.941 36.429
-84.010 36.418
-84.133 36.373
-84.154 36.351
-84.127 36.360
-84.069 36.317
-84.152 36.315
-84.192 36.333
-84.240 36.346
-84.177 36.260
-84.297 36.271
-84.292 36.459
-84.138 36.458
-84.114 36.270
-84.211 36.550
-84.115 36.579
-84.036 36.544
-84.099 36.399
-84.112 36.380
-84.008 36.339
-84.069 36.393
-87.786 36.001
-87.616 36.026
-87.810 35.894
-87.640 36.155
-87.723 36.586
-87.948 36.581
-87.679 36.485
-87.787 36.388
-87.818 36.456
-87.956 36.448
-87.937 36.384
-87.666 36.393
-86.340 35.204
-85.474 35.718
-85.464 35.633
-85.331 35.729
-85.557 35.611
-85.563 35.752
-85.450 35.790
-85.436 35.759
-86.384 35.270
-86.300 35.293
-86.424 35.322
-86.292 35.358
-88.633 35.159
-88.615 35.249
-88.721 35.182
-88.628 35.301
-88.521 35.248
-88.556 35.190
-88.732 35.065
-88.637 35.052
-88.442 35.056
-88.537 35.079
-88.548 35.021
-88.538 35.142
-88.569 35.346
-88.457 35.210
-88.398 35.293
-88.421 35.153
-88.468 35.326
-85.827 35.169
-85.763 35.154
-85.637 35.076
-85.597 35.028
-85.640 35.002
-85.498 35.023
-85.565 35.061
-85.488 35.082
-85.392 35.078
-85.657 35.200
-85.570 35.251
-85.580 35.131
-85.485 35.185
-85.434 35.139
-85.409 35.093
-85.503 35.236
-87.928 36.004
-87.960 36.045
-87.834 36.165
-87.768 36.082
-87.763 36.110
-85.742 35.013
-85.828 35.039
-85.788 35.075
-85.681 35.050
-83.320 35.998
-83.389 35.951
-83.476 36.144
-83.401 36.111
-83.481 36.077
-83.524 36.142
-83.303 36.080
-83.408 36.026
-83.507 36.004
-83.578 36.098
-83.645 36.062
-85.483 36.208
-85.447 36.200
-85.480 36.257
-85.407 36.209
-85.480 36.177
-85.507 36.182
-85.533 36.212
-85.528 36.179
-85.589 36.200
-85.370 36.184
-85.422 36.148
-87.019 36.264
-86.972 36.332
-87.174 36.360
-87.088 36.331
-87.072 36.394
-87.261 36.339
-87.118 36.248
-87.041 36.154
-85.284 36.102
-85.540 36.123
-85.534 36.151
-85.496 36.123
-85.591 36.159
-85.482 36.154
-85.501 36.099
-85.617 36.077
-85.652 36.130
-85.768 36.151
-85.711 36.198
-85.720 36.111
-85.265 36.145
-85.421 36.095
-87.122 36.123
-88.576 36.340
-88.603 36.177
-88.661 36.423
-88.710 36.281
-88.779 36.401
-88.813 36.239
-88.770 36.145
-88.843 36.335
-88.895 36.337
-88.874 36.337
-87.860 36.513
-83.236 35.860
-83.188 35.934
-83.237 35.943
-83.201 35.956
-83.249 35.901
-83.175 36.210
-83.231 36.159
-83.218 36.246
-83.282 36.195
-83.258 36.215
-83.301 36.158
-83.333 36.220
-83.345 36.174
-83.304 36.221
-83.391 36.183
-83.436 36.180
-83.388 36.222
-83.328 36.259
-83.275 36.230
-83.261 36.259
-83.202 36.278
-83.144 36.271
-89.142 35.844
-89.187 35.920
-89.295 35.847
-89.133 35.735
-89.089 35.710
-89.039 35.714
-88.963 35.761
-89.172 35.792
-89.239 35.787
-89.125 35.786
-89.083 35.779
-89.021 35.804
-83.162 36.091
-83.126 36.028
-83.230 36.037
-83.126 35.950
-83.184 35.989
-83.225 35.986
-83.274 35.950
-83.002 35.866
-82.963 35.943
-83.714 36.311
-83.751 36.206
-83.796 36.240
-83.803 36.290
-83.924 36.250
-83.883 36.192
-83.824 36.178
-83.862 36.413
-83.864 36.347
-83.022 35.979
-83.102 35.832
-83.211 35.775
-83.362 35.764
-83.342 35.835
-83.438 35.809
-83.479 35.888
-83.407 35.899
-83.479 35.671
-83.548 35.815
-83.608 35.735
-83.664 35.773
-88.717 35.363
-88.549 35.410
-88.416 35.433
-88.503 35.477
-83.158 35.894
-83.692 35.830
-83.632 35.861
-83.581 35.861
-83.538 35.857
-83.552 35.894
-83.726 35.869
-83.570 35.917
-83.660 35.928
-83.735 35.903
-83.602 35.961
-83.632 36.007
-88.623 35.389
-88.622 35.473
-88.581 35.521
-88.651 35.428
-88.736 35.293
-88.801 35.397
-88.706 35.440
-83.070 36.015
-88.251 35.030
-88.086 35.055
-88.347 35.118
-88.309 35.325
-88.252 35.373
-84.152 36.121
-84.155 36.203
-84.062 36.211
-84.027 36.229
-84.120 36.036
-84.177 36.054
-84.134 36.079
-84.147 36.095
-84.209 36.032
-84.199 36.007
-84.250 36.012
-84.245 36.034
-84.222 36.046
-84.185 36.076
-84.214 36.166
-84.193 36.121
-84.306 36.084
-84.155 36.223
-84.263 36.057
-84.317 36.021
-84.345 36.158
-84.274 35.998
-84.264 35.967
-84.287 36.013
-84.267 36.021
-84.616 35.246
-84.596 35.207
-84.678 35.178
-84.390 35.063
-84.461 35.017
-84.681 35.028
-84.615 35.081
-84.499 35.144
-84.642 35.134
-84.448 35.226
-84.340 35.149
-85.688 35.501
-85.618 35.474
-85.779 35.426
-85.587 35.422
-85.723 35.372
-85.759 35.265
-85.852 35.281
-85.858 35.337
-85.852 35.467
-85.701 35.324
-85.829 35.246
-85.539 35.368
-85.624 35.356
-85.807 36.088
-85.994 35.989
-85.844 35.987
-85.854 35.877
-85.761 36.001
-85.838 35.932
-85.756 35.940
-85.994 36.061
-85.894 36.070
-85.939 35.969
-85.893 35.983
-85.689 36.032
-85.740 36.058
-85.684 35.960
-85.746 35.885
-85.690 35.858
-88.262 35.169
-88.222 35.191
-88.271 35.204
-88.202 35.233
-88.241 35.266
-88.107 35.356
-88.196 35.197
-88.247 35.112
-88.095 35.157
-88.324 35.224
-88.038 35.257
-88.147 35.269
-88.332 35.045
-84.027 36.148
-84.092 36.170
-84.091 36.138
-84.109 36.113
-88.910 36.132
-88.821 36.067
-88.751 36.067
-88.810 36.032
-88.977 35.881
-88.895 36.036
-89.066 35.903
-89.112 35.991
-88.933 35.939
-88.833 35.981
-88.762 35.959
-88.979 35.981
-88.981 36.074
-89.023 36.036
-89.114 36.083
-89.026 36.138
-88.888 35.902
-88.898 35.849
-89.116 36.168
-88.915 35.810
-88.970 35.837
-88.884 35.816
-88.846 35.873
-88.827 35.932
-88.766 35.819
-88.735 35.997
-88.832 35.824
-88.905 35.837
-88.885 35.833
-89.052 36.188
-88.739 35.874
-88.766 35.932
-88.770 35.914
-88.745 35.926
-88.754 35.896
-88.937 35.965
-88.514 35.767
-88.380 35.781
-88.428 35.686
-88.443 35.601
-88.561 35.666
-88.312 35.722
-88.306 35.622
-88.219 35.658
-88.272 35.525
-88.356 35.525
-88.374 35.647
-88.226 35.762
-88.484 35.556
-88.247 35.587
-88.301 35.453
-86.106 35.918
-86.043 35.849
-86.139 35.780
-85.967 35.876
-86.059 35.700
-86.011 35.783
-85.947 35.833
-86.070 35.823
-86.025 35.925
-87.946 35.520
-87.947 35.607
-87.812 35.515
-87.953 35.645
-87.849 35.617
-87.955 35.719
-87.824 35.783
-87.833 35.740
-87.835 35.666
-87.754 35.584
-85.435 36.414
-85.355 36.472
-85.269 36.501
-85.345 36.384
-85.230 36.446
-85.253 36.394
-85.372 36.356
-85.184 36.359
-85.316 36.277
-85.384 36.280
-85.452 36.318
-85.152 36.221
-85.253 36.253
-84.781 36.276
-84.652 36.237
-84.738 36.176
-84.859 36.183
-84.673 36.144
-84.435 36.038
-84.539 36.005
-84.505 36.054
-84.435 36.088
-84.669 36.011
-84.567 36.062
-84.538 36.120
-87.767 35.415
-87.747 35.329
-87.876 35.267
-87.892 35.412
-87.993 35.375
-87.655 35.396
-87.902 35.145
-87.709 35.063
-87.770 35.208
-87.843 35.056
-87.662 35.199
-87.632 35.118
-87.908 35.338
-87.667 35.283
-89.453 36.453
-89.418 36.398
-89.498 36.322
-89.559 36.227
-82.899 36.168
-82.865 35.990
-82.852 36.145
-82.847 36.165
-82.825 36.177
-82.836 36.221
-82.885 36.307
-82.946 36.213
-82.971 36.261
-82.784 36.355
-82.825 36.280
-82.967 36.048
-83.101 36.148
-82.999 36.111
-82.942 36.115
-82.880 36.097
-82.654 36.124
-82.672 36.267
-82.723 36.214
-82.755 36.264
-82.731 36.310
-82.689 36.368
-82.743 36.174
-82.767 36.204
-82.819 36.154
-82.813 36.164
-82.809 36.124
-82.780 36.178
-82.799 36.169
-82.764 36.154
-82.803 36.045
-82.726 36.081
-83.015 36.167
-83.056 36.224
-82.295 36.332
-82.304 36.288
-82.266 36.362
-82.253 36.333
-82.228 36.346
-82.190 36.361
-82.230 36.388
-82.136 36.380
-82.150 36.326
-82.184 36.333
-82.211 36.312
-82.071 36.166
-82.213 36.338
-82.042 36.326
-82.003 36.262
-82.098 36.269
-82.251 36.274
-82.183 36.211
-82.076 36.409
-82.279 36.388
-82.020 36.458
-87.472 35.680
-87.380 35.770
-87.309 35.731
-87.664 35.667
-87.634 35.761
-87.467 35.775
-87.636 35.845
-87.565 35.851
-87.430 35.898
-87.444 35.817
-87.514 35.932
-87.402 35.860
-87.377 35.945
-87.250 35.923
-87.331 35.890
-87.383 35.811
-87.271 35.821
-87.456 35.749
-88.833 35.537
-88.813 35.605
-88.818 35.576
-88.773 35.559
-88.963 35.609
-88.877 35.635
-88.833 35.631
-88.794 35.627
-88.852 35.652
-88.836 35.658
-88.818 35.641
-88.797 35.639
-88.784 35.664
-88.789 35.612
-88.822 35.667
-88.807 35.689
-88.771 35.738
-88.684 35.702
-88.843 35.680
-88.909 35.717
-88.871 35.674
-88.853 35.698
-88.855 35.708
-88.920 35.669
-88.834 35.771
-88.686 35.768
-88.649 35.623
-88.739 35.496
-88.878 35.460
-88.965 35.527
-88.736 35.619
-89.026 35.480
-88.691 35.562
-82.527 36.248
-82.435 36.214
-82.605 36.306
-84.489 35.445
-84.560 35.424
-85.329 36.565
-85.556 36.533
-85.630 36.565
-85.419 36.590
-85.489 36.545
-85.488 36.489
-85.748 36.567
-84.565 35.559
-84.608 35.469
-84.583 35.457
-84.653 35.453
-84.702 35.377
-84.766 35.427
-84.654 35.527
-84.626 35.403
-84.565 35.314
-84.734 35.302
-84.630 35.314
-84.520 35.336
-84.457 35.359
-82.471 36.296
-82.543 36.296
-82.626 36.416
-82.408 36.315
-82.418 36.287
-82.401 36.297
-82.420 36.283
-82.376 36.286
-82.356 36.297
-82.339 36.306
-82.379 36.320
-82.356 36.326
-82.331 36.351
-82.387 36.259
-82.563 36.186
-82.594 36.148
-82.483 36.177
-82.622 36.226
-82.575 36.226
-82.397 36.391
-82.482 36.413
-82.423 36.377
-82.471 36.424
-82.442 36.378
-82.488 36.394
-82.529 36.360
-82.572 36.391
-82.331 36.320
-82.365 36.342
-82.372 36.373
-82.331 36.373
-82.477 36.296
-82.425 36.327
-82.447 36.343
-82.403 36.352
-82.395 36.338
-82.406 36.413
-85.359 35.527
-85.316 35.603
-85.295 35.499
-85.256 35.680
-85.209 35.572
-85.264 35.475
-85.169 35.720
-85.132 35.645
-85.189 35.621
-85.202 35.593
-85.118 35.576
-85.065 35.722
-85.001 35.705
-85.198 35.442
-85.249 35.437
-85.917 35.172
-85.976 35.266
-86.012 35.175
-86.082 35.223
-86.070 35.296
-86.236 35.120
-86.172 35.105
-86.140 35.185
-86.247 35.036
-86.261 35.192
-86.194 35.252
-86.128 35.268
-86.151 35.327
-86.232 35.299
-86.133 35.220
-86.082 35.130
-86.098 35.045
-85.953 35.050
-88.344 36.340
-88.364 36.453
-88.455 36.355
-88.225 36.432
-88.103 36.418
-88.211 36.339
-88.292 36.311
-88.143 36.292
-88.261 36.253
-88.412 36.210
-88.306 36.299
-88.356 36.288
-88.219 36.198
-87.219 36.600
-87.163 36.501
-87.243 36.444
-87.243 36.513
-87.355 36.630
-87.337 36.582
-87.399 36.613
-87.440 36.633
-87.289 36.547
-87.275 36.526
-87.347 36.530
-87.308 36.504
-87.404 36.466
-87.370 36.563
-87.331 36.421
-87.392 36.349
-81.746 36.555
-81.744 36.475
-81.805 36.480
-81.830 36.507
-81.753 36.391
-81.832 36.399
-87.360 36.499
-87.512 36.400
-87.533 36.494
-87.441 36.540
-87.541 36.593
-87.403 36.570
-87.408 36.551
-87.399 36.589
-81.805 36.459
-81.904 36.451
-81.929 36.339
-81.994 36.381
-81.913 36.521
-81.837 36.583
-85.098 36.507
-85.241 36.543
-85.228 36.594
-85.131 36.548
-85.122 36.431
-85.160 36.497
-85.172 36.577
-84.904 36.581
-85.097 36.598
-83.931 35.744
-83.919 35.783
-83.894 35.778
-83.871 35.819
-83.935 35.771
-83.939 35.793
-83.932 35.803
-83.962 35.743
-83.994 35.708
-84.007 35.701
-84.015 35.638
-83.963 35.600
-83.817 35.603
-83.796 35.790
-83.945 35.751
-83.973 35.731
-84.002 35.734
-83.808 35.851
-83.935 35.831
-83.754 35.674
-84.025 35.736
-83.934 35.843
-84.037 35.796
-83.983 35.800
-84.002 35.818
-83.994 35.827
-83.982 35.858
-83.988 35.859
-83.952 35.836
-83.962 35.819
-83.949 35.803
-83.973 35.776
-84.033 35.770
-84.015 35.775
-83.956 35.768
-84.003 35.752
-84.140 35.704
-84.141 35.774
-84.128 35.758
-84.061 35.741
-84.073 35.588
-84.077 35.702
-83.989 35.726
-84.018 35.762
-84.102 35.797
-84.006 35.829
-84.065 35.828
-83.872 35.754
-83.900 35.715
-83.813 35.707
-83.957 35.679
-87.546 35.053
-87.506 35.154
-87.483 35.029
-87.468 35.233
-87.403 35.194
-87.453 35.090
-87.395 35.053
-87.366 35.169
-87.439 35.280
-87.384 35.248
-87.361 35.298
-87.312 35.219
-87.531 35.307
-87.274 35.175
-87.282 35.051
-87.253 35.241
-87.242 35.129
-87.270 35.281
-87.258 35.319
-87.334 35.116
-87.337 35.247
-87.383 35.382
-87.315 35.363
-87.251 35.385
-87.321 35.254
-87.320 35.241
-87.462 35.367
-87.352 35.432
-87.333 35.260
-86.586 35.131
-86.593 35.185
-86.550 35.152
-86.474 35.231
-86.538 35.261
-86.638 35.226
-86.624 35.304
-86.752 35.175
-86.778 35.045
-86.665 35.024
-86.679 35.091
-86.597 35.063
-86.520 35.118
-86.423 35.150
-86.507 35.060
-86.619 35.113
-86.363 35.019
-86.505 35.015
-86.400 35.061
-86.579 35.025
-83.175 36.499
-82.626 36.555
-82.691 36.576
-82.653 36.532
-82.723 36.518
-82.796 36.556
-83.025 36.477
-83.112 36.398
-83.000 36.415
-82.964 36.414
-83.101 36.333
-83.220 36.361
-83.080 36.501
-82.900 36.526
-82.995 36.442
-82.853 36.480
-83.042 36.290
-82.974 36.353
-82.875 36.400
-82.746 36.481
-83.007 36.402
-82.769 36.434
-82.749 36.409
-82.397 36.127
-82.476 36.121
-82.492 36.060
-82.339 36.214
-82.373 36.167
-82.365 36.134
-82.285 36.172
-82.560 36.012
-87.359 35.505
-87.503 35.468
-87.425 35.587
-87.574 35.598
-87.531 35.552
-87.559 35.562
-87.629 35.496
-87.564 35.549
-87.555 35.528
-89.522 35.029
-89.602 35.058
-89.493 35.132
-89.393 35.055
-89.589 35.148
-89.577 35.238
-89.493 35.245
-89.386 35.146
-89.257 35.067
-89.557 35.371
-89.477 35.343
-89.608 35.324
-89.247 35.212
-89.268 35.330
-89.417 35.234
-89.342 35.225
-89.370 35.343
-85.939 35.378
-86.186 35.521
-85.979 35.580
-86.229 35.351
-86.240 35.358
-86.240 35.378
-86.114 35.398
-86.170 35.471
-86.094 35.472
-86.089 35.489
-86.131 35.545
-86.071 35.483
-86.080 35.447
-86.010 35.428
-86.062 35.561
-85.967 35.512
-86.196 35.399
-86.219 35.430
-86.051 35.624
-86.126 35.604
-86.202 35.633
-86.185 35.375
-86.199 35.351
-86.217 35.387
-87.253 36.048
-87.300 36.037
-87.257 35.995
-87.348 36.062
-87.303 36.078
-87.339 36.105
-87.218 36.151
-87.387 36.011
-87.422 36.060
-87.421 36.111
-87.346 36.175
-87.255 36.250
-87.220 36.076
-87.428 36.169
-87.471 36.249
-87.368 36.287
-87.482 36.036
-87.518 36.105
-88.190 35.420
-88.091 35.460
-88.144 35.628
-88.215 35.504
-88.083 35.543
-88.101 35.670
-88.097 35.626
-88.052 35.767
-88.140 35.776
-88.052 35.656
-88.134 35.585
-88.162 35.672
-88.182 35.634
-84.420 35.595
-84.270 35.591
-84.300 35.524
-84.404 35.484
-84.478 35.602
-84.451 35.598
-84.407 35.316
-84.375 35.445
-84.186 35.363
-84.114 35.490
-84.275 35.277
-84.362 35.522
-84.235 35.598
-89.884 35.056
-89.877 35.044
-90.032 35.169
-90.042 35.177
-90.018 35.195
-89.984 35.169
-89.907 35.138
-89.878 35.132
-89.890 35.101
-90.016 35.028
-90.021 35.013
-89.855 35.055
-89.853 35.064
-89.835 35.055
-90.020 35.162
-90.009 35.217
-90.015 35.104
-89.936 35.112
-89.999 35.014
-89.824 35.038
-89.813 35.000
-89.701 35.156
-89.871 35.346
-89.878 35.072
-89.740 35.377
-89.771 35.318
-89.933 35.358
-89.652 35.304
-89.724 35.236
-89.853 35.042
-89.857 35.031
-90.057 35.138
-89.988 35.117
-89.981 35.098
-90.032 35.076
-89.996 35.215
-89.835 35.039
-89.853 35.253
-89.759 35.045
-89.681 35.253
-89.813 35.013
-89.782 35.266
-89.747 35.211
-89.760 35.229
-89.808 35.234
-89.824 35.248
-89.838 35.005
-89.654 35.066
-89.668 35.151
-90.043 35.133
-90.071 35.118
-90.021 35.210
-89.913 35.124
-89.966 35.125
-89.802 35.165
-89.721 35.198
-89.739 35.176
-89.853 35.230
-89.890 35.289
-89.884 35.178
-89.855 35.197
-89.663 35.050
-89.677 35.064
-89.698 35.038
-89.811 35.058
-90.029 35.132
-90.049 35.119
-90.060 35.094
-90.176 35.053
-90.029 35.148
-89.965 35.142
-89.952 35.134
-89.648 35.107
-89.877 35.249
-89.854 35.176
-89.897 35.157
-89.711 35.059
-89.749 35.101
-89.746 35.136
-89.677 35.015
-89.757 35.012
-89.791 35.062
-89.779 35.116
-90.040 35.090
-89.977 35.108
-89.953 35.120
-89.978 35.117
-89.855 35.219
-89.954 35.275
-89.774 35.069
-89.746 35.080
-89.776 35.096
-89.767 35.139
-89.769 35.173
-89.797 35.101
-89.830 35.140
-89.866 35.147
-90.017 35.131
-90.045 35.104
-89.961 35.088
-89.960 35.156
-89.912 35.192
-89.837 35.216
-89.829 35.162
-89.817 35.167
-89.787 35.168
-89.791 35.149
-90.075 35.067
-90.115 35.048
-90.009 35.097
-89.899 35.121
-89.901 35.110
-89.918 35.069
-89.916 35.225
-89.888 35.199
-89.889 35.219
-89.876 35.206
-89.793 35.129
-89.810 35.079
-89.770 35.080
-89.852 35.115
-89.819 35.111
-90.116 35.007
-89.955 35.178
-90.014 35.085
-90.007 35.069
-89.940 35.163
-89.914 35.105
-89.943 35.071
-90.079 35.048
-89.855 35.211
-89.905 35.202
-89.872 35.084
-90.017 35.251
-89.984 35.235
-89.992 35.242
-90.075 35.188
-89.998 35.147
-90.006 35.139
-89.913 35.170
-89.933 35.184
-89.980 35.214
-90.089 35.034
-90.107 35.027
-89.900 35.220
-89.906 35.256
-89.793 35.219
-90.040 35.113
-89.962 35.112
-90.000 35.131
-90.004 35.120
-89.950 35.156
-89.922 35.138
-89.973 35.180
-90.082 35.005
-90.047 35.052
-89.828 35.198
-89.796 35.182
-89.805 35.197
-89.958 35.102
-89.931 35.090
-89.821 35.100
-89.842 35.071
-90.004 35.158
-90.020 35.113
-89.962 35.217
-89.942 35.197
-89.939 35.213
-90.025 35.037
-90.053 35.030
-89.940 35.099
-89.827 35.186
-89.774 35.195
-89.948 35.242
-89.941 35.256
-89.948 35.305
-89.909 35.050
-89.897 35.041
-89.839 35.086
-89.823 35.091
-89.991 35.156
-89.975 35.144
-89.925 35.176
-89.953 35.144
-89.932 35.146
-89.906 35.090
-89.996 35.095
-89.996 35.082
-89.926 35.059
-89.880 35.027
-89.920 35.002
-89.858 35.011
-89.695 35.087
-89.850 35.090
-89.865 35.093
-89.864 35.111
-89.808 35.033
-89.981 35.133
-89.995 35.119
-90.001 35.162
-89.915 35.154
-89.936 35.136
-90.078 35.022
-90.057 35.007
-89.942 35.230
-89.978 35.226
-89.864 35.081
-89.882 35.093
-90.024 35.350
-90.078 35.277
-89.999 35.109
-89.972 35.162
-89.974 35.154
-89.935 35.127
-89.936 35.119
-89.973 35.076
-90.037 35.017
-90.049 35.018
-89.841 35.026
-89.929 35.012
-89.956 35.029
-89.954 35.051
-89.898 35.068
-90.035 35.220
-89.990 35.280
-90.055 35.163
-90.008 35.169
-90.014 35.177
-89.981 35.196
-89.990 35.179
-89.892 35.135
-89.880 35.116
-90.016 35.001
-90.009 35.056
-90.018 35.047
-89.998 35.036
-89.347 36.086
-89.355 36.145
-89.404 36.052
-89.551 36.094
-89.469 36.164
-89.258 36.117
-89.384 36.046
-89.578 35.993
-89.392 35.957
-89.358 36.036
-89.294 36.037
-89.358 36.063
-89.399 36.021
-89.211 36.056
-89.287 35.964
-89.218 36.170
-84.137 35.849
-84.177 35.862
-84.183 35.887
-84.089 35.909
-84.074 35.893
-85.293 35.333
-85.339 35.392
-85.393 35.310
-85.385 35.378
-85.369 35.420
-85.359 35.240
-85.482 35.318
-85.414 35.358
-85.457 35.408
-85.470 35.490
-83.605 36.540
-83.706 36.532
-83.876 36.542
-83.512 36.565
-83.728 36.411
-83.617 36.431
-83.616 36.379
-83.786 36.493
-84.051 35.862
-83.936 35.926
-83.942 35.901
-83.920 35.938
-83.889 35.920
-83.876 35.878
-83.998 35.895
-83.959 35.939
-83.833 36.078
-83.858 36.126
-83.919 36.089
-83.927 36.136
-83.681 36.580
-83.566 36.486
-83.678 36.385
-83.420 36.461
-83.613 36.576
-83.468 36.521
-83.669 36.473
-83.497 36.426
-83.434 36.505
-83.856 36.452
-83.930 35.950
-83.917 35.967
-83.935 35.959
-83.941 35.967
-83.922 35.983
-83.900 35.979
-83.891 35.970
-83.961 35.965
-83.955 35.986
-83.942 35.977
-83.933 35.992
-83.906 36.001
-83.901 35.989
-83.885 35.986
-83.868 35.986
-83.862 35.969
-83.974 35.952
-83.982 35.962
-83.970 35.970
-83.978 35.991
-83.976 36.009
-85.903 36.359
-86.073 36.264
-85.863 36.220
-86.027 36.148
-85.994 36.233
-86.012 36.322
-85.943 36.256
-85.917 36.149
-83.939 36.003
-83.870 36.002
-83.843 36.007
-83.828 35.971
-83.880 35.953
-83.877 36.018
-83.893 36.025
-83.823 36.041
-83.786 36.026
-83.916 36.010
-83.992 35.975
-84.010 35.986
-84.000 36.001
-83.962 36.022
-83.940 36.020
-83.939 36.040
-83.777 35.989
-83.754 35.965
-83.847 35.933
-83.915 36.032
-83.892 36.051
-83.914 36.050
-83.980 36.036
-83.965 36.060
-84.002 36.023
-84.032 36.040
-83.991 36.093
-84.019 36.016
-83.999 35.953
-84.035 35.956
-84.026 35.974
-84.078 35.993
-84.055 35.966
-84.116 35.951
-84.177 35.967
-84.093 36.007
-83.991 35.934
-84.031 35.927
-84.049 35.940
-84.097 35.935
-84.165 35.915
-84.213 35.917
-84.012 35.918
-84.079 35.927
-83.892 35.936
-86.332 35.522
-86.308 35.456
-86.341 35.414
-86.428 35.497
-86.483 35.514
-86.443 35.585
-86.311 35.602
-86.552 35.480
-86.590 35.563
-83.958 35.955
-84.254 35.919
-84.044 36.081
-83.966 36.150
-83.737 36.084
-83.719 36.034
-83.768 36.134
-83.695 35.988
-83.873 35.933
-83.812 35.914
-83.748 35.935
-82.212 36.432
-82.338 36.433
-82.264 36.467
-82.158 36.465
-82.222 36.583
-82.179 36.573
-82.237 36.532
-82.315 36.539
-82.359 36.575
-82.201 36.509
-82.073 36.507
-82.066 36.559
-82.151 36.556
-86.511 35.614
-86.486 35.487
-86.470 35.463
-86.552 35.401
-86.629 35.491
-86.591 35.611
-86.586 35.666
-86.430 35.393
-86.435 35.475
-86.362 35.701
-82.135 36.585
-81.950 36.579
-82.325 36.488
-82.426 36.477
-82.439 36.530
-82.465 36.576
-82.498 36.451
-82.504 36.480
-82.525 36.528
-82.502 36.545
-82.530 36.575
-82.564 36.490
-82.564 36.552
-82.583 36.574
-82.586 36.533
-82.625 36.457
-86.821 35.337
-86.759 35.466
-86.873 35.426
-86.774 35.510
-86.694 35.390
-86.814 35.537
-86.733 35.588
-86.708 35.658
-86.866 35.461
-84.890 35.422
-84.821 35.506
-84.950 35.358
-84.792 35.526
-84.741 35.580
-84.691 35.669
-85.462 35.922
-85.454 35.874
-85.417 36.001
-85.385 35.859
-85.545 35.843
-85.496 35.908
-85.478 35.941
-85.552 36.016
-85.293 35.895
-85.609 35.877
-85.594 35.949
-88.886 36.454
-89.108 36.420
-89.158 36.477
-89.273 36.380
-89.328 36.430
-89.035 36.467
-89.072 36.234
-89.194 36.257
-89.342 36.256
-89.174 36.331
-89.029 36.347
-89.003 36.438
-85.286 35.027
-85.155 34.997
-85.199 34.995
-85.131 35.044
-85.097 35.044
-85.140 35.017
-85.077 35.052
-85.317 35.046
-85.329 35.057
-85.235 35.056
-85.284 35.035
-85.219 35.145
-85.212 35.117
-85.188 35.136
-85.251 35.121
-85.120 35.026
-85.116 34.994
-85.239 35.039
-85.250 35.026
-85.243 35.033
-85.012 35.014
-85.227 35.275
-85.098 35.406
-85.219 35.034
-85.197 35.044
-85.221 35.073
-85.247 35.035
-85.241 35.158
-85.254 35.158
-85.239 35.192
-85.217 35.181
-85.195 35.177
-85.185 35.145
-85.159 35.170
-85.276 35.112
-85.255 35.009
-86.071 36.582
-86.150 36.586
-86.075 36.486
-86.179 36.508
-86.025 36.607
-86.018 36.537
-85.959 36.582
-85.953 36.484
-85.865 36.568
-85.865 36.458
-88.473 36.102
-88.353 36.097
-88.390 36.019
-88.368 35.940
-88.471 35.976
-88.428 35.867
-88.554 35.961
-88.607 36.034
-88.539 36.093
-88.267 35.851
-88.554 35.862
-88.314 35.909
-88.271 35.957
-88.293 36.038
-88.239 36.031
-88.255 36.109
-88.657 35.851
-85.265 34.998
-85.247 34.990
-85.331 35.106
-85.310 35.092
-85.297 35.066
-85.365 35.031
-85.288 35.148
-85.315 35.141
-85.264 35.190
-88.616 35.912
-88.649 35.965
-88.626 36.088
-88.521 36.143
-88.424 36.121
-85.264 35.157
-85.280 35.133
-85.297 35.113
-85.338 35.125
-85.171 35.107
-85.268 35.129
-83.631 36.299
-83.508 36.218
-83.532 36.282
-83.616 36.180
-83.675 36.184
-83.448 36.362
-83.345 36.353
-83.440 36.272
-83.301 36.321
-83.344 36.295
-85.262 35.131
-85.208 35.222
-85.228 35.194
-85.184 35.235
-85.339 34.998
-85.335 35.014
-85.352 35.069
-85.140 35.065
-85.131 35.089
-85.099 35.077
-85.041 35.104
-85.385 35.013
-85.401 35.036
-84.940 36.221
-84.963 36.534
-85.052 36.232
-85.074 35.008
-85.046 35.047
-85.104 35.013
-85.033 35.308
-84.991 35.258
-85.057 35.196
-85.104 35.151
-85.144 35.132
-85.064 35.087
-85.126 35.348
-85.154 35.276
-85.200 35.332
-85.125 35.232
-85.139 35.202
-85.181 35.196
-85.309 35.202
-85.349 35.146
-85.245 35.215
-85.308 35.164
-84.928 36.412
-84.896 36.423
-84.956 36.466
-84.841 36.393
-84.933 36.374
-84.810 36.475
-85.056 36.404
-84.942 36.316
-84.814 36.347
-84.731 36.397
-85.194 35.080
-85.169 35.063
-85.154 35.057
-85.186 35.282
-85.346 34.999
-85.171 35.044
-85.167 35.043
-85.169 35.036
-85.191 35.018
-85.316 35.025
-85.315 35.002
-85.294 35.014
-85.288 35.002
-85.310 34.988
-85.331 34.998
-85.352 34.994
-85.343 34.995
-85.191 35.247
-85.299 35.103
-89.042 35.054
-89.005 35.199
-89.120 35.168
-89.044 35.290
-88.874 35.335
-88.946 35.211
-89.152 35.044
-89.141 35.347
-88.841 35.240
-88.813 35.047
-88.858 35.147
-88.925 35.061
-88.992 35.385
-85.264 35.060
-85.258 35.083
-85.296 35.046
-85.297 35.060
-85.289 35.075
-85.281 35.096
-85.257 35.105
-85.169 35.120
-85.201 35.097
-85.242 35.074
-85.256 35.047
-85.273 35.042
-85.331 35.085
-85.176 35.084
-85.235 35.001
-85.226 35.011
-85.235 35.022
-85.223 35.015
-85.169 35.019
-85.292 34.988
-85.268 35.010
-85.291 35.018
-85.287 35.022
-85.270 35.025
-87.073 36.591
-86.981 36.568
-87.076 36.486
-86.894 36.412
-86.901 36.487
-86.996 36.427
-86.943 36.493
-86.878 36.468
-86.838 36.504
-86.804 36.457
-86.871 36.606
-86.792 36.576
-86.744 36.519
-86.666 36.615
-86.678 36.550
-86.688 36.471
-86.806 36.423
-86.787 36.398
-88.114 36.066
-88.006 36.106
-88.029 36.260
-88.150 36.106
-88.115 36.019
-88.080 35.912
-86.751 36.480
-83.280 36.437
-83.318 36.499
-83.219 36.531
-83.199 36.562
-83.014 36.571
-83.349 36.570
-87.619 36.245
-87.733 36.276
-87.766 36.318
-87.704 36.317
-87.571 36.306
-87.674 36.345
-87.873 36.291
-87.018 35.193
-87.017 35.202
-87.073 35.212
-87.143 35.223
-86.967 35.220
-87.016 35.049
-87.108 35.155
-87.045 35.188
-86.930 35.130
-87.150 35.348
-87.022 35.367
-86.909 35.269
-87.150 35.069
-86.885 35.038
-89.463 35.799
-89.543 35.804
-89.426 35.828
-89.529 35.845
-89.508 35.768
-89.643 35.841
-89.514 35.673
-89.550 35.728
-89.601 35.725
-89.466 35.720
-89.793 35.732
-89.849 35.620
-89.508 35.890
-89.405 35.892
-89.678 35.681
-89.570 35.650
-84.854 35.766
-84.767 35.740
-84.899 35.707
-84.814 35.715
-84.824 35.685
-84.876 35.633
-84.959 35.596
-85.003 35.559
-85.005 35.508
-85.057 35.482
-85.085 35.526
-85.001 35.472
-85.093 35.447
-84.932 35.492
-85.020 35.442
-84.634 36.537
-84.510 36.514
-84.569 36.441
-84.632 36.355
-84.532 36.308
-84.489 36.400
-84.404 36.309
-84.395 36.486
-84.479 36.462
-84.382 36.559
-85.644 36.450
-85.578 36.419
-85.737 36.387
-85.747 36.462
-85.593 36.308
-85.653 36.287
-85.633 36.243
-85.734 36.268
-85.717 36.328
-85.645 36.349
-85.658 36.351
-85.640 36.371
-85.554 36.370
-85.807 36.343
-85.525 36.319
-85.583 36.257
-85.544 36.272
-86.948 35.732
-87.054 35.749
-87.169 35.639
-87.077 35.675
-87.166 35.766
-87.083 35.617
-86.963 35.662
-87.047 35.627
-87.079 35.603
-87.048 35.600
-87.065 35.587
-87.218 35.505
-87.277 35.619
-87.022 35.603
-87.075 35.564
-86.855 35.683
-86.912 35.584
-87.026 35.629
-87.054 35.492
-86.965 35.484
-87.134 35.498
-86.561 36.245
-86.543 36.284
-86.519 36.246
-86.582 36.238
-86.568 36.212
-86.537 36.209
-86.520 36.190
-86.459 36.258
-86.516 36.154
-86.429 36.203
-86.434 36.302
-86.385 36.215
-86.339 36.233
-86.361 36.291
-86.239 36.296
-86.300 36.246
-86.272 36.174
-86.213 36.153
-86.157 36.209
-86.158 36.137
-86.243 36.033
-86.292 36.126
-86.104 36.143
-86.132 36.082
-86.049 36.002
-86.129 36.010
-86.471 36.103
-86.472 36.180
-86.353 36.145
-86.410 36.139
-86.354 36.052
-86.354 36.187
-86.261 36.208
-86.193 36.251
-86.307 36.212
-86.480 36.213
-86.530 35.902
-86.557 35.845
-86.461 35.878
-86.477 35.828
-86.543 35.755
-86.631 35.746
-86.580 35.927
-86.278 35.729
-86.341 35.807
-86.361 35.812
-86.520 35.948
-86.382 35.831
-86.357 35.859
-86.314 35.851
-86.493 35.914
-86.475 35.928
-86.431 35.824
-86.413 35.834
-86.434 35.859
-86.407 35.850
-86.485 35.773
-86.434 35.768
-86.248 35.791
-86.468 35.691
-84.421 35.807
-84.441 35.873
-86.395 35.794
-86.384 35.852
-86.316 35.888
-86.417 35.940
-86.419 35.899
-84.375 35.864
-84.564 35.753
-84.503 35.838
-84.490 35.866
-84.450 35.943
-84.345 35.934
-84.373 36.002
-84.514 35.920
-84.488 35.959
-84.554 35.865
-84.572 35.882
-84.585 35.916
-84.534 35.956
-86.413 35.876
-86.368 35.882
-86.392 35.877
-86.234 35.846
-86.270 35.929
-86.191 35.916
-86.358 35.960
-86.578 36.004
-86.543 36.023
-86.531 36.049
-86.572 35.969
-86.596 35.972
-84.352 36.041
-84.649 35.833
-84.649 35.758
-84.566 35.815
-84.724 35.801
-84.701 35.868
-84.651 35.893
-84.513 35.744
-84.569 35.681
-86.526 35.980
-86.463 35.954
-86.449 36.027
-86.388 35.905
-86.409 35.784
-86.504 35.999
-87.116 35.994
-87.121 35.979
-87.133 35.909
-87.053 35.880
-86.950 35.998
-86.915 35.765
-86.924 35.922
-86.816 35.993
-86.778 35.982
-86.765 36.006
-86.759 35.947
-86.922 35.790
-86.776 35.855
-86.805 35.776
-86.715 35.774
-86.913 35.961
-86.892 35.925
-86.951 35.861
-86.832 35.907
-86.882 35.835
-86.767 35.895
-86.854 35.933
-86.860 35.981
-86.804 36.023
-86.859 36.024
-86.881 35.938
-86.910 36.036
-86.849 35.909
-86.892 35.964
-86.831 35.965
-86.828 35.947
-86.798 35.945
-86.797 35.924
-86.861 35.897
-86.883 35.913
-86.893 35.770
-86.746 35.969
-86.723 35.997
-86.703 35.962
-86.661 35.845
-86.673 35.922
-85.795 35.653
-85.706 35.799
-85.656 35.735
-85.747 35.732
-85.787 35.798
-85.820 35.725
-85.862 35.803
-85.901 35.749
-85.665 35.637
-85.699 35.565
-85.806 35.699
-85.733 35.688
-85.779 35.717
-85.765 35.665
-85.941 35.702
-85.798 35.681
-85.853 35.566
-85.837 35.644
-85.918 35.623
-85.852 35.682
-85.797 35.593
-84.920 35.959
-85.045 36.091
-84.879 36.007
-84.894 35.830
-85.035 35.819
-85.100 35.809
-84.814 35.974
-85.056 36.130
-84.758 35.894
-85.045 35.932
-85.132 35.929
-85.122 35.882
-85.209 35.953
-85.093 35.990
-85.025 35.955
-85.184 36.052
-85.060 36.035
-84.945 36.062
-84.975 35.905
-84.974 35.939
-84.989 35.824
-85.068 35.869
-85.196 35.810
-89.129 35.636
-89.272 35.698
-89.215 35.659
-89.273 35.603
-89.388 35.629
-89.392 35.744
-89.128 35.561
-89.234 35.586
-89.224 35.606
-89.171 35.520
-89.262 35.607
-89.375 35.564
-89.385 35.491
-89.369 35.443
-89.206 35.454
-84.972 35.147
-84.891 35.181
-84.967 35.086
-84.832 35.222
-84.782 35.263
-84.834 35.176
-84.863 35.198
-84.762 35.171
-84.865 35.166
-84.878 35.149
-84.814 35.038
-84.786 35.111
-84.860 35.102
-84.888 35.131
-84.911 35.046
-84.941 35.205
-84.900 35.275
-86.166 36.345
-86.252 36.353
-86.204 36.392
-86.153 36.393
-86.058 36.388
-86.153 36.377
-86.086 36.412
-86.200 36.445
-86.138 36.420
-86.243 36.419
-89.872 35.425
-89.747 35.425
-89.718 35.493
-89.600 35.440
-89.768 35.574
-89.554 35.520
-89.981 35.471
-89.810 35.466
-89.612 35.594
-89.797 35.420
-84.403 35.683
-84.512 35.672
-84.365 35.737
-84.307 35.682
-84.304 35.787
-84.306 35.838
-84.206 35.803
-84.258 35.815
-84.271 35.799
-84.361 35.736
-84.213 35.736
-84.275 35.709
-84.260 35.685
-84.196 35.655
-86.499 36.335
-86.537 36.313
-86.592 36.304
-86.570 36.342
-86.340 36.467
-86.389 36.359
-86.579 36.519
-86.312 36.384
-86.432 36.373
-86.426 36.395
-86.455 36.399
-86.516 36.383
-86.441 36.476
-86.505 36.573
-86.511 36.618
-86.367 36.585
-86.493 36.448
-86.462 36.352
-86.622 36.298
-86.585 36.269
-86.637 36.280
-86.612 36.323
-86.686 36.353
-86.624 36.376
-86.702 36.392
-86.656 36.429
-86.581 36.291
-86.565 36.442
-86.593 36.368
-86.658 36.323
-86.630 36.469
-86.611 36.265
-86.272 36.563
-86.634 36.329
-86.400 36.413
-86.429 36.554
-86.767 36.225
-86.789 36.217
-86.809 36.213
-86.633 36.052
-86.601 36.036
-86.955 36.072
-87.016 36.035
-86.974 36.059
-86.962 36.090
-86.930 36.090
-86.908 36.099
-86.880 36.120
-86.972 36.137
-86.861 36.138
-86.814 36.176
-86.828 36.167
-86.802 36.165
-86.782 36.122
-86.789 36.118
-86.802 36.138
-86.767 36.119
-86.756 36.121
-86.757 36.110
-86.737 36.173
-86.678 36.156
-86.707 36.135
-86.661 36.273
-86.711 36.324
-86.747 36.373
-86.688 36.301
-86.788 36.344
-86.814 36.160
-86.806 36.143
-86.798 36.126
-86.737 36.149
-86.786 36.158
-86.719 36.156
-86.687 36.175
-86.714 36.246
-86.720 36.225
-86.711 36.206
-86.706 36.116
-86.684 36.123
-86.550 36.100
-86.595 36.070
-86.617 36.124
-86.583 36.179
-86.579 36.149
-86.723 36.023
-86.792 36.130
-86.782 36.136
-86.689 36.213
-86.709 36.182
-86.740 36.133
-86.736 36.114
-86.719 36.136
-86.724 36.286
-86.924 36.259
-86.833 36.258
-86.788 36.264
-86.595 36.201
-86.600 36.181
-86.886 36.335
-86.838 36.299
-86.644 36.193
-86.619 36.176
-86.722 36.126
-86.640 36.102
-86.610 36.091
-86.641 36.169
-86.614 36.202
-86.665 36.226
-86.615 36.227
-86.634 36.243
-86.780 36.292
-86.752 36.321
-86.721 36.307
-86.696 36.273
-86.676 36.092
-86.774 36.161
-86.754 36.026
-86.695 36.260
-86.717 36.193
-86.725 36.181
-86.732 36.198
-86.752 36.170
-86.739 36.188
-86.753 36.185
-86.766 36.182
-86.653 36.047
-86.645 36.067
-86.748 36.195
-86.726 36.213
-86.742 36.221
-86.638 36.085
-86.630 36.082
-86.657 36.068
-86.659 36.099
-86.761 36.061
-86.756 36.068
-86.724 36.062
-86.739 36.083
-86.682 36.074
-86.818 36.144
-86.842 36.145
-86.829 36.149
-86.746 36.245
-86.767 36.252
-86.731 36.253
-86.736 36.270
-86.715 36.087
-86.714 36.076
-86.699 36.073
-86.697 36.061
-86.805 36.183
-86.806 36.193
-86.811 36.152
-86.774 36.096
-86.945 36.049
-86.869 36.070
-86.891 36.051
-86.831 36.062
-86.778 36.107
-86.834 36.124
-86.839 36.124
-86.823 36.185
-86.887 36.144
-86.865 36.158
-86.811 36.133
-86.824 36.121
-86.836 36.101
-86.813 36.096
-86.811 36.113
-86.794 36.102
-86.794 36.143
-86.749 36.143
-86.811 36.085
-86.742 36.060
-86.650 36.017
-86.792 36.063
-86.836 36.135
-86.856 36.099
-86.880 36.096
-86.930 36.066
-86.834 36.198
-86.841 36.216
-86.884 36.183
-86.859 36.193
-86.793 36.237
-86.874 36.238
-86.928 36.191
-86.765 36.168
-86.769 36.190
-86.794 36.180
-86.759 36.151
-86.782 36.112
-86.767 36.142
-86.736 36.099
-86.769 36.131
-86.653 36.154
-86.708 36.145
-86.739 36.046
-86.764 36.040
-86.730 36.059
-86.662 36.002
-86.671 36.037
-86.688 36.049
-86.704 36.055
-86.754 36.219
-86.758 36.229
-86.767 36.204
-86.904 36.073
