-109.399 40.923
-109.790 40.886
-109.126 40.815
-112.654 37.114
-112.506 37.019
-112.253 37.127
-112.535 37.014
-112.530 37.011
-111.499 37.388
-111.588 37.163
-111.655 37.070
-112.556 37.013
-112.607 37.239
-112.369 37.458
-112.732 37.439
-112.798 37.242
-112.540 37.038
-112.522 37.021
-112.526 37.015
-112.537 37.357
-112.504 37.045
-111.542 40.704
-110.754 40.865
-111.187 40.594
-111.509 40.722
-111.508 40.648
-111.501 40.638
-111.499 41.002
-111.325 40.638
-111.492 40.703
-111.390 40.868
-111.618 40.742
-111.492 40.666
-111.288 40.613
-111.590 40.742
-111.606 40.731
-111.581 40.751
-111.222 40.646
-111.209 40.965
-111.616 40.779
-111.487 40.661
-111.523 40.689
-111.475 40.643
-111.501 40.760
-111.512 40.672
-111.527 40.711
-111.537 40.740
-111.456 40.904
-111.378 40.715
-111.499 40.662
-111.580 40.725
-111.416 40.798
-111.537 40.698
-111.394 40.909
-111.494 40.680
-111.570 40.678
-111.573 40.758
-111.289 41.061
-111.487 40.672
-111.532 40.643
-111.289 40.679
-111.557 40.772
-111.326 40.950
-111.839 41.731
-111.794 41.821
-111.829 41.691
-111.804 41.932
-111.817 41.756
-111.800 41.735
-111.834 41.781
-111.817 41.746
-111.839 41.736
-111.852 41.824
-111.842 41.807
-111.996 41.843
-111.792 41.852
-111.809 41.798
-111.854 41.544
-111.961 41.936
-112.064 41.936
-111.795 41.769
-111.837 41.646
-111.791 41.749
-111.911 41.610
-111.806 41.690
-111.859 41.701
-111.850 41.754
-111.806 41.712
-111.854 41.962
-111.816 41.635
-111.788 41.785
-111.872 41.611
-111.962 41.730
-111.854 41.747
-111.825 41.766
-111.831 41.740
-111.987 41.964
-111.848 41.724
-111.798 41.727
-111.839 41.725
-111.837 41.756
-111.966 41.595
-111.799 41.755
-111.818 41.751
-111.840 41.710
-111.806 41.629
-111.875 41.741
-111.809 41.745
-111.823 41.754
-111.831 41.734
-111.804 41.865
-111.842 41.616
-111.823 41.746
-111.908 41.710
-111.632 41.680
-111.805 41.701
-111.789 41.970
-111.788 41.759
-111.812 41.779
-111.826 41.710
-112.006 41.714
-111.825 41.738
-111.825 41.820
-111.831 41.727
-111.821 41.740
-111.865 41.726
-111.798 41.837
-111.856 41.685
-111.814 41.615
-111.816 41.722
-111.822 41.728
-111.871 41.647
-111.856 41.694
-111.935 41.912
-111.855 41.864
-111.901 41.951
-111.830 41.751
-111.960 41.652
-111.915 41.859
-111.796 41.763
-111.916 41.660
-111.803 41.740
-111.846 41.663
-111.809 41.754
-111.815 41.669
-111.915 41.789
-111.857 41.775
-111.808 41.903
-111.822 41.733
-111.829 41.700
-111.264 38.399
-111.374 38.214
-110.499 38.316
-111.683 38.467
-111.738 38.299
-111.569 38.309
-111.572 38.430
-113.588 37.129
-113.487 37.167
-113.286 37.332
-113.092 37.145
-113.764 37.580
-113.062 37.300
-113.553 37.060
-113.663 37.157
-113.189 37.056
-113.310 37.176
-113.573 37.084
-113.599 37.074
-113.509 37.076
-113.701 37.339
-113.631 37.092
-113.608 37.111
-113.617 37.216
-113.325 37.115
-113.654 37.174
-113.310 37.480
-113.485 37.091
-113.574 37.118
-113.494 37.385
-113.633 37.112
-113.631 37.129
-113.351 37.255
-113.581 37.027
-113.574 37.095
-113.610 37.188
-113.535 37.274
-113.653 37.148
-113.867 37.492
-113.616 37.034
-113.530 37.151
-113.692 37.566
-113.606 37.095
-113.556 37.126
-113.461 37.142
-113.280 37.211
-113.385 37.411
-113.593 37.053
-113.633 37.153
-113.405 37.063
-113.591 37.114
-113.621 37.165
-113.620 37.022
-113.649 37.373
-113.667 37.309
-113.388 37.148
-113.609 37.135
-113.759 37.284
-113.282 37.181
-113.577 37.509
-113.468 37.047
-113.528 37.031
-113.524 37.119
-113.699 37.179
-113.619 37.060
-113.280 37.200
-113.005 37.178
-113.631 37.404
-113.506 37.081
-113.586 37.091
-113.181 37.136
-113.054 37.148
-112.969 37.090
-113.644 37.136
-113.503 37.124
-113.539 37.118
-113.618 37.248
-113.289 37.175
-113.630 37.042
-113.535 37.103
-113.549 37.099
-112.956 37.199
-113.679 37.165
-113.692 37.149
-113.892 37.179
-113.539 37.111
-113.620 37.128
-113.287 37.442
-113.240 37.235
-113.599 37.107
-113.308 37.058
-113.121 37.413
-112.992 37.008
-113.610 37.119
-113.520 37.157
-113.655 37.123
-113.550 37.071
-113.107 37.082
-113.571 37.070
-113.619 37.117
-113.526 37.108
-113.607 37.046
-113.563 37.094
-113.365 37.230
-113.292 37.256
-113.495 37.137
-113.206 37.196
-113.663 37.146
-113.587 37.103
-113.335 37.165
-113.568 37.103
-113.544 37.083
-112.620 38.279
-112.629 38.295
-112.653 38.294
-112.653 38.229
-112.632 38.278
-113.023 38.394
-112.635 38.252
-112.577 38.350
-113.556 38.371
-113.032 38.201
-112.647 38.266
-112.620 38.274
-112.894 38.403
-112.925 38.214
-112.768 38.221
-113.004 38.392
-110.811 39.506
-110.813 39.603
-110.789 39.606
-110.438 39.529
-111.129 39.715
-110.810 39.589
-110.899 39.518
-110.853 39.686
-110.839 39.730
-110.973 39.618
-110.733 39.526
-110.821 39.596
-110.977 39.548
-110.403 39.553
-110.420 39.548
-110.807 39.616
-111.163 39.721
-110.867 39.694
-110.794 39.594
-110.359 39.640
-110.832 39.630
-110.792 39.618
-110.803 39.605
-110.737 39.552
-111.972 39.483
-112.337 39.655
-111.837 39.712
-111.826 39.922
-111.953 39.646
-111.840 39.849
-113.360 39.734
-111.716 39.761
-112.334 39.823
-111.774 39.660
-112.648 37.984
-112.939 37.799
-113.084 37.676
-113.470 37.732
-113.058 37.750
-112.971 37.572
-113.276 37.596
-112.799 37.652
-113.149 37.705
-113.071 37.679
-113.129 37.680
-113.070 37.683
-112.825 37.802
-113.008 37.873
-113.070 37.690
-113.075 37.565
-113.069 37.674
-113.087 37.668
-113.043 37.728
-113.210 37.941
-113.032 37.757
-113.064 37.674
-113.053 37.662
-113.040 37.718
-113.104 37.678
-113.090 37.725
-113.098 37.654
-113.076 37.674
-112.884 37.997
-113.887 37.908
-113.074 37.666
-112.987 37.713
-113.061 37.716
-113.186 37.536
-113.616 37.887
-113.067 37.668
-113.077 37.659
-113.069 37.700
-111.693 41.145
-111.602 41.032
-111.671 41.023
-111.778 41.044
-111.719 41.062
-111.649 40.903
-111.769 41.151
-111.720 41.079
-111.660 41.075
-111.621 40.976
-111.705 41.045
-111.420 41.194
-111.802 41.176
-113.320 41.942
-112.150 41.826
-112.084 41.484
-112.481 41.876
-112.019 41.526
-112.040 41.498
-112.203 41.753
-112.283 41.325
-112.140 41.702
-112.145 41.660
-112.046 41.469
-111.985 41.520
-112.064 41.505
-112.112 41.673
-112.176 41.709
-112.242 41.977
-112.013 41.524
-112.009 41.477
-112.244 41.579
-112.088 41.693
-113.387 41.714
-112.088 41.703
-112.048 41.532
-112.149 41.872
-112.015 41.452
-112.133 41.770
-112.057 41.616
-112.537 41.529
-112.058 41.785
-112.147 41.745
-112.088 41.533
-112.044 41.379
-112.138 41.676
-112.096 41.762
-111.934 41.501
-112.124 41.613
-111.931 41.474
-112.154 41.737
-112.092 41.578
-112.836 41.870
-112.092 41.515
-112.297 41.753
-112.236 41.458
-112.009 41.525
-112.105 41.684
-112.114 41.701
-112.191 41.792
-112.247 41.947
-112.150 41.689
-112.065 41.641
-112.036 41.590
-112.004 41.519
-112.159 41.724
-112.021 41.549
-112.060 41.711
-112.123 41.550
-112.171 41.736
-112.177 41.699
-112.121 41.664
-112.116 41.577
-112.030 41.464
-112.113 41.676
-113.338 41.336
-112.142 41.631
-112.156 41.718
-112.038 41.513
-112.445 41.773
-112.117 41.742
-112.216 41.728
-112.207 41.659
-112.156 41.726
-112.123 41.704
-112.020 41.498
-112.157 41.726
-111.994 41.493
-112.045 41.414
-112.716 41.973
-112.144 41.875
-113.728 41.912
-112.117 41.812
-112.179 41.722
-112.118 41.595
-112.006 41.501
-111.990 41.506
-112.133 41.717
-112.097 41.728
-112.168 41.651
-110.774 40.133
-110.084 40.004
-110.587 40.081
-110.322 40.590
-110.066 40.292
-110.516 40.509
-110.192 40.317
-109.985 40.295
-110.073 40.361
-110.066 40.262
-110.748 40.476
-109.984 40.344
-110.376 39.973
-110.065 40.619
-110.073 40.319
-111.028 39.226
-111.197 39.291
-110.928 39.421
-110.091 38.981
-110.967 39.210
-111.133 39.097
-111.096 39.137
-111.126 39.452
-110.591 38.921
-111.059 39.231
-111.160 39.064
-111.252 38.925
-110.856 39.349
-111.015 39.216
-111.047 39.153
-110.788 39.422
-110.815 39.388
-110.883 39.267
-111.041 39.280
-110.850 39.354
-110.216 39.041
-111.024 39.211
-111.145 38.929
-111.195 39.149
-111.136 39.084
-110.960 39.326
-110.968 39.332
-110.956 39.334
-112.091 37.698
-110.626 37.922
-112.448 37.627
-111.268 37.891
-111.958 38.016
-112.104 37.564
-111.593 37.718
-112.268 37.919
-111.930 37.624
-112.159 37.682
-112.501 37.876
-112.922 38.812
-112.567 38.898
-112.256 38.925
-112.767 39.327
-112.341 39.021
-112.083 39.163
-112.259 39.501
-112.527 39.325
-112.546 39.376
-113.141 39.334
-112.340 39.388
-112.372 39.499
-112.605 39.037
-112.287 39.174
-112.586 39.479
-113.728 39.058
-112.688 39.217
-111.174 41.798
-111.240 41.607
-111.335 41.935
-111.313 41.858
-111.436 41.925
-111.231 41.396
-111.946 41.042
-111.994 41.099
-111.999 41.080
-112.021 41.116
-111.897 40.896
-111.895 40.872
-111.941 40.879
-112.059 41.144
-111.902 40.849
-112.031 41.083
-112.014 41.098
-112.214 40.981
-111.873 40.870
-111.856 40.898
-111.899 41.022
-111.902 41.105
-111.929 41.027
-112.050 41.114
-111.835 40.974
-112.060 41.115
-111.881 40.862
-112.055 41.128
-112.024 41.082
-111.933 40.896
-112.074 41.086
-111.907 40.879
-111.907 41.085
-111.965 41.085
-111.914 41.038
-111.872 40.897
-111.974 41.100
-111.923 41.014
-112.002 41.096
-111.876 40.921
-112.031 41.098
-111.966 41.073
-111.879 40.877
-111.944 41.069
-111.862 40.874
-111.921 41.040
-111.860 40.856
-111.936 41.019
-111.885 40.925
-111.898 40.838
-109.533 38.589
-109.584 38.529
-109.467 39.102
-109.240 38.652
-111.970 41.079
-111.979 41.084
-111.855 40.924
-111.906 41.123
-111.932 41.038
-112.014 41.086
-111.948 41.052
-112.051 41.083
-111.889 40.867
-111.920 41.097
-111.880 40.910
-111.879 40.882
-112.030 41.131
-111.918 41.006
-112.030 41.120
-111.966 41.053
-109.428 38.542
-109.555 38.569
-109.533 38.550
-109.547 38.567
-109.869 38.683
-109.959 39.161
-109.498 38.521
-111.942 41.031
-112.031 41.148
-111.873 40.889
-111.866 40.937
-112.050 41.150
-111.950 41.078
-111.884 40.828
-111.885 40.888
-111.957 41.054
-111.930 41.012
-112.093 41.121
-111.949 41.061
-112.106 41.126
-112.003 41.087
-111.938 41.046
-112.069 41.100
-111.869 40.947
-111.983 41.051
-111.900 40.874
-111.895 40.857
-111.888 40.842
-112.025 41.073
-112.321 38.179
-112.014 38.211
-112.246 38.252
-111.964 38.387
-112.260 38.417
-111.909 40.911
-111.973 41.065
-111.889 40.854
-112.012 41.078
-111.935 41.059
-111.945 40.845
-112.045 41.137
-111.947 41.109
-111.963 41.078
-112.094 41.096
-112.064 41.121
-111.923 41.104
-111.889 40.880
-111.879 40.851
-111.924 40.989
-112.061 41.083
-111.944 41.006
-111.922 41.109
-111.902 41.036
-111.961 41.065
-111.906 41.011
-112.029 41.141
-111.884 40.988
-111.906 40.858
-112.049 41.121
-112.041 41.082
-111.882 40.900
-111.845 40.912
-112.064 41.136
-111.962 41.020
-112.046 41.098
-111.915 41.129
-112.025 41.052
-111.872 40.856
-111.881 40.871
-111.867 40.867
-111.921 40.833
-111.943 41.135
-111.868 40.842
-112.090 41.145
-111.987 41.076
-111.910 40.996
-112.103 41.074
-111.888 40.905
-111.888 40.976
-111.888 41.008
-111.858 40.868
-112.050 41.093
-112.040 41.122
-111.976 41.055
-111.990 41.127
-112.082 41.102
-112.076 41.131
-111.910 40.869
-111.955 41.132
-111.943 41.092
-111.898 40.928
-111.963 41.038
-111.911 41.050
-111.916 41.092
-111.912 41.061
-112.037 41.112
-111.967 41.093
-111.915 41.024
-111.846 40.862
-111.991 41.085
-111.916 40.974
-112.135 41.132
-111.933 41.091
-111.941 40.868
-112.070 41.062
-111.896 40.996
-111.994 41.068
-112.057 41.102
-112.040 41.130
-111.886 40.939
-111.897 40.845
-112.075 41.117
-111.906 40.960
-112.015 41.107
-111.987 41.032
-111.942 41.080
-112.073 41.147
-111.886 40.947
-112.055 41.068
-111.954 41.071
-112.040 41.066
-111.913 41.071
-111.884 40.933
-112.002 41.110
-111.928 41.050
-111.835 40.875
-111.864 40.880
-111.928 41.077
-111.998 41.049
-111.927 41.032
-111.952 41.093
-111.865 40.889
-111.920 40.851
-111.945 40.858
-111.889 40.894
-111.837 40.890
-112.042 41.144
-111.869 40.964
-111.870 40.903
-111.839 40.884
-111.982 41.093
-111.713 40.280
-111.900 40.380
-111.698 40.316
-111.662 40.268
-111.923 40.238
-111.583 40.262
-111.678 40.278
-111.641 40.258
-111.788 39.997
-111.704 40.287
-111.744 40.371
-111.687 40.323
-111.805 40.391
-111.620 40.138
-111.605 40.148
-111.789 40.450
-111.738 40.035
-111.598 40.098
-111.674 40.002
-111.935 40.405
-111.675 40.230
-111.689 40.271
-111.769 40.384
-111.680 40.020
-111.768 40.384
-111.734 40.003
-111.708 40.293
-111.709 40.054
-111.592 40.137
-111.685 40.331
-112.109 40.342
-111.922 40.396
-111.626 40.220
-111.668 40.207
-111.647 40.240
-111.838 40.426
-111.714 40.361
-111.635 40.105
-111.829 40.426
-111.768 40.390
-111.778 40.400
-111.685 40.264
-111.690 40.316
-111.736 40.022
-111.709 40.271
-111.692 40.310
-111.588 40.152
-111.718 40.301
-111.649 40.234
-111.813 40.411
-111.630 40.149
-111.750 40.307
-111.739 40.279
-111.816 40.424
-111.731 40.367
-111.668 40.271
-111.730 40.049
-111.671 40.310
-111.795 40.393
-111.652 40.249
-111.635 40.224
-111.744 40.410
-111.653 40.016
-111.684 40.286
-111.792 40.413
-111.762 40.409
-111.782 40.105
-111.767 40.385
-111.700 40.339
-111.858 40.413
-111.800 40.403
-111.623 40.202
-111.723 40.355
-111.747 40.340
-111.681 40.235
-111.771 40.390
-111.710 40.315
-111.700 40.278
-111.886 40.399
-111.714 39.945
-112.085 40.248
-111.730 40.299
-111.845 40.008
-111.822 40.395
-111.718 40.287
-111.780 40.422
-111.644 40.278
-111.694 40.347
-111.695 40.262
-111.674 40.342
-111.691 40.278
-111.910 40.421
-111.665 40.113
-111.772 40.390
-111.671 40.238
-111.786 40.343
-111.734 40.041
-111.649 40.209
-111.896 40.431
-111.710 40.220
-111.636 40.091
-111.677 40.092
-111.772 40.384
-111.878 40.371
-111.691 40.230
-111.642 40.285
-111.990 40.321
-111.699 40.294
-111.766 40.390
-111.747 40.390
-111.638 40.240
-111.793 40.429
-112.012 40.350
-111.771 40.373
-111.591 40.157
-111.673 40.286
-111.710 40.367
-111.720 40.323
-111.773 40.367
-111.760 40.467
-111.567 40.136
-111.871 40.448
-111.653 40.120
-111.747 40.025
-111.650 40.223
-111.705 40.308
-111.624 40.088
-111.723 40.318
-111.762 40.372
-111.643 40.295
-111.755 39.900
-111.676 40.270
-111.839 40.378
-111.771 40.387
-111.653 40.275
-111.690 40.146
-111.677 40.249
-111.788 40.382
-111.859 40.427
-111.853 40.386
-111.718 40.308
-111.849 40.415
-111.855 40.368
-111.732 40.381
-111.937 40.358
-111.641 40.111
-111.692 40.330
-111.764 40.433
-111.768 40.415
-111.826 40.468
-111.569 40.148
-111.826 40.209
-111.615 40.238
-111.750 40.359
-111.834 40.416
-111.766 40.358
-111.350 39.952
-111.655 40.240
-111.681 40.255
-111.758 40.396
-111.901 39.952
-111.775 40.373
-111.630 40.126
-111.772 40.380
-111.604 40.161
-111.664 40.255
-112.000 40.371
-111.808 40.445
-111.561 40.143
-111.728 40.361
-111.620 40.094
-111.648 40.049
-111.761 40.456
-111.626 40.103
-111.700 40.253
-111.815 40.388
-111.878 40.381
-111.640 40.249
-111.652 40.259
-111.682 40.239
-111.728 40.258
-111.810 40.363
-111.680 40.316
-111.674 40.262
-111.703 40.301
-111.715 40.330
-111.650 40.306
-111.562 40.148
-111.911 40.380
-111.594 40.166
-111.702 40.241
-111.712 40.236
-111.721 40.373
-111.572 40.116
-111.769 40.376
-112.005 39.973
-111.687 40.294
-111.829 40.397
-111.962 40.351
-111.633 40.161
-111.842 40.405
-111.694 40.307
-111.605 40.169
-111.828 40.417
-111.674 40.326
-111.675 40.293
-111.767 40.377
-111.594 40.080
-111.701 40.323
-111.720 40.294
-111.686 40.040
-111.850 40.397
-111.801 40.378
-111.689 40.255
-111.601 40.180
-111.716 40.338
-111.657 40.246
-111.641 40.177
-111.647 40.266
-111.636 40.098
-111.669 40.245
-111.866 40.379
-111.758 40.446
-111.685 40.242
-111.873 40.423
-111.646 40.243
-111.900 40.356
-111.755 40.379
-111.420 40.217
-111.695 40.286
-111.779 40.388
-111.704 40.330
-111.677 40.065
-111.654 40.290
-111.601 40.358
-111.658 40.319
-111.663 40.245
-112.010 40.281
-111.773 40.374
-111.581 40.161
-111.781 40.052
-112.088 40.274
-111.814 40.398
-111.587 40.202
-111.671 40.258
-111.703 40.266
-111.711 40.323
-111.607 40.179
-111.679 40.306
-111.663 40.236
-111.669 40.303
-111.708 40.247
-111.831 40.410
-111.757 40.422
-111.705 40.356
-111.645 40.227
-111.655 40.235
-111.775 40.446
-111.638 40.270
-111.671 40.500
-111.772 40.385
-111.784 40.368
-111.862 40.387
-111.652 40.113
-111.982 40.382
-111.690 40.301
-111.635 40.084
-111.678 40.301
-111.708 40.019
-111.717 40.349
-111.409 40.477
-111.487 40.519
-111.421 40.387
-111.398 40.511
-111.409 40.512
-111.400 40.522
-111.418 40.461
-111.400 40.471
-111.415 40.518
-111.466 40.467
-111.421 40.479
-111.413 40.479
-111.420 40.514
-111.420 40.508
-111.142 40.148
-111.422 40.503
-111.404 40.504
-111.083 40.341
-111.472 40.502
-111.453 40.472
-111.520 40.514
-111.467 40.527
-111.371 40.453
-111.413 40.466
-111.431 40.501
-111.373 40.521
-111.434 40.476
-111.376 40.495
-111.413 40.481
-111.402 40.497
-111.155 40.541
-111.329 40.448
-111.417 40.488
-111.398 40.497
-109.548 40.416
-109.547 40.459
-109.453 40.405
-109.491 40.408
-109.678 40.666
-109.523 40.461
-109.935 40.290
-109.802 40.499
-109.605 40.471
-109.473 40.365
-109.584 40.497
-109.421 40.631
-109.553 40.453
-109.533 40.463
-109.842 40.310
-109.546 40.496
-109.864 40.478
-109.533 40.447
-109.516 40.451
-109.527 40.420
-109.582 40.437
-109.582 40.449
-109.742 39.806
-109.216 40.387
-109.553 40.443
-109.616 40.406
-109.942 40.505
-109.576 40.466
-109.491 40.432
-109.354 39.885
-111.637 39.265
-111.557 39.417
-111.637 39.259
-111.470 39.484
-111.801 39.168
-111.584 39.362
-111.566 39.478
-111.584 39.359
-111.661 39.487
-111.534 39.099
-111.491 39.787
-111.360 39.707
-111.619 39.637
-111.631 39.361
-111.466 39.534
-111.876 39.282
-111.878 39.137
-111.555 39.360
-111.583 39.368
-111.828 39.109
-111.640 39.628
-111.930 39.177
-111.498 39.525
-111.492 39.480
-111.827 39.155
-111.638 39.273
-111.807 39.155
-111.580 39.348
-111.642 39.273
-111.819 39.128
-111.447 39.540
-111.556 39.522
-111.453 39.551
-111.918 39.081
-111.465 39.721
-111.709 39.120
-111.577 39.527
-111.335 39.521
-111.648 39.548
-111.643 39.252
-111.691 39.193
-111.854 39.227
-111.431 39.265
-111.437 39.626
-111.682 39.204
-111.373 39.621
-111.771 39.146
-111.439 39.634
-111.587 39.527
-111.608 39.344
-111.569 39.267
-111.675 39.253
-111.410 39.572
-111.636 39.486
-112.296 40.633
-112.290 40.560
-112.292 40.546
-112.310 40.636
-112.238 40.632
-112.280 40.545
-112.350 40.083
-112.855 40.346
-112.337 40.528
-112.301 40.517
-112.277 40.553
-113.285 40.154
-112.298 40.458
-112.274 40.661
-112.300 40.536
-112.305 40.549
-112.324 40.569
-112.309 40.628
-112.336 40.603
-112.310 40.519
-112.742 40.236
-112.474 40.661
-113.396 40.860
-112.301 40.645
-112.309 40.529
-112.290 40.537
-112.224 40.558
-113.688 40.400
-112.233 40.489
-112.277 40.536
-112.306 40.559
-112.278 40.601
-112.290 40.531
-112.460 40.597
-112.410 40.598
-112.469 40.845
-112.289 40.525
-112.291 40.337
-112.298 40.627
-112.428 40.577
-112.568 40.600
-112.320 40.540
-112.275 40.526
-112.303 40.654
-112.317 40.517
-112.471 40.493
-112.487 40.303
-112.329 40.506
-112.374 40.447
-109.930 37.222
-109.136 37.926
-109.539 38.318
-109.495 37.473
-109.268 37.095
-109.723 37.806
-109.117 37.245
-109.315 38.441
-109.569 37.196
-110.375 37.135
-110.901 37.073
-110.391 37.521
-109.689 37.605
-109.334 37.871
-109.830 37.495
-109.340 37.643
-109.134 37.626
-109.258 37.492
-109.329 37.321
-109.603 38.046
-112.065 41.157
-111.915 41.137
-112.030 41.157
-111.966 41.307
-112.330 41.166
-112.003 41.224
-111.976 41.311
-111.975 41.177
-111.953 41.240
-111.890 38.974
-112.095 38.765
-112.065 38.832
-111.906 38.905
-112.036 38.588
-112.133 38.573
-111.658 38.599
-112.053 38.766
-111.968 38.830
-112.162 38.762
-112.104 38.704
-112.063 38.792
-111.980 41.285
-111.889 41.247
-111.985 41.163
-112.065 41.175
-112.094 38.772
-111.799 38.978
-111.554 38.853
-112.023 38.678
-112.169 38.706
-112.078 38.740
-112.087 38.773
-111.914 39.014
-112.017 38.935
-112.154 38.811
-112.333 38.599
-112.107 38.736
-111.952 41.280
-112.032 41.180
-111.964 38.725
-112.196 41.272
-111.913 41.358
-112.050 41.188
-111.952 41.255
-112.043 41.157
-111.965 41.248
-112.011 41.180
-111.996 41.170
-112.007 41.208
-111.981 41.223
-111.941 41.314
-111.963 41.312
-112.076 41.164
-112.019 41.281
-112.061 41.161
-111.945 41.162
-111.929 41.172
-111.946 41.327
-112.047 41.191
-111.948 41.262
-112.029 41.191
-112.065 41.171
-112.031 41.165
-111.940 41.229
-111.797 41.263
-111.980 41.248
-112.072 41.330
-111.946 41.215
-111.972 41.292
-111.774 41.260
-111.950 41.296
-111.994 41.185
-111.961 41.301
-112.038 41.169
-111.951 41.204
-111.964 41.188
-112.050 41.157
-112.010 41.330
-112.024 41.298
-112.022 41.180
-112.162 41.193
-112.072 41.175
-111.965 41.240
-112.069 41.313
-111.943 41.242
-112.077 41.169
-112.088 41.220
-112.013 41.162
-111.955 41.159
-111.978 41.324
-111.977 41.183
-111.973 41.287
-111.957 41.291
-112.078 41.163
-111.964 41.280
-111.974 41.259
-111.976 41.299
-111.972 41.295
-111.965 41.271
-111.964 41.200
-111.938 41.184
-111.931 41.228
-112.080 41.154
-111.965 41.231
-111.964 41.291
-112.086 41.170
-111.948 41.154
-111.953 41.218
-112.048 41.186
-111.951 41.231
-111.967 41.332
-111.938 41.208
-111.957 41.229
-111.939 41.141
-111.947 41.293
-111.951 41.294
-111.958 41.290
-112.057 41.166
-111.955 41.301
-111.940 41.192
-111.939 41.202
-111.965 41.207
-111.956 41.205
-111.638 41.298
-111.967 41.181
-111.996 41.340
-111.963 41.171
-112.009 41.207
-111.951 41.270
-111.940 41.215
-111.834 41.359
-112.032 41.225
-112.031 41.173
-112.060 41.169
-111.947 41.301
-112.039 41.185
-112.056 41.183
-112.082 41.252
-111.951 41.291
-111.936 41.256
-111.959 41.152
-112.061 41.298
-111.953 41.213
-112.008 41.216
-111.965 41.222
-112.018 41.316
-111.951 41.192
-112.017 41.253
-111.954 41.248
-111.980 41.275
-111.977 41.170
-111.983 41.239
-112.036 41.157
-112.032 41.197
-111.992 41.289
-112.065 41.165
-112.103 41.308
-112.061 41.179
-111.954 41.223
-111.949 41.141
-112.054 41.307
-111.961 41.263
-111.949 41.290
-112.050 41.269
-111.999 41.315
-111.963 41.255
-111.933 41.143
-111.890 41.157
-111.970 41.287
-111.975 41.302
-111.925 41.152
-112.051 41.176
-111.989 41.300
-112.060 41.175
-112.023 41.190
-112.038 41.321
-112.057 41.195
-111.988 41.171
-111.943 41.304
-111.953 41.312
-111.956 41.174
-111.963 41.194
-112.054 41.165
-111.981 41.203
-112.156 41.163
-111.945 41.312
-111.803 41.312
-112.018 41.208
-112.088 41.192
-111.975 41.320
-111.966 41.214
-111.983 41.178
-111.997 41.193
-111.961 41.165
-111.932 41.166
-111.959 41.214
-111.953 41.180
-111.988 41.325
-111.933 41.216
-112.078 41.160
-112.024 41.165
-111.957 41.289
-111.938 41.308
-112.036 41.284
-112.113 41.170
-111.943 41.256
-112.049 41.302
-111.956 41.194
-111.801 41.269
-111.959 41.320
-111.975 41.295
-111.960 41.182
-111.997 41.263
-112.064 41.291
-111.974 41.161
-111.943 41.174
-111.934 41.243
-111.945 41.229
-111.975 41.192
-112.043 41.171
-111.934 41.158
-111.789 40.528
-111.981 40.440
-112.146 40.476
-112.133 40.542
-112.127 40.611
-111.797 40.820
-111.866 40.817
-112.034 40.863
-112.161 40.772
-112.148 40.673
-111.790 40.589
-111.876 40.487
-111.888 40.488
-111.839 40.551
-111.820 40.542
-111.836 40.594
-111.879 40.591
-111.843 40.602
-111.924 40.647
-111.869 40.634
-111.876 40.634
-111.808 40.679
-111.813 40.678
-111.788 40.678
-111.837 40.670
-111.940 40.496
-111.920 40.554
-111.934 40.542
-111.938 40.549
-112.030 40.627
-112.029 40.617
-111.928 40.614
-111.933 40.634
-111.972 40.635
-111.951 40.634
-111.959 40.650
-111.820 40.690
-111.828 40.693
-111.799 40.697
-111.807 40.697
-111.830 40.714
-111.805 40.725
-111.813 40.721
-111.818 40.724
-111.874 40.738
-111.893 40.746
-111.867 40.745
-111.877 40.746
-111.847 40.774
-111.858 40.777
-111.868 40.776
-111.886 40.772
-112.020 40.678
-112.010 40.679
-112.030 40.635
-112.030 40.677
-112.038 40.706
-112.079 40.704
-112.074 40.686
-112.075 40.694
-112.067 40.692
-112.075 40.699
-112.066 40.702
-112.093 40.700
-112.086 40.700
-112.087 40.711
-112.097 40.711
-112.106 40.712
-111.800 40.588
-111.794 40.599
-111.785 40.611
-111.898 40.498
-111.890 40.517
-111.824 40.553
-111.828 40.566
-111.824 40.573
-111.850 40.606
-111.839 40.587
-111.841 40.592
-111.844 40.642
-111.851 40.645
-111.896 40.631
-111.907 40.632
-111.783 40.685
-111.794 40.684
-111.979 40.492
-111.957 40.477
-111.955 40.485
-111.953 40.549
-111.953 40.558
-111.939 40.558
-111.947 40.541
-111.941 40.612
-112.042 40.578
-111.953 40.584
-111.982 40.604
-111.945 40.649
-111.954 40.649
-111.954 40.640
-111.977 40.665
-111.817 40.697
-111.787 40.701
-111.824 40.723
-111.832 40.722
-111.838 40.721
-111.821 40.729
-111.819 40.760
-111.839 40.754
-111.857 40.751
-111.856 40.754
-111.881 40.772
-111.883 40.775
-111.876 40.774
-111.843 40.779
-112.040 40.635
-112.062 40.666
-111.934 40.686
-112.074 40.717
-112.087 40.689
-112.097 40.694
-112.101 40.701
-112.108 40.699
-112.089 40.478
-111.799 40.603
-111.806 40.599
-111.908 40.514
-111.850 40.526
-111.857 40.496
-111.876 40.505
-111.874 40.512
-111.849 40.548
-111.829 40.577
-111.826 40.549
-111.849 40.600
-111.856 40.606
-111.829 40.587
-111.915 40.645
-111.911 40.639
-111.873 40.641
-111.802 40.685
-111.811 40.684
-111.848 40.655
-111.926 40.471
-111.963 40.495
-111.978 40.471
-112.002 40.526
-112.039 40.503
-112.004 40.534
-111.969 40.558
-111.969 40.549
-111.990 40.540
-111.983 40.556
-111.964 40.584
-111.980 40.589
-111.996 40.583
-112.001 40.595
-111.974 40.656
-111.937 40.642
-111.934 40.649
-111.800 40.704
-111.809 40.704
-111.818 40.702
-111.828 40.730
-111.814 40.731
-111.836 40.732
-111.864 40.753
-111.870 40.752
-111.874 40.756
-111.878 40.752
-111.885 40.746
-111.869 40.781
-111.874 40.780
-111.880 40.779
-111.888 40.783
-111.942 40.686
-111.945 40.693
-111.926 40.691
-111.793 40.611
-111.813 40.606
-111.805 40.607
-111.862 40.524
-111.868 40.492
-111.860 40.510
-111.836 40.582
-111.820 40.585
-111.894 40.591
-111.859 40.588
-111.869 40.590
-111.928 40.630
-111.884 40.636
-111.918 40.632
-111.839 40.654
-111.842 40.663
-111.849 40.665
-112.021 40.498
-112.016 40.487
-112.047 40.482
-112.045 40.544
-112.028 40.555
-111.977 40.564
-111.942 40.598
-111.990 40.599
-111.933 40.591
-111.942 40.584
-111.943 40.655
-111.961 40.643
-111.967 40.644
-111.977 40.642
-111.830 40.698
-111.829 40.701
-111.806 40.710
-111.822 40.737
-111.828 40.737
-111.834 40.738
-111.809 40.738
-111.885 40.753
-111.855 40.758
-111.860 40.757
-111.860 40.760
-111.881 40.758
-111.860 40.792
-111.874 40.788
-111.935 40.691
-111.932 40.696
-111.949 40.687
-111.801 40.613
-111.811 40.612
-111.827 40.604
-111.874 40.517
-111.876 40.523
-111.856 40.516
-111.829 40.527
-111.795 40.560
-111.850 40.583
-111.848 40.587
-111.866 40.599
-111.866 40.595
-111.875 40.603
-111.896 40.638
-111.928 40.639
-111.926 40.639
-111.857 40.645
-111.845 40.660
-111.847 40.670
-111.858 40.662
-112.013 40.491
-112.028 40.496
-112.030 40.504
-112.049 40.503
-111.971 40.541
-112.003 40.540
-111.991 40.550
-111.997 40.544
-111.965 40.592
-112.008 40.596
-111.978 40.584
-111.982 40.649
-111.973 40.650
-111.964 40.650
-111.914 40.669
-111.819 40.708
-111.825 40.708
-111.831 40.706
-111.714 40.809
-111.709 40.733
-111.817 40.739
-111.813 40.745
-111.841 40.763
-111.891 40.774
-111.894 40.779
-111.896 40.776
-111.921 40.777
-111.955 40.689
-111.963 40.685
-111.973 40.686
-111.963 40.693
-111.827 40.609
-111.839 40.610
-111.867 40.534
-111.881 40.532
-111.876 40.541
-111.828 40.545
-111.849 40.594
-111.867 40.555
-111.834 40.572
-111.885 40.600
-111.877 40.596
-111.863 40.606
-111.863 40.645
-111.884 40.646
-111.874 40.646
-111.859 40.672
-111.858 40.667
-111.863 40.670
-111.851 40.677
-112.026 40.512
-112.027 40.526
-111.925 40.525
-111.999 40.564
-111.914 40.566
-111.934 40.573
-111.922 40.597
-111.932 40.584
-111.950 40.593
-111.911 40.672
-111.921 40.669
-111.928 40.659
-111.919 40.663
-111.868 40.693
-111.840 40.690
-111.844 40.696
-111.805 40.748
-111.824 40.747
-111.834 40.745
-111.825 40.779
-111.857 40.762
-111.866 40.757
-111.934 40.774
-111.932 40.780
-112.026 40.796
-111.945 40.775
-111.944 40.781
-111.977 40.691
-111.963 40.704
-111.959 40.700
-111.972 40.700
-111.851 40.614
-111.852 40.624
-111.820 40.616
-111.888 40.541
-111.696 40.569
-111.848 40.597
-111.865 40.561
-111.878 40.563
-111.858 40.555
-111.858 40.548
-111.875 40.548
-111.868 40.605
-111.877 40.609
-111.840 40.535
-111.897 40.648
-111.875 40.653
-111.884 40.652
-111.846 40.679
-111.851 40.684
-111.855 40.677
-111.857 40.681
-111.922 40.511
-111.936 40.505
-111.924 40.576
-111.972 40.577
-111.934 40.566
-111.938 40.579
-111.933 40.601
-111.966 40.605
-111.942 40.606
-111.935 40.658
-111.932 40.667
-111.944 40.662
-111.951 40.660
-111.850 40.690
-111.854 40.695
-111.860 40.690
-111.836 40.749
-111.846 40.709
-111.858 40.702
-111.864 40.704
-111.866 40.760
-111.865 40.764
-111.870 40.763
-111.874 40.763
-111.841 40.706
-111.915 40.776
-111.919 40.788
-111.925 40.786
-111.982 40.700
-111.982 40.685
-111.977 40.695
-111.933 40.703
-111.829 40.616
-111.820 40.621
-111.829 40.621
-111.838 40.617
-111.864 40.564
-111.805 40.561
-111.849 40.555
-111.882 40.570
-111.887 40.548
-111.859 40.612
-111.860 40.622
-111.864 40.614
-111.892 40.652
-111.906 40.651
-111.906 40.645
-111.914 40.651
-111.852 40.653
-111.863 40.681
-111.869 40.671
-111.868 40.681
-111.964 40.504
-111.951 40.517
-111.935 40.517
-111.953 40.577
-111.943 40.570
-111.953 40.569
-111.972 40.570
-111.974 40.603
-111.966 40.599
-111.963 40.613
-111.935 40.674
-111.955 40.660
-111.962 40.663
-111.970 40.661
-111.861 40.697
-111.869 40.689
-111.834 40.692
-111.851 40.710
-111.857 40.709
-111.865 40.708
-111.844 40.714
-111.855 40.765
-111.869 40.768
-111.860 40.768
-111.875 40.768
-111.880 40.766
-111.885 40.765
-111.934 40.787
-111.897 40.785
-111.931 40.714
-111.944 40.712
-111.841 40.622
-111.849 40.619
-111.859 40.628
-111.797 40.619
-111.804 40.576
-111.816 40.566
-111.769 40.572
-111.889 40.555
-111.847 40.565
-111.842 40.570
-111.883 40.606
-111.865 40.617
-111.873 40.617
-111.859 40.652
-111.862 40.658
-111.868 40.650
-111.868 40.658
-111.874 40.678
-111.874 40.685
-111.880 40.678
-111.880 40.684
-111.886 40.683
-111.945 40.516
-111.990 40.522
-111.946 40.505
-111.982 40.570
-111.982 40.577
-111.963 40.577
-111.961 40.567
-111.978 40.617
-111.934 40.621
-111.983 40.659
-111.946 40.671
-111.920 40.679
-111.934 40.680
-111.901 40.684
-111.836 40.703
-111.845 40.702
-111.862 40.715
-111.857 40.716
-111.837 40.729
-111.836 40.727
-111.848 40.728
-111.850 40.717
-111.891 40.731
-111.893 40.738
-111.899 40.732
-111.911 40.734
-111.910 40.790
-111.928 40.812
-111.960 40.716
-111.980 40.707
-111.993 40.719
-111.821 40.610
-111.807 40.621
-111.813 40.619
-111.811 40.626
-111.801 40.626
-111.860 40.567
-111.788 40.578
-111.843 40.578
-111.853 40.572
-111.888 40.601
-111.894 40.603
-111.897 40.597
-111.901 40.602
-111.914 40.608
-111.869 40.663
-111.877 40.660
-111.908 40.663
-111.799 40.637
-111.830 40.636
-111.817 40.636
-111.960 40.518
-111.970 40.514
-111.988 40.533
-112.013 40.495
-111.990 40.569
-112.007 40.574
-111.995 40.579
-111.992 40.575
-111.925 40.623
-111.953 40.613
-111.962 40.620
-111.926 40.674
-111.943 40.678
-111.926 40.684
-111.953 40.676
-111.848 40.705
-111.861 40.706
-111.853 40.701
-111.863 40.702
-111.855 40.705
-111.868 40.700
-111.846 40.721
-111.847 40.729
-111.848 40.731
-111.859 40.731
-111.865 40.727
-111.916 40.740
-111.926 40.737
-111.922 40.794
-111.945 40.800
-111.945 40.794
-111.929 40.794
-112.002 40.687
-112.017 40.688
-112.056 40.693
-111.871 40.561
-111.818 40.556
-111.823 40.556
-111.829 40.557
-111.832 40.558
-111.833 40.557
-111.823 40.563
-111.845 40.557
-111.864 40.548
-111.853 40.574
-111.820 40.627
-111.814 40.630
-111.829 40.627
-111.831 40.630
-111.787 40.570
-111.851 40.576
-111.866 40.574
-111.876 40.599
-111.869 40.577
-111.859 40.576
-111.876 40.555
-111.912 40.601
-111.885 40.618
-111.898 40.608
-111.907 40.657
-111.917 40.656
-111.893 40.662
-111.806 40.649
-111.830 40.645
-111.817 40.645
-112.009 40.502
-111.994 40.513
-111.991 40.504
-112.017 40.505
-111.999 40.571
-112.068 40.582
-112.014 40.612
-111.921 40.584
-111.970 40.617
-111.973 40.628
-111.991 40.621
-112.020 40.656
-112.021 40.663
-112.019 40.649
-112.032 40.648
-111.869 40.707
-111.918 40.692
-111.901 40.694
-111.857 40.727
-111.839 40.738
-111.845 40.737
-111.858 40.735
-111.848 40.739
-111.851 40.735
-111.933 40.732
-111.925 40.744
-111.934 40.745
-111.934 40.799
-111.943 40.788
-111.945 40.805
-111.992 40.685
-111.998 40.694
-112.008 40.689
-111.842 40.574
-111.844 40.577
-111.894 40.570
-111.906 40.593
-111.833 40.602
-111.846 40.607
-111.851 40.603
-111.839 40.628
-111.849 40.628
-111.815 40.633
-111.829 40.633
-111.879 40.600
-111.855 40.592
-111.856 40.597
-111.839 40.604
-111.856 40.615
-111.876 40.577
-111.884 40.578
-111.891 40.564
-111.869 40.626
-111.874 40.624
-111.884 40.624
-111.870 40.669
-111.882 40.669
-111.876 40.672
-111.811 40.655
-111.826 40.656
-111.825 40.662
-111.922 40.533
-111.932 40.536
-112.020 40.599
-112.060 40.616
-112.002 40.601
-112.003 40.616
-111.989 40.585
-111.942 40.618
-111.953 40.620
-111.968 40.627
-111.990 40.644
-111.997 40.641
-112.027 40.646
-111.998 40.646
-111.880 40.691
-111.874 40.693
-111.885 40.693
-111.880 40.697
-111.852 40.739
-111.858 40.739
-111.839 40.745
-111.845 40.743
-111.851 40.744
-111.859 40.743
-111.900 40.753
-111.902 40.763
-111.917 40.755
-111.955 40.829
-111.963 40.672
-111.962 40.679
-112.026 40.688
-112.058 40.685
-111.992 40.690
-111.991 40.700
-111.889 40.604
-111.888 40.608
-111.892 40.610
-111.900 40.624
-112.019 40.473
-111.946 40.499
-111.858 40.475
-111.830 40.487
-111.898 40.535
-111.899 40.470
-111.844 40.496
-111.839 40.507
-111.819 40.538
-111.835 40.541
-111.896 40.576
-111.906 40.580
-111.820 40.593
-111.864 40.626
-111.878 40.628
-111.885 40.628
-111.893 40.624
-111.885 40.612
-111.885 40.675
-111.895 40.674
-111.808 40.664
-111.820 40.685
-111.814 40.663
-111.820 40.679
-111.929 40.528
-111.935 40.528
-112.022 40.574
-112.009 40.620
-111.953 40.607
-112.025 40.604
-111.933 40.628
-111.940 40.627
-111.959 40.628
-112.011 40.647
-112.036 40.643
-112.006 40.644
-111.879 40.703
-111.873 40.702
-111.845 40.748
-111.854 40.749
-111.863 40.747
-111.868 40.716
-111.926 40.752
-111.906 40.766
-111.973 40.671
-111.970 40.676
-111.974 40.679
-111.979 40.675
-111.996 40.708
-112.038 40.688
-112.001 40.700
-112.028 40.708
-111.995 40.557
-111.926 40.581
-112.064 40.503
-112.070 40.495
-111.941 40.633
-111.880 40.740
-111.911 40.536
-111.841 40.521
-111.849 40.534
-111.857 40.532
-111.834 40.565
-111.821 40.566
-111.877 40.584
-111.915 40.579
-111.891 40.584
-111.898 40.613
-111.894 40.618
-111.911 40.619
-111.906 40.676
-111.681 40.640
-111.817 40.599
-111.831 40.664
-111.828 40.678
-111.809 40.670
-111.829 40.684
-111.950 40.532
-111.943 40.531
-112.038 40.602
-112.066 40.600
-112.050 40.602
-112.000 40.587
-111.998 40.635
-111.949 40.627
-111.946 40.620
-111.981 40.635
-112.060 40.487
-112.062 40.523
-112.021 40.644
-111.992 40.655
-112.001 40.655
-111.992 40.663
-111.906 40.703
-111.877 40.707
-111.874 40.714
-111.863 40.722
-111.874 40.722
-111.869 40.731
-112.051 40.751
-111.982 40.747
-111.893 40.765
-111.932 40.759
-111.984 40.675
-111.995 40.669
-111.989 40.674
-112.013 40.691
-112.014 40.701
-112.016 40.709
-112.054 40.643
-112.075 40.731
-111.886 40.596
-111.953 40.510
-111.856 40.487
-111.862 40.504
-111.863 40.542
-111.869 40.548
-111.858 40.538
-111.828 40.591
-111.828 40.597
-111.815 40.588
-111.841 40.633
-111.841 40.637
-111.850 40.633
-111.812 40.593
-111.840 40.646
-111.848 40.592
-111.802 40.661
-111.815 40.673
-111.837 40.677
-111.822 40.670
-111.954 40.529
-111.967 40.526
-111.972 40.533
-111.962 40.533
-112.012 40.592
-112.006 40.628
-112.015 40.628
-112.021 40.628
-112.113 40.565
-112.095 40.565
-112.043 40.628
-111.987 40.635
-111.999 40.660
-112.002 40.665
-112.011 40.663
-112.011 40.656
-111.880 40.714
-111.890 40.715
-111.880 40.722
-111.890 40.722
-111.906 40.715
-111.872 40.729
-111.875 40.731
-111.880 40.731
-111.884 40.728
-111.919 40.765
-111.936 40.767
-111.857 40.771
-111.994 40.676
-112.002 40.672
-112.048 40.701
-112.058 40.700
-112.040 40.695
-112.031 40.693
-112.045 40.680
-111.856 40.700
-111.889 40.795
-111.980 40.628
-111.878 40.480
-111.878 40.497
-111.813 40.574
-111.849 40.541
-111.837 40.599
-111.807 40.583
-111.868 40.584
-111.852 40.637
-111.861 40.631
-111.860 40.636
-111.786 40.667
-111.797 40.675
-111.803 40.679
-111.838 40.681
-111.830 40.670
-111.839 40.685
-111.905 40.551
-111.923 40.544
-112.008 40.635
-112.014 40.635
-112.021 40.635
-112.007 40.606
-111.964 40.656
-111.947 40.640
-111.963 40.635
-111.930 40.628
-111.792 40.693
-111.806 40.688
-111.807 40.692
-111.837 40.707
-111.838 40.711
-111.822 40.716
-111.833 40.711
-111.868 40.737
-111.880 40.736
-111.886 40.736
-111.864 40.738
-111.869 40.744
-111.866 40.771
-111.869 40.772
-111.874 40.771
-111.886 40.770
-111.851 40.770
-111.999 40.680
-112.010 40.671
-112.019 40.671
-112.044 40.683
-112.029 40.700
-112.046 40.716
-112.048 40.690
-111.808 40.549
-111.817 40.581
-111.823 40.582
