-78.184 38.434
-78.143 38.352
-78.201 38.312
-78.278 38.381
-78.264 38.284
-78.365 38.355
-78.401 38.450
-78.333 38.489
-78.285 38.539
-78.464 38.039
-78.485 38.039
-78.199 37.204
-78.103 37.077
-78.122 37.173
-78.004 37.091
-77.953 37.050
-77.917 37.176
-78.024 37.163
-78.125 37.164
-78.085 37.232
-78.480 38.058
-78.490 38.023
-78.475 38.020
-78.499 38.049
-78.508 38.020
-78.511 38.029
-78.512 38.040
-83.562 36.623
-83.454 36.633
-83.348 36.648
-83.236 36.659
-83.127 36.649
-83.037 36.622
-82.947 36.699
-83.094 36.720
-83.142 36.698
-82.977 36.720
-83.044 36.751
-83.073 36.781
-83.003 36.759
-82.927 36.779
-82.834 36.775
-82.852 36.810
-82.972 36.829
-82.896 36.852
-83.056 36.824
-79.519 38.324
-79.574 38.393
-79.656 38.277
-79.598 38.504
-79.431 38.309
-79.711 38.347
-77.229 38.247
-77.307 38.292
-77.154 38.329
-77.055 38.311
-77.114 38.223
-78.374 37.583
-78.325 37.661
-78.494 37.675
-78.442 37.445
-78.410 37.534
-78.535 37.546
-78.555 37.409
-78.704 37.539
-78.624 37.685
-76.546 37.723
-76.476 37.777
-76.441 37.665
-76.275 37.628
-76.399 37.695
-76.353 37.687
-77.675 38.053
-77.755 38.145
-77.612 38.113
-77.566 38.164
-77.701 38.229
-77.619 38.225
-77.524 36.706
-77.539 36.699
-79.480 36.564
-79.329 36.896
-77.541 38.210
-77.475 38.186
-77.536 38.290
-77.665 38.338
-77.690 38.273
-77.545 38.257
-77.510 38.262
-77.485 38.259
-77.832 38.185
-77.586 38.321
-77.708 38.309
-77.616 38.278
-77.552 36.681
-77.534 36.689
-80.692 36.611
-80.632 36.616
-80.610 36.684
-80.728 36.678
-80.827 36.648
-80.637 36.773
-80.769 36.796
-80.637 36.862
-80.532 36.724
-80.758 36.722
-80.830 36.747
-80.888 36.800
-80.752 36.847
-80.826 36.689
-80.914 36.730
-80.979 36.783
-80.756 36.581
-80.833 36.609
-81.582 37.090
-81.440 37.209
-81.579 37.157
-77.583 38.280
-78.206 36.962
-78.288 36.888
-78.191 36.867
-78.149 36.941
-78.092 36.986
-78.076 36.859
-78.432 36.916
-81.520 37.207
-81.340 37.262
-81.277 37.241
-81.703 37.174
-81.615 37.182
-81.662 37.111
-81.588 37.137
-81.763 37.080
-81.774 37.164
-81.353 37.103
-81.551 37.011
-81.588 37.042
-77.525 38.276
-77.562 38.281
-77.569 38.247
-77.520 38.233
-77.447 38.254
-77.444 38.227
-78.383 36.996
-78.306 37.072
-78.192 38.871
-78.151 38.599
-78.156 38.724
-78.256 38.661
-81.357 37.157
-81.364 37.195
-81.770 37.011
-81.688 37.074
-81.859 37.126
-81.804 37.116
-81.444 37.253
-81.350 37.307
-81.380 37.288
-78.104 38.790
-78.030 38.694
-78.131 38.852
-79.493 36.676
-79.441 36.704
-79.386 36.722
-79.362 36.835
-79.362 36.797
-79.534 36.773
-79.485 36.630
-79.558 36.684
-79.275 36.659
-79.444 37.783
-79.406 36.651
-79.578 36.849
-79.541 36.969
-79.459 36.855
-79.361 36.935
-79.380 37.030
-79.221 36.834
-79.153 36.978
-79.253 36.737
-79.357 36.694
-79.223 37.008
-79.465 36.758
-79.265 36.587
-79.280 37.091
-79.613 36.732
-79.653 36.587
-79.620 36.649
-79.547 36.580
-76.708 36.985
-76.609 36.975
-76.641 37.053
-76.545 36.979
-76.672 36.911
-76.674 36.862
-76.805 36.856
-76.738 36.804
-76.827 36.773
-76.829 36.723
-76.894 36.693
-76.799 36.957
-76.517 36.938
-77.525 36.686
-77.549 36.704
-77.547 36.690
-78.948 38.433
-77.443 38.768
-77.446 38.774
-78.252 37.023
-78.222 37.011
-81.753 36.913
-81.553 36.938
-81.677 36.798
-81.560 36.836
-81.623 36.846
-81.490 36.812
-81.594 36.796
-81.509 36.884
-81.390 36.879
-81.568 36.738
-81.647 36.727
-81.494 36.857
-81.383 36.780
-81.589 36.672
-76.919 37.897
-76.858 37.917
-76.802 37.819
-77.027 38.017
-76.948 36.698
-76.929 36.693
-76.953 36.684
-76.941 36.668
-76.921 36.670
-76.924 36.659
-82.693 36.611
-82.568 36.617
-82.618 36.647
-82.526 36.642
-82.794 36.646
-82.427 36.707
-82.427 36.645
-82.472 36.771
-82.345 36.635
-82.398 36.763
-82.575 36.696
-78.402 39.160
-82.599 36.807
-82.483 36.842
-82.667 36.680
-82.710 36.760
-82.828 36.710
-78.392 37.292
-78.390 37.272
-78.411 37.298
-78.299 37.271
-78.323 37.168
-78.481 37.180
-78.451 37.290
-78.601 37.221
-78.556 37.304
-78.416 37.125
-78.182 39.087
-78.285 39.370
-78.257 39.111
-78.295 39.050
-78.195 39.283
-78.224 39.044
-78.114 39.206
-78.075 39.249
-78.126 39.142
-78.148 39.108
-78.306 39.279
-78.136 39.262
-78.107 39.183
-78.131 39.176
-78.101 39.165
-82.904 36.640
-81.213 37.139
-81.140 37.222
-81.068 37.126
-81.301 37.039
-81.010 37.069
-80.914 37.149
-80.978 37.203
-78.190 39.127
-78.305 39.156
-78.174 39.057
-78.879 38.414
-78.844 38.443
-78.872 38.466
-78.895 38.436
-78.865 38.436
-78.864 38.533
-78.779 38.502
-78.855 38.390
-79.871 37.312
-79.960 37.334
-79.945 37.331
-79.951 37.352
-79.924 37.338
-79.893 36.685
-79.861 36.681
-79.885 36.693
-79.862 36.701
-79.846 36.660
-79.889 37.326
-80.024 37.188
-80.018 37.243
-80.006 37.240
-79.879 36.677
-78.412 38.742
-78.381 38.680
-78.441 38.589
-78.556 38.606
-78.568 38.491
-80.000 37.232
-80.009 37.215
-79.886 37.284
-79.860 37.282
-79.888 37.270
-79.892 37.223
-79.959 37.178
-79.997 37.210
-79.978 37.210
-79.989 37.228
-80.097 37.305
-80.054 37.244
-80.026 37.222
-77.103 37.903
-77.022 37.788
-76.846 37.709
-76.714 37.500
-76.736 37.588
-78.391 37.833
-78.286 37.940
-78.332 37.930
-78.176 37.870
-78.284 37.768
-78.322 37.907
-76.467 37.927
-76.541 37.991
-76.269 37.860
-76.402 37.891
-76.409 37.816
-77.319 38.845
-76.290 37.761
-77.298 38.840
-77.303 38.855
-77.291 38.865
-77.282 38.851
-77.825 37.107
-77.703 37.075
-77.715 36.977
-77.650 37.204
-77.541 37.219
-77.321 38.860
-77.587 37.069
-77.532 37.183
-77.460 37.165
-77.494 37.037
-77.565 36.959
-77.614 37.131
-77.423 37.088
-77.475 37.211
-79.905 37.296
-79.968 37.318
-79.989 37.245
-79.941 37.232
-79.917 37.258
-80.066 37.357
-80.166 37.361
-80.146 37.296
-80.142 37.326
-80.140 37.238
-80.036 37.328
-79.996 37.330
-79.977 37.347
-80.081 37.201
-80.142 37.155
-76.827 37.165
-76.730 37.114
-76.844 37.050
-77.000 37.115
-76.843 37.162
-76.955 37.190
-76.927 37.012
-76.460 37.072
-76.452 37.092
-76.383 36.979
-76.414 37.024
-76.391 37.034
-76.416 37.038
-76.391 37.003
-76.375 37.017
-76.359 37.036
-76.353 37.026
-76.334 37.012
-76.346 37.021
-76.354 36.975
-76.392 37.054
-76.404 37.074
-76.320 37.037
-76.323 37.003
-76.248 37.025
-76.379 36.994
-76.398 37.017
-78.837 37.960
-78.838 37.774
-78.854 37.676
-78.722 37.740
-78.868 37.583
-78.913 37.890
-78.998 37.783
-82.210 36.604
-82.163 36.605
-82.179 36.613
-76.331 37.050
-76.311 37.052
-78.811 37.849
-79.101 37.860
-82.132 36.630
-82.125 36.648
-76.307 37.044
-76.333 37.060
-76.316 37.078
-76.344 37.064
-76.439 37.053
-76.219 37.088
-76.365 37.085
-76.418 37.050
-76.437 37.033
-76.436 37.077
-76.356 37.048
-80.638 37.199
-80.585 37.159
-80.681 37.161
-80.633 37.094
-80.770 37.144
-80.609 37.010
-80.767 36.984
-80.753 37.037
-80.691 37.056
-80.739 37.068
-80.836 37.070
-80.703 36.938
-76.373 36.812
-76.349 36.824
-76.357 36.830
-77.306 38.641
-77.297 38.668
-76.349 36.838
-76.373 36.794
-76.389 36.822
-76.382 36.831
-77.282 38.688
-77.317 38.634
-76.392 36.811
-76.370 36.826
-76.381 36.848
-77.327 38.641
-77.238 38.649
-76.371 36.912
-76.376 36.856
-77.243 38.625
-77.258 38.616
-77.181 38.882
-77.179 38.892
-77.169 38.884
-77.158 38.877
-76.357 36.869
-76.386 36.876
-76.404 36.871
-77.263 38.656
-77.447 38.682
-77.439 38.592
-77.295 38.557
-77.625 38.810
-77.188 38.888
-77.148 38.869
-77.616 38.783
-77.662 38.797
-77.604 38.779
-77.586 38.775
-77.360 38.654
-77.411 38.735
-77.388 38.693
-77.357 38.667
-79.557 37.799
-79.473 37.743
-79.410 37.723
-79.556 37.672
-79.623 37.725
-77.381 38.626
-77.390 38.621
-77.300 38.615
-77.278 38.573
-77.479 38.753
-79.511 37.598
-79.393 37.671
-79.493 37.875
-79.427 37.819
-79.503 37.979
-79.393 37.845
-79.334 37.789
-79.294 37.861
-79.379 37.942
-79.302 37.926
-79.212 37.856
-79.485 37.671
-77.345 38.669
-77.333 38.655
-82.804 36.931
-82.700 36.981
-77.326 38.597
-77.355 38.706
-77.337 38.685
-77.308 38.698
-82.707 36.864
-82.788 36.860
-82.640 37.106
-82.629 37.007
-82.548 37.018
-82.566 37.082
-82.556 36.935
-82.462 36.983
-82.441 36.919
-82.344 36.927
-76.300 36.820
-76.301 36.838
-77.322 38.688
-77.301 38.691
-77.306 38.677
-76.320 36.841
-76.311 36.845
-76.330 36.854
-77.323 38.670
-77.360 38.626
-77.342 38.634
-77.321 38.550
-76.335 36.831
-76.348 36.847
-76.324 36.825
-77.323 38.567
-77.311 38.591
-77.271 38.600
-77.322 38.526
-77.329 38.614
-77.353 38.611
-76.310 36.812
-76.324 36.798
-77.323 38.622
-77.648 38.901
-77.556 38.741
-76.319 36.806
-76.343 36.802
-76.354 36.794
-77.505 38.796
-77.675 38.843
-77.592 38.813
-77.485 38.790
-77.280 38.662
-76.364 36.803
-76.339 36.811
-76.343 36.817
-77.260 38.664
-77.279 38.637
-77.117 38.822
-77.070 38.831
-79.992 37.799
-79.983 37.768
-79.252 37.342
-79.237 37.323
-79.271 37.317
-79.252 37.295
-79.100 37.355
-79.114 37.266
-79.015 37.354
-79.092 37.129
-79.185 37.283
-78.950 37.083
-77.080 38.838
-77.063 38.832
-79.995 37.761
-79.987 37.788
-79.978 37.793
-79.288 37.247
-79.176 37.333
-79.327 37.157
-79.286 37.123
-79.202 37.185
-79.009 37.244
-78.903 37.182
-77.109 38.815
-77.118 38.838
-77.107 38.838
-77.131 38.810
-77.123 38.831
-77.128 38.815
-77.135 38.823
-76.745 37.287
-76.769 37.213
-76.775 37.325
-76.737 37.235
-77.139 38.806
-77.047 38.821
-77.065 38.814
-76.640 37.205
-76.780 37.375
-76.765 37.289
-76.777 37.245
-76.828 37.307
-77.079 38.826
-77.094 38.825
-77.122 38.805
-76.669 37.241
-76.850 37.387
-76.743 37.411
-76.609 37.223
-78.893 38.086
-78.882 38.060
-76.750 37.324
-76.806 37.264
-76.713 37.225
-76.670 37.260
-76.853 37.242
-76.740 37.275
-78.906 38.059
-78.926 38.071
-77.042 38.821
-77.502 38.304
-77.477 38.286
-77.043 38.805
-77.053 38.808
-77.055 38.834
-77.471 38.307
-77.486 38.317
-77.457 38.288
-77.044 38.793
-77.060 38.799
-77.078 38.808
-77.058 38.819
-77.099 38.812
-77.495 38.778
-77.620 38.830
-77.577 38.848
-77.476 38.657
-77.413 38.658
-77.377 38.670
-77.385 38.657
-77.430 38.675
-77.364 38.640
-77.520 38.759
-77.541 38.668
-77.482 38.710
-77.605 38.718
-77.441 38.720
-77.553 38.764
-77.440 38.774
-77.591 38.746
-77.543 38.792
-77.520 38.786
-77.674 36.605
-77.559 36.657
-77.436 36.593
-77.509 36.705
-77.620 36.692
-77.595 36.747
-77.506 36.802
-77.436 37.577
-77.442 37.578
-77.427 37.576
-77.504 37.526
-77.484 37.524
-77.478 37.538
-77.604 36.818
-79.996 36.750
-77.478 37.511
-77.500 37.512
-77.541 37.542
-77.523 37.546
-77.578 37.545
-77.462 37.523
-80.057 36.766
-79.965 36.805
-80.036 36.712
-79.963 36.629
-79.895 36.579
-79.943 36.697
-79.893 36.636
-79.812 36.572
-79.721 36.690
-79.752 36.616
-79.807 36.686
-79.710 36.769
-79.858 36.630
-79.836 36.715
-79.799 36.759
-79.916 36.704
-79.875 36.775
-77.543 37.805
-77.461 37.515
-77.429 37.501
-77.486 37.502
-77.421 37.549
-77.403 37.547
-79.925 36.723
-79.930 36.766
-79.886 36.726
-79.974 36.767
-80.012 36.605
-79.924 36.655
-77.398 37.694
-77.471 37.760
-77.425 37.759
-77.494 37.708
-77.417 37.664
-77.332 37.650
-77.644 37.911
-77.410 37.545
-77.400 37.535
-77.504 37.500
-77.518 37.509
-77.408 37.687
-77.415 37.675
-77.678 37.801
-77.485 37.855
-77.580 37.739
-77.374 37.759
-77.385 37.612
-77.397 37.636
-77.175 37.633
-77.277 37.690
-77.243 37.572
-77.511 37.491
-77.408 37.529
-77.458 37.498
-77.345 37.612
-77.310 37.589
-77.486 37.570
-77.444 37.593
-77.417 37.563
-77.479 37.492
-77.367 37.601
-77.256 37.616
-77.720 37.737
-77.308 37.616
-77.368 37.655
-77.515 37.574
-77.530 37.578
-77.460 37.599
-77.359 37.493
-77.419 37.574
-77.418 37.531
-77.442 37.474
-77.439 37.502
-77.313 37.629
-77.343 37.709
-77.246 37.660
-77.333 37.625
-77.508 37.556
-77.506 37.570
-77.443 37.511
-77.479 37.467
-77.469 37.480
-77.348 37.627
-77.348 37.587
-77.485 37.724
-77.442 37.711
-77.493 37.563
-77.481 37.558
-77.495 37.575
-77.495 37.479
-77.470 37.591
-77.402 37.517
-77.470 37.566
-77.478 37.564
-77.452 37.582
-77.485 37.549
-76.447 37.557
-76.555 37.601
-76.657 37.649
-76.580 37.653
-76.470 37.601
-76.653 37.720
-76.294 37.561
-77.448 37.563
-77.461 37.575
-77.457 37.558
-77.461 37.551
-77.470 37.555
-77.465 37.546
-77.458 37.535
-77.448 37.545
-77.446 37.551
-77.436 37.538
-77.437 37.553
-77.439 37.564
-77.430 37.561
-77.522 37.519
-77.454 37.594
-77.571 36.588
-79.993 37.255
-80.017 37.257
-79.970 37.248
-79.948 37.241
-79.964 37.240
-79.941 37.292
-80.048 37.265
-76.458 36.844
-76.514 36.791
-76.485 36.908
-76.502 36.851
-76.414 36.899
-76.576 36.848
-76.617 36.792
-76.769 36.683
-76.606 36.752
-76.676 36.710
-76.522 36.749
-76.524 36.689
-76.548 36.606
-76.626 36.681
-76.561 36.734
-76.667 36.594
-76.593 36.733
-76.577 36.735
-76.822 36.604
-76.593 36.717
-76.446 36.894
-76.684 36.755
-79.959 37.280
-79.961 37.272
-79.941 37.282
-79.921 37.271
-79.950 37.263
-80.006 37.284
-79.980 37.290
-78.284 38.894
-78.086 38.964
-78.206 38.923
-78.272 38.940
-78.206 38.984
-78.147 38.903
-79.933 37.297
-79.952 37.298
-79.942 37.310
-78.199 38.936
-78.264 38.995
-78.233 38.810
-78.308 38.833
-78.123 38.983
-78.090 38.921
-79.921 37.314
-79.948 37.319
-79.964 37.292
-79.999 37.311
-79.993 37.297
-79.941 37.254
-79.992 37.263
-79.980 37.269
-79.962 37.262
-79.976 37.256
-79.982 37.261
-77.575 38.443
-77.537 38.502
-77.486 38.386
-77.471 38.338
-76.109 36.810
-76.114 36.799
-75.944 36.842
-76.070 36.843
-76.060 36.891
-76.125 36.908
-77.455 38.315
-77.493 38.444
-77.441 38.430
-77.467 38.473
-77.507 38.476
-77.450 38.464
-77.419 38.459
-77.403 38.435
-77.430 38.468
-77.425 38.511
-77.397 38.465
-77.370 38.387
-77.372 38.301
-77.422 38.337
-77.441 38.350
-77.421 38.288
-76.144 36.810
-76.165 36.803
-76.127 36.785
-76.086 36.847
-76.097 36.881
-76.175 36.866
-76.160 36.878
-77.498 38.358
-77.562 38.361
-77.425 38.483
-77.375 38.462
-75.947 36.857
-75.961 36.873
-76.089 36.793
-75.985 36.668
-76.150 36.828
-76.172 36.820
-76.008 36.859
-76.003 36.955
-76.080 36.927
-76.106 36.937
-75.986 36.592
-76.170 36.787
-76.085 36.607
-76.199 36.822
-76.149 36.801
-76.138 36.970
-76.057 36.833
-76.034 36.763
-76.164 36.901
-76.054 36.907
-76.127 36.809
-76.090 36.748
-76.108 36.766
-76.083 36.831
-76.070 36.804
-76.212 36.805
-76.219 36.825
-76.091 36.810
-76.100 36.847
-76.106 36.821
-76.181 36.809
-76.187 36.793
-76.183 36.778
-76.109 36.830
-76.133 36.818
-76.166 36.768
-76.147 36.781
-76.157 36.791
-76.146 36.823
-76.115 36.851
-76.115 36.838
-76.071 36.769
-76.079 36.868
-76.131 36.849
-76.144 36.865
-76.012 36.845
-76.037 36.862
-76.035 36.848
-76.147 36.850
-76.162 36.863
-76.018 36.785
-76.139 36.769
-76.161 36.841
-76.178 36.861
-76.026 36.881
-75.891 36.659
-76.051 36.781
-75.939 36.770
-76.056 36.867
-76.102 36.862
-76.120 36.893
-76.006 36.761
-75.990 36.779
-75.971 36.811
-76.035 36.740
-76.064 36.715
-76.127 36.873
-76.148 36.889
-76.125 36.752
-76.142 36.792
-76.200 36.787
-76.181 36.892
-75.996 36.830
-76.178 36.880
-76.109 36.780
-76.064 36.775
-76.183 36.832
-76.169 36.835
-76.202 36.806
-76.102 36.788
-76.078 36.821
-79.518 37.346
-79.523 37.330
-79.073 38.137
-79.096 38.161
-79.038 38.157
-79.081 38.176
-79.050 38.178
-82.307 36.848
-82.255 36.823
-82.165 36.968
-82.093 36.905
-82.200 36.800
-82.280 36.894
-82.076 37.007
-82.045 36.948
-82.276 36.961
-81.976 37.009
-81.994 37.083
-81.909 37.076
-81.873 36.965
-81.991 36.899
-77.440 37.434
-77.419 37.399
-77.388 37.332
-77.420 37.343
-77.598 37.424
-77.535 37.507
-77.543 37.520
-77.573 37.431
-77.321 37.335
-77.569 37.530
-77.657 37.532
-77.635 37.524
-77.426 37.371
-77.458 37.358
-77.467 37.452
-77.629 37.494
-77.625 37.545
-77.620 37.516
-77.616 37.414
-77.698 37.385
-77.426 37.330
-77.422 37.300
-77.562 37.291
-77.585 37.357
-77.476 37.329
-77.542 37.392
-77.664 37.378
-77.512 37.432
-77.431 37.319
-77.369 37.360
-77.498 37.451
-77.496 37.400
-77.468 37.393
-77.467 37.419
-77.484 37.431
-77.530 37.460
-77.555 37.438
-77.538 37.418
-77.513 37.459
-77.441 37.252
-77.737 37.334
-81.283 36.918
-81.225 36.970
-81.030 37.003
-81.193 36.814
-81.111 36.894
-80.933 36.984
-80.897 36.927
-80.834 36.877
-80.956 36.880
-81.042 36.846
-81.148 36.984
-77.657 37.404
-77.529 37.347
-77.642 37.400
-77.630 37.377
-77.507 37.242
-77.656 37.416
-77.774 37.425
-80.347 37.300
-77.652 37.472
-77.669 37.455
-77.660 37.439
-80.276 37.238
-80.363 37.186
-80.388 37.236
-80.406 37.251
-80.465 37.259
-80.397 37.216
-80.484 37.207
-80.346 37.146
-80.403 37.142
-80.483 37.166
-80.447 37.124
-80.424 37.103
-80.513 37.100
-77.673 37.421
-77.698 37.415
-77.579 37.470
-77.620 37.447
-77.694 37.506
-80.240 37.156
-80.359 37.057
-80.344 37.115
-80.473 37.039
-80.569 37.227
-80.450 37.216
-80.420 37.252
-80.434 37.152
-80.519 37.132
-77.647 37.483
-77.608 37.477
-77.562 37.456
-77.527 37.483
-77.548 37.473
-77.571 37.485
-77.613 37.487
-77.588 37.498
-77.563 37.508
-77.602 37.515
-77.582 37.518
-77.559 37.590
-77.571 37.609
-77.542 37.588
-77.641 37.618
-77.495 37.631
-77.487 37.644
-77.476 37.645
-77.474 37.628
-77.534 37.619
-77.612 37.592
-77.525 37.639
-77.502 37.596
-77.557 37.634
-77.546 37.643
-77.606 37.682
-77.519 37.683
-77.493 37.681
-77.517 37.657
-76.721 37.847
-76.672 37.878
-76.791 37.932
-76.705 37.964
-76.601 37.874
-76.790 38.008
-76.868 38.042
-77.552 37.668
-77.581 37.660
-77.491 37.595
-77.567 37.625
-77.584 37.617
-77.638 37.630
-77.627 37.605
-77.615 37.627
-77.511 37.616
-77.513 37.637
-77.506 37.586
-77.557 37.610
-77.587 37.634
-77.598 37.617
-77.619 37.642
-77.569 37.568
-77.590 37.602
-77.617 37.612
-77.526 37.601
-77.483 37.603
-77.437 37.607
-77.474 37.607
-77.588 37.589
-77.580 37.582
-77.614 37.571
-77.272 37.540
-77.291 37.521
-77.308 37.501
-77.487 37.619
-77.454 37.664
-77.492 37.668
-77.323 37.547
-77.220 37.502
-77.233 37.483
-77.319 37.539
-77.315 37.454
-77.404 37.465
-77.260 37.420
-77.356 37.409
-77.352 37.438
-77.645 37.646
-77.468 37.630
-77.470 37.610
-77.345 37.540
-77.360 37.541
-77.380 37.546
-77.380 37.527
-77.349 37.519
-77.540 37.659
-77.618 37.673
-77.365 37.555
-77.386 37.487
-77.343 37.563
-77.566 37.651
-77.598 37.643
-77.620 37.697
-77.496 37.660
-77.584 37.688
-77.500 37.639
-77.439 37.634
-77.383 37.587
-77.425 37.590
-77.379 37.575
-77.460 37.651
-77.396 37.557
-77.398 37.570
-77.422 37.621
-77.457 37.616
-77.478 37.656
-77.546 37.610
-77.626 37.654
-77.522 37.588
-77.551 37.597
-77.903 36.652
-77.989 36.676
-77.974 36.579
-78.000 36.740
-77.906 36.777
-77.811 36.577
-77.774 36.662
-77.752 36.742
-77.846 36.850
-77.742 36.840
-77.829 36.941
-77.883 36.864
-77.958 36.892
-77.206 37.020
-77.071 37.056
-77.396 36.935
-77.235 36.897
-77.351 36.827
-77.440 36.793
-77.517 36.893
-77.054 36.934
-77.101 37.030
-77.093 36.999
-77.004 36.999
-76.292 36.866
-76.292 36.858
-76.298 36.854
-76.223 36.872
-76.292 36.881
-76.285 36.875
-76.285 36.885
-76.268 36.882
-76.282 36.849
-76.285 36.833
-76.269 36.907
-76.251 36.941
-76.255 36.858
-76.258 36.873
-76.265 36.860
-76.272 36.871
-76.255 36.890
-76.239 36.896
-76.227 36.893
-76.244 36.908
-76.236 36.871
-76.244 36.869
-76.245 36.879
-76.245 36.889
-76.279 36.861
-76.236 36.927
-76.204 36.913
-76.234 36.848
-76.271 36.847
-76.199 36.866
-76.205 36.896
-76.225 36.910
-76.221 36.923
-76.201 36.921
-76.272 36.895
-76.282 36.911
-76.250 36.844
-76.261 36.832
-76.198 36.845
-76.315 36.936
-76.291 36.917
-76.237 36.988
-76.291 36.934
-76.264 36.937
-76.218 36.851
-76.199 36.957
-76.196 36.988
-76.298 36.896
-76.316 36.900
-76.319 36.887
-76.304 36.880
-76.194 36.935
-76.316 36.870
-76.248 36.926
-76.261 36.921
-79.363 37.720
-79.349 37.746
-77.194 37.383
-77.114 37.381
-76.976 37.331
-76.274 36.722
-76.231 36.733
-76.219 36.706
-76.242 36.661
-76.237 36.760
-76.334 36.754
-76.318 36.765
-76.314 36.790
-76.267 36.820
-76.408 36.849
-76.264 36.788
-76.255 36.755
-76.137 36.693
-76.208 36.670
-76.165 36.607
-76.221 36.762
-76.278 36.741
-76.406 36.795
-76.315 36.664
-76.321 36.705
-76.315 36.745
-76.335 36.722
-76.285 36.760
-76.281 36.816
-76.272 36.806
-76.258 36.810
-76.286 36.791
-76.407 36.768
-76.218 36.778
-76.260 36.699
-76.252 36.715
-76.325 36.776
-76.349 36.782
-76.243 36.796
-76.418 36.776
-76.445 36.793
-76.294 36.590
-76.882 37.590
-76.802 37.551
-77.011 37.651
-77.113 37.767
-77.165 37.713
-76.234 36.825
-76.229 36.814
-76.225 36.798
-76.422 36.803
-76.398 36.839
-76.418 36.827
-76.417 36.815
-76.262 36.775
-76.419 36.856
-76.422 36.657
-76.269 36.684
-77.233 37.813
-76.435 36.831
-76.214 36.755
-76.245 36.824
-76.206 36.695
-76.166 36.742
-76.027 37.384
-76.053 37.242
-75.775 37.384
-75.890 37.501
-76.008 37.514
-75.934 37.156
-77.546 39.115
-77.374 39.051
-77.343 39.048
-77.367 39.028
-77.372 39.036
-77.411 39.003
-77.382 39.014
-77.503 39.104
-77.502 38.895
-77.555 38.929
-77.513 38.911
-77.419 38.979
-77.547 39.001
-77.528 38.893
-77.475 38.946
-77.580 38.951
-77.407 39.047
-77.423 39.059
-77.391 39.054
-77.395 39.037
-77.427 38.998
-77.421 39.024
-77.415 39.045
-77.526 39.101
-77.383 39.028
-77.354 39.053
-77.406 38.992
-77.494 39.038
-77.475 39.030
-77.448 39.033
-77.465 39.068
-77.498 39.065
-77.480 39.085
-77.459 39.051
-77.478 39.054
-77.510 39.001
-77.520 39.022
-77.520 38.970
-77.545 39.089
-77.558 39.104
-77.609 39.261
-77.587 39.100
-77.602 39.092
-77.710 39.147
-77.779 39.143
-77.385 38.994
-77.338 39.025
-78.653 37.138
-78.624 37.070
-78.603 36.992
-78.804 37.114
-78.678 36.930
-78.626 36.811
-78.550 36.907
-78.819 37.027
-78.493 37.053
-78.746 37.185
-77.984 39.080
-77.901 39.093
-77.858 39.131
-77.517 39.039
-77.492 39.023
-77.660 38.994
-77.571 39.057
-77.460 39.004
-77.513 39.054
-77.398 39.014
-77.398 39.000
-77.493 38.981
-77.662 39.103
-77.616 39.125
-77.580 39.111
-77.570 39.120
-77.556 39.120
-77.737 39.075
-77.736 38.997
-77.838 39.033
-77.803 39.118
-77.725 39.119
-77.732 39.205
-77.727 39.284
-77.673 39.275
-77.609 39.200
-77.529 39.204
-77.551 39.136
-77.229 37.987
-77.376 37.874
-77.424 38.008
-77.455 38.125
-77.271 38.138
-77.557 37.986
-77.577 38.031
-77.401 37.973
-77.669 38.720
-77.625 38.588
-77.727 38.661
-77.746 38.713
-77.711 38.749
-77.679 38.512
-77.780 38.583
-77.899 38.721
-77.724 38.479
-77.825 38.575
-77.795 38.725
-77.773 38.892
-77.875 38.820
-77.978 38.899
-77.737 38.785
-77.754 38.608
-77.802 38.712
-77.793 38.754
-77.072 37.496
-77.173 37.528
-76.967 37.464
-76.931 37.527
-76.809 37.486
-76.957 37.413
-77.107 37.471
-77.131 37.588
-77.105 37.551
-77.170 37.501
-80.538 37.133
-80.566 37.120
-80.581 37.111
-81.846 36.749
-81.930 36.737
-81.989 36.689
-82.012 36.701
-82.034 36.779
-82.072 36.661
-82.115 36.671
-81.763 36.785
-81.831 36.827
-81.912 36.854
-82.161 36.703
-82.243 36.728
-81.971 36.645
-81.787 36.698
-82.260 36.642
-81.656 36.645
-81.776 36.640
-82.070 36.613
-77.183 37.161
-77.076 37.248
-77.242 37.259
-77.268 37.271
-77.337 37.264
-77.313 37.207
-77.192 37.240
-77.309 37.081
-77.327 37.150
-77.375 37.142
-77.814 37.663
-77.718 37.617
-77.724 37.682
-77.860 37.693
-78.023 37.836
-78.001 37.674
-78.080 37.754
-77.940 37.754
-77.998 37.286
-78.145 37.362
-77.963 37.360
-77.973 37.430
-77.809 37.264
-80.181 37.048
-80.270 36.969
-80.345 36.924
-80.437 36.834
-80.514 36.933
-82.410 37.218
-82.470 37.156
-82.344 37.152
-82.452 37.069
-82.500 37.111
-82.467 37.194
-82.215 37.087
-82.300 37.064
-82.378 37.028
-82.246 37.165
-82.354 37.231
-82.290 37.240
-82.344 36.999
-76.617 37.521
-76.526 37.512
-76.472 37.411
-76.645 37.423
-76.583 37.358
-76.477 37.361
-76.515 37.308
-76.402 37.281
-76.518 37.274
-76.487 37.255
-76.501 37.455
-77.160 38.918
-77.114 38.881
-77.083 38.899
-77.091 38.887
-77.163 38.894
-77.086 38.888
-77.113 38.877
-77.118 38.857
-77.043 38.852
-77.082 38.868
-77.102 38.851
-77.141 38.909
-77.089 38.848
-77.072 38.896
-77.098 38.856
-77.072 38.850
-77.076 38.863
-77.135 38.871
-77.134 38.890
-77.059 38.848
-77.119 38.905
-77.106 38.912
-77.127 38.920
-77.143 38.878
-77.139 38.883
-77.084 38.892
-77.108 38.883
-77.082 38.856
-77.106 38.879
-77.106 38.895
-77.063 38.861
-77.058 38.859
-77.096 38.892
-77.095 38.866
-77.089 38.834
-77.048 38.864
-77.068 38.878
-77.088 38.879
-77.136 38.900
-77.098 38.877
-77.103 38.887
-77.121 38.892
-77.125 38.879
-77.113 38.886
-77.118 38.870
-77.109 38.849
-77.124 38.862
-77.109 38.864
-77.092 38.842
-77.098 38.840
-77.151 38.888
-77.152 38.899
-80.261 36.807
-80.141 36.790
-80.229 36.569
-80.110 36.609
-80.154 36.695
-80.206 36.626
-80.239 36.705
-80.299 36.659
-80.329 36.585
-80.411 36.601
-80.401 36.713
-80.581 36.604
-80.503 36.604
-77.396 37.249
-77.395 37.269
-77.418 37.272
-77.377 37.282
-76.395 37.148
-76.389 37.124
-76.259 37.152
-76.425 37.128
-76.412 37.107
-80.849 37.391
-80.805 37.383
-80.867 37.303
-80.732 37.335
-80.854 37.216
-80.594 37.384
-80.766 37.259
-80.663 37.265
-80.510 37.327
-78.805 38.787
-78.703 38.839
-78.734 38.721
-78.653 38.667
-78.626 38.751
-78.639 38.886
-78.550 38.813
-78.421 38.844
-78.557 38.986
-78.573 38.914
-78.492 38.868
-78.486 38.955
-78.443 38.919
-78.354 38.994
-78.392 39.047
-78.372 38.977
-81.265 36.618
-76.885 36.909
-76.953 36.848
-76.952 36.732
-76.969 36.767
-77.090 36.812
-77.292 36.608
-77.184 36.608
-77.144 36.701
-77.063 36.595
-77.310 36.734
-77.034 36.732
-76.976 36.659
-76.954 36.590
-77.361 36.666
-79.039 37.499
-79.050 37.444
-78.972 37.574
-79.125 37.471
-79.080 37.599
-79.152 37.729
-79.148 37.550
-79.248 37.648
-81.348 36.601
-81.390 36.661
-81.327 36.706
-81.158 36.630
-81.463 36.696
-81.253 36.725
-81.464 36.622
-81.570 36.612
-81.167 36.712
-81.062 36.715
-81.020 36.611
-80.915 36.596
-80.967 36.679
-80.990 36.719
-79.276 37.552
-79.116 37.434
-79.083 37.510
-81.049 36.777
-77.412 37.246
-78.762 38.581
-78.993 38.748
-78.931 38.659
-78.790 38.638
-78.800 38.610
-78.918 38.553
-79.045 38.568
-78.702 38.567
-78.714 38.424
-78.708 38.316
-78.790 38.434
-78.825 38.270
-78.803 38.279
-79.002 38.382
-79.108 38.490
-78.900 38.346
-78.967 38.386
-78.941 38.359
-78.657 38.441
-78.618 38.411
-78.584 38.388
-78.811 38.350
-78.773 38.634
-78.941 38.417
-77.309 37.303
-77.289 37.307
-77.277 37.292
-77.297 37.282
-77.325 37.291
-77.312 37.285
-77.309 37.272
-75.316 37.928
-75.460 37.882
-75.582 37.927
-75.536 37.975
-75.403 37.992
-75.614 37.884
-75.538 37.805
-75.643 37.846
-75.717 37.918
-75.722 37.730
-76.038 37.860
-75.937 37.655
-75.564 37.731
-75.706 37.803
-75.670 37.521
-75.678 37.599
-75.710 37.675
-75.984 37.721
-75.747 37.661
-75.781 37.637
-75.964 37.594
-80.052 37.501
-80.375 37.370
-80.060 37.590
-80.243 37.573
-80.187 37.461
-80.389 37.428
-80.223 37.515
-80.137 37.498
-80.105 37.530
-80.269 37.428
-80.176 37.413
-82.626 36.932
-78.089 37.982
-78.219 38.013
-78.159 38.092
-77.988 38.055
-77.988 37.952
-77.901 38.051
-77.824 38.007
-77.908 37.919
-77.746 37.974
-77.905 37.839
-77.799 37.885
-77.815 37.798
-78.043 38.094
-78.170 37.662
-78.203 37.541
-78.234 37.473
-78.326 37.412
-78.376 37.341
-77.421 37.216
-77.424 37.194
-77.366 37.221
-77.362 37.191
-76.307 37.429
-76.239 37.353
-76.288 37.497
-77.391 37.191
-77.408 37.215
-77.398 37.224
-78.360 38.230
-78.449 38.240
-78.453 38.338
-78.554 38.279
-80.061 37.277
-80.106 37.288
-80.041 37.303
-80.027 37.304
-80.025 37.277
-80.081 37.294
-80.060 37.303
-80.047 37.283
-80.078 37.278
-79.927 37.390
-79.881 37.422
-79.944 37.502
-79.888 37.538
-79.873 37.389
-79.705 37.529
-79.811 37.374
-79.807 37.462
-79.871 37.354
-79.843 37.351
-79.749 37.578
-79.604 37.544
-79.842 37.655
-79.963 37.630
-79.769 37.737
-79.981 37.436
-78.965 36.886
-78.978 36.991
-79.068 36.946
-78.832 36.931
-79.088 36.842
-78.861 36.831
-78.752 36.733
-78.742 36.834
-79.108 36.744
-78.957 36.633
-79.104 36.607
-78.932 36.713
-78.905 36.736
-78.853 36.722
-78.905 36.697
-78.780 36.653
-78.906 36.608
-78.429 38.122
-78.459 38.086
-78.475 38.072
-78.482 38.136
-78.540 38.062
-78.811 36.578
-78.934 36.798
-79.009 36.771
-79.023 36.692
-78.528 38.103
-78.485 38.186
-78.614 38.190
-78.513 38.043
-78.734 38.017
-78.601 38.067
-78.706 38.135
-78.392 37.990
-78.508 37.847
-78.459 37.942
-78.626 37.814
-78.305 38.067
-78.508 37.998
-78.424 38.046
-78.357 38.114
-78.496 38.067
-78.558 37.971
-78.760 38.043
-78.671 37.948
-78.383 38.164
-78.554 38.036
-78.480 38.087
-78.456 38.065
-79.390 36.614
-79.381 36.599
-79.388 36.630
-79.423 36.558
-79.399 36.580
-79.454 36.557
-79.475 36.591
-79.411 36.582
-79.375 36.616
-79.348 36.580
-77.778 37.570
-77.717 37.550
-77.876 37.559
-77.800 37.503
-77.833 37.462
-77.909 37.506
-77.903 37.642
-78.029 37.598
-78.043 37.513
-77.803 37.528
-77.875 37.596
-77.500 38.735
-77.488 38.764
-77.476 38.750
-78.695 37.307
-78.721 37.374
-78.821 37.331
-78.854 37.456
-78.758 37.463
-78.808 37.258
-78.899 37.302
-78.963 37.418
-78.891 37.386
-77.458 38.750
-77.470 38.768
-79.383 36.555
-80.939 36.663
-80.907 36.677
-79.385 36.577
-79.399 36.573
-79.401 36.589
-80.926 36.645
-79.407 36.601
-79.458 36.601
-79.405 36.621
-79.843 38.016
-79.809 38.103
-79.859 37.945
-79.883 38.126
-79.644 38.067
-79.651 37.958
-79.690 38.141
-78.019 38.594
-78.028 38.520
-77.715 38.401
-77.882 38.419
-78.034 38.368
-77.914 38.629
-77.971 38.589
-78.089 38.535
-77.895 38.504
-78.053 38.425
-77.995 38.463
-78.007 38.477
-78.129 38.481
-81.952 37.320
-81.974 37.382
-82.028 37.432
-82.185 37.283
-82.087 37.314
-82.098 37.255
-82.196 37.228
-81.885 37.244
-82.260 37.297
-82.101 37.191
-82.169 37.356
-81.929 37.182
-82.005 37.154
-82.166 37.168
-82.115 37.110
-82.062 37.079
-82.024 37.215
-79.721 37.228
-79.783 37.266
-79.823 37.239
-79.733 37.325
-79.627 37.233
-79.634 37.168
-79.554 37.284
-79.540 37.091
-79.515 37.205
-79.460 37.278
-79.444 37.144
-79.347 37.296
-79.407 37.222
-79.495 37.360
-79.384 37.374
-79.304 37.350
-79.272 37.471
-79.312 37.393
-79.440 37.474
-79.505 37.405
-79.396 37.545
-79.541 37.446
-79.632 37.366
-79.717 37.414
-79.319 37.434
-79.261 37.370
-79.243 37.382
-79.281 37.331
-79.675 37.282
-79.218 38.175
-79.074 38.106
-79.118 38.158
-79.008 38.169
-79.081 38.009
-79.143 38.036
-79.244 38.059
-79.016 38.071
-78.973 38.125
-79.018 38.016
-79.002 38.261
-78.924 38.195
-78.937 38.106
-78.820 38.159
-78.869 38.250
-78.848 38.091
-79.052 38.298
-79.247 38.305
-79.169 38.378
-79.216 38.235
-79.392 38.194
-79.347 38.094
-79.168 37.946
-78.981 37.954
-78.936 38.033
-76.697 37.267
-76.729 37.274
-76.661 37.287
-76.682 37.331
-76.622 38.030
-76.744 38.040
-76.686 38.108
-76.918 38.138
-77.002 38.219
-76.980 38.258
-78.015 39.195
-77.984 39.154
-78.065 39.060
-77.929 39.143
-79.200 37.381
-79.881 37.135
-79.790 37.125
-79.827 37.191
-79.676 37.092
-79.764 37.002
-79.839 37.009
-79.957 37.106
-79.700 36.905
-79.830 36.935
-79.657 36.998
-79.870 37.026
-79.932 37.046
-79.769 36.836
-79.878 36.867
-79.993 36.861
-79.900 36.973
-80.004 36.931
-79.938 36.983
-80.123 36.915
-80.042 37.016
-80.053 37.108
-79.896 36.993
-79.740 37.065
-78.251 38.207
-78.188 38.136
-78.035 38.289
-78.117 38.183
-77.993 38.197
-77.879 38.238
-77.857 38.335
-77.764 38.315
-77.767 38.344
-79.232 37.407
-79.227 37.437
-79.198 37.417
-79.189 37.392
-79.229 37.366
-79.211 37.454
-79.180 37.446
-79.163 37.420
-79.177 37.429
-79.144 37.405
-78.219 36.571
-78.091 36.601
-79.167 37.397
-79.116 37.389
-78.397 36.563
-78.587 36.579
-78.480 36.636
-78.424 36.651
-78.294 36.644
-78.688 36.585
-78.663 36.654
-78.580 36.645
-78.490 36.720
-78.413 36.740
-78.345 36.773
-78.247 36.764
-78.549 36.742
-78.464 36.773
-79.148 37.385
-79.168 37.371
-79.190 37.354
-79.218 37.347
-78.457 36.831
-78.062 36.698
-78.165 36.646
-78.131 36.729
-78.115 36.740
-78.203 36.654
-78.128 36.573
-79.805 37.804
-79.739 37.835
-79.943 37.837
-79.969 37.890
-80.079 37.882
-79.984 37.711
-80.098 37.794
-80.094 37.680
-80.205 37.712
-79.900 37.786
-79.818 37.827
-79.832 37.814
-77.413 38.897
-77.417 38.856
-77.459 38.837
-77.450 38.865
-77.496 38.832
-77.456 38.814
-77.264 38.745
-77.298 38.875
-77.234 38.750
-77.238 38.734
-77.225 38.690
-77.269 38.738
-77.179 38.665
-77.364 38.979
-77.206 38.898
-77.212 38.920
-77.277 38.828
-77.292 38.819
-77.228 38.789
-77.202 38.798
-77.333 38.778
-77.293 38.783
-77.189 38.807
-77.147 38.852
-77.050 38.728
-77.051 38.742
-77.058 38.717
-77.070 38.727
-77.054 38.763
-77.052 38.779
-77.202 38.913
-77.187 38.921
-77.177 38.926
-77.186 38.901
-77.177 38.910
-77.314 38.792
-77.288 38.792
-77.240 38.803
-77.222 38.803
-77.138 38.861
-77.174 38.748
-77.204 38.741
-77.204 38.766
-77.238 38.855
-77.261 38.847
-77.244 38.841
-77.205 38.859
-77.198 38.859
-77.166 38.906
-77.270 39.010
-77.288 38.983
-77.253 38.955
-77.218 38.963
-77.191 38.947
-77.159 38.955
-77.161 38.933
-77.141 38.925
-77.159 38.941
-77.203 38.806
-77.229 38.824
-77.216 38.822
-77.088 38.782
-77.109 38.757
-77.104 38.738
-77.131 38.754
-77.100 38.794
-77.349 38.856
-77.194 38.863
-77.226 38.845
-77.411 38.964
-77.436 38.919
-77.352 38.985
-77.380 38.921
-77.207 38.825
-77.196 38.820
-77.375 38.852
-77.371 38.862
-77.213 38.843
-77.216 38.857
-77.155 38.802
-77.181 38.864
-77.402 38.940
-77.362 38.893
-77.335 38.929
-77.353 38.940
-77.337 38.939
-77.349 38.920
-77.252 38.872
-77.194 38.720
-77.219 38.941
-77.196 38.835
-77.193 38.844
-77.178 38.819
-77.156 38.815
-77.232 38.885
-77.256 38.927
-77.236 38.890
-77.362 38.959
-77.419 38.824
-77.253 38.702
-77.229 38.706
-77.401 38.949
-77.417 38.952
-77.425 38.812
-77.156 38.826
-77.120 38.845
-77.234 38.910
-77.254 38.897
-77.253 38.884
-77.381 38.884
-77.126 38.852
-77.145 38.833
-77.175 38.836
-77.182 38.852
-77.161 38.842
-77.338 38.967
-77.336 38.980
-78.181 39.155
-78.158 39.189
-77.452 38.842
-77.443 38.851
-77.138 38.851
-77.166 38.857
-77.156 38.862
-77.132 38.842
-77.087 38.724
-77.109 38.708
-77.385 38.961
-77.374 38.944
-78.178 39.195
-78.183 39.181
-77.396 38.892
-77.399 38.914
-77.489 38.863
-77.467 38.858
-77.467 38.890
-77.428 38.870
-77.429 38.886
-77.402 38.875
-77.436 38.818
-77.104 38.724
-77.145 38.756
-77.153 38.758
-77.217 38.740
-77.345 38.958
-77.324 38.959
-77.329 38.904
-77.295 38.893
-78.156 39.175
-77.447 38.829
-77.390 38.839
-77.260 38.753
-77.273 38.766
-77.255 38.761
-77.248 38.770
-77.214 38.766
-77.211 38.711
-77.193 38.762
-77.159 38.727
-77.161 38.767
-77.146 38.789
-77.170 38.775
-77.277 38.883
-77.274 38.901
-77.260 38.907
-77.280 38.928
-77.292 38.913
-77.308 38.940
-77.298 38.959
-77.284 38.774
-77.420 38.834
-77.308 38.758
-77.388 38.777
-77.227 38.780
-77.070 38.779
-77.123 38.730
-77.072 38.740
-77.267 38.944
-77.311 38.845
-77.349 38.815
-77.330 38.839
-77.215 38.781
-77.232 38.768
-77.268 38.783
-77.318 38.884
-77.386 38.872
-77.357 38.842
-77.346 38.869
-77.069 38.752
-77.077 38.761
-77.088 38.759
-77.103 38.776
-77.306 38.804
-77.231 38.875
-77.209 38.881
-77.199 38.887
-77.144 38.773
-77.081 38.790
-77.292 38.808
-77.252 38.787
-77.260 38.802
-77.196 38.935
-77.227 38.928
-77.256 38.859
-77.210 38.871
-77.190 38.874
-77.073 38.790
-77.068 38.795
-77.119 38.780
-77.088 38.797
-77.258 38.815
-77.317 38.812
-77.294 38.833
-77.247 38.830
-77.247 38.818
-77.201 38.786
-77.186 38.788
-77.226 38.900
-77.422 38.844
-77.395 38.862
-77.190 38.869
-77.172 38.874
-77.275 38.871
-77.124 38.793
-77.309 39.018
-77.366 38.998
-77.399 38.973
-77.377 38.977
-77.175 38.804
-77.308 38.726
-77.275 38.807
-77.261 38.832
-77.405 38.932
-76.497 37.032
-76.475 37.084
-76.456 37.057
-76.512 37.062
-76.535 37.091
-76.500 37.070
-76.515 37.042
-76.490 37.106
-76.517 37.129
-76.498 37.129
-76.544 37.062
-76.519 37.147
-76.516 37.159
-76.509 37.093
-76.491 37.078
-76.595 37.125
-76.554 37.109
-76.557 37.155
-76.545 37.142
-76.525 37.115
-76.532 37.105
-76.508 37.105
-76.535 37.127
-76.566 37.129
-76.531 37.155
-76.553 37.190
-76.393 36.968
-76.403 36.985
-76.417 36.999
-76.421 36.953
-76.452 36.984
-76.418 36.981
-76.410 36.994
-76.416 36.992
-76.409 36.988
-76.460 37.047
-76.450 37.029
-76.426 36.990
-76.427 37.016
-76.433 37.007
-76.478 37.019
-76.464 37.005
-76.478 37.137
-76.279 37.231
-76.494 37.222
-76.596 37.262
-76.433 37.167
-76.397 37.194
-76.444 37.140
-76.443 37.105
-76.521 37.201
