-73.285 44.952
-73.342 44.863
-73.265 44.837
-73.299 44.720
-73.314 44.630
-72.960 43.601
-73.002 43.617
-72.987 43.599
-72.993 43.618
-72.963 43.617
-73.180 43.791
-73.080 43.800
-72.921 43.761
-72.829 43.793
-72.789 43.654
-72.879 43.626
-73.044 43.710
-73.177 43.713
-73.308 43.712
-73.369 43.634
-73.267 43.617
-73.174 43.633
-73.067 43.531
-73.098 43.578
-73.062 43.614
-73.037 43.652
-72.956 43.630
-73.191 43.533
-72.985 43.530
-72.856 43.530
-73.127 43.482
-73.057 43.445
-72.945 43.440
-72.804 43.428
-73.190 43.432
-73.188 43.359
-73.059 43.354
-72.928 43.349
-72.203 44.537
-72.236 44.481
-72.126 44.432
-72.012 44.455
-71.940 44.379
-72.207 44.333
-72.079 44.320
-72.262 44.234
-72.115 44.222
-71.925 44.708
-72.039 44.663
-71.929 44.614
-72.128 44.642
-72.141 44.568
-72.008 44.545
-71.915 44.503
-72.348 44.523
-72.559 42.838
-72.629 42.860
-73.057 44.966
-72.898 44.976
-72.758 44.970
-72.618 44.969
-73.125 44.908
-72.921 44.899
-72.748 44.880
-72.604 44.860
-73.146 44.811
-72.932 44.808
-72.780 44.794
-72.901 44.711
-73.007 44.700
-73.128 44.728
-73.085 44.812
-72.962 42.975
-72.842 42.957
-72.862 42.876
-72.739 42.876
-72.867 42.783
-72.744 42.781
-72.526 42.762
-72.624 42.779
-72.569 42.878
-72.803 43.204
-72.719 43.174
-72.619 43.184
-72.502 43.182
-72.933 43.063
-72.799 43.101
-72.669 43.071
-72.595 43.115
-72.455 43.123
-72.512 43.075
-72.610 43.019
-72.531 42.995
-72.701 42.970
-72.592 42.930
-72.810 43.021
-72.677 44.759
-72.540 44.715
-72.754 44.716
-72.684 44.648
-72.819 44.628
-72.565 44.625
-72.455 44.573
-72.638 44.548
-72.514 44.491
-72.722 44.481
-73.187 43.268
-73.218 43.225
-73.051 43.259
-72.921 43.255
-72.847 43.264
-73.197 43.169
-73.068 43.165
-72.934 43.162
-73.202 43.075
-73.069 43.071
-73.208 42.981
-73.074 42.978
-73.222 42.891
-73.178 42.861
-73.080 42.883
-72.967 42.893
-73.212 42.792
-73.078 42.788
-72.972 42.799
-73.070 44.123
-72.972 44.096
-73.333 43.983
-73.216 43.960
-73.122 44.004
-72.992 43.989
-73.314 43.895
-73.200 43.872
-73.293 43.806
-73.111 43.923
-73.097 43.869
-73.005 43.866
-72.911 43.920
-72.840 44.005
-73.277 44.206
-73.132 44.228
-73.016 44.229
-73.336 44.137
-73.256 44.167
-73.235 44.132
-73.345 44.071
-73.227 44.047
-73.165 44.104
-71.817 44.979
-71.683 44.943
-71.578 44.977
-71.913 44.922
-71.876 44.912
-71.818 44.911
-71.749 44.867
-71.583 44.891
-71.645 44.812
-71.616 44.640
-71.869 44.802
-71.757 44.728
-71.662 44.732
-71.823 44.656
-71.711 44.476
-71.721 44.602
-71.628 44.548
-71.820 44.547
-71.834 44.431
-73.201 44.465
-72.886 44.538
-73.257 44.500
-73.242 44.508
-73.212 44.495
-73.194 44.482
-73.228 44.480
-73.227 44.463
-73.265 44.391
-73.177 44.388
-72.994 44.395
-72.954 44.300
-73.236 44.309
-73.120 44.381
-72.877 44.399
-72.963 44.476
-73.005 44.601
-73.114 44.627
-73.196 44.660
-72.947 44.205
-73.084 44.323
-73.048 44.538
-73.141 44.336
-73.114 44.490
-73.074 44.502
-73.173 44.560
-73.259 44.549
-73.165 44.434
-73.160 44.474
-73.184 44.495
-73.089 44.435
-73.270 44.475
-73.187 44.454
-72.375 44.156
-72.250 44.134
-72.120 44.109
-72.541 44.109
-72.422 44.071
-72.290 44.038
-72.158 44.011
-72.592 44.029
-72.457 43.994
-72.325 43.956
-72.227 43.939
-72.163 43.925
-72.721 43.970
-72.607 43.937
-72.485 43.902
-72.367 43.869
-72.248 43.835
-72.552 43.815
-72.436 43.783
-72.319 43.752
-72.744 43.756
-72.624 43.729
-72.506 43.697
-72.667 43.625
-72.552 43.597
-72.435 43.574
-72.717 43.523
-72.594 43.498
-72.492 43.485
-72.421 43.477
-72.704 43.396
-72.604 43.405
-72.566 43.360
-72.472 43.388
-72.806 43.315
-72.723 43.286
-72.617 43.289
-72.541 43.338
-72.481 43.290
-72.409 43.679
-72.363 43.649
-72.828 43.875
-72.673 43.850
-72.209 44.938
-71.984 44.970
-71.969 44.895
-72.020 44.850
-72.027 44.760
-72.125 44.831
-72.235 44.885
-72.472 44.880
-72.457 44.792
-72.284 44.814
-72.166 44.758
-72.338 44.734
-72.231 44.684
-72.396 44.654
-72.289 44.604
-72.484 44.967
-72.383 44.939
-72.304 44.936
-72.137 44.951
-72.795 44.181
-72.861 44.111
-72.727 44.070
-72.684 44.145
-72.715 44.257
-72.604 44.209
-72.482 44.186
-72.407 44.244
-72.361 44.315
-72.296 44.401
-72.407 44.444
-72.574 44.412
-72.466 44.365
-72.507 44.289
-72.507 44.201
-72.524 44.206
-72.495 44.192
-72.572 44.266
-72.631 44.327
-72.746 44.385
-72.825 44.305
-72.875 44.213
