-87.961 43.066
-87.962 43.070
-87.970 43.069
-87.945 43.102
-87.960 43.059
-87.854 42.958
-88.023 42.933
-87.943 43.072
-87.944 43.078
-87.948 43.078
-87.946 42.984
-87.965 42.992
-87.974 42.994
-87.991 42.985
-88.020 43.125
-87.927 42.984
-87.934 42.983
-88.026 43.180
-88.022 43.049
-88.058 43.041
-88.004 43.013
-90.567 42.613
-90.597 42.624
-90.590 42.628
-87.880 42.939
-87.873 42.934
-87.878 42.952
-87.953 42.992
-88.045 42.942
-88.054 42.941
-88.052 42.949
-88.060 42.967
-87.928 42.978
-87.900 42.985
-87.888 42.969
-87.886 42.963
-89.569 45.257
-89.499 45.249
-89.522 45.153
-88.302 44.893
-88.295 44.889
-88.183 44.915
-88.199 44.872
-88.146 44.882
-87.854 42.918
-87.876 42.961
-87.863 42.952
-87.869 42.948
-88.001 43.045
-87.935 42.972
-87.933 43.010
-87.932 43.004
-87.940 43.007
-87.926 43.000
-88.724 42.827
-88.706 42.733
-88.709 42.690
-88.330 42.642
-88.340 42.702
-88.552 42.530
-88.589 42.769
-87.965 43.060
-87.852 42.963
-87.848 42.943
-87.854 42.948
-87.868 42.941
-87.941 43.082
-87.940 43.078
-87.933 43.080
-87.930 43.074
-87.926 43.067
-88.004 42.985
-88.020 42.977
-88.027 42.977
-87.961 43.115
-87.971 43.116
-88.048 43.180
-88.018 43.109
-88.042 43.170
-88.003 43.100
-88.007 43.005
-87.899 43.107
-87.896 43.109
-87.907 43.109
-87.496 43.117
-90.632 42.562
-90.593 42.558
-90.571 42.543
-90.464 43.146
-90.510 43.172
-88.058 42.993
-88.045 42.991
-88.022 42.992
-87.895 43.041
-88.018 42.949
-88.034 42.941
-88.040 42.948
-88.039 42.933
-87.869 42.898
-87.868 42.887
-87.854 42.911
-87.850 42.921
-88.132 44.880
-88.132 44.872
-88.148 44.868
-88.130 44.866
-87.856 42.941
-87.859 42.934
-87.866 42.978
-87.856 42.969
-88.004 43.038
-87.953 43.040
-87.962 43.044
-87.953 43.044
-88.715 42.838
-88.656 42.636
-88.758 42.585
-88.729 42.505
-88.671 42.627
-88.552 42.796
-88.544 42.674
-88.561 42.680
-87.974 42.967
-87.956 42.934
-87.976 42.939
-87.935 43.072
-87.939 43.068
-87.983 43.108
-87.975 43.108
-87.971 43.100
-87.995 43.123
-87.925 43.079
-87.927 43.085
-87.968 43.108
-87.961 43.109
-88.009 43.100
-88.014 43.101
-87.997 43.100
-87.992 43.033
-87.952 43.020
-88.064 42.949
-91.085 42.951
-90.983 42.879
-91.072 42.867
-90.441 43.192
-90.440 43.185
-90.488 43.075
-90.488 42.988
-87.906 43.037
-87.874 43.077
-87.877 43.085
-88.039 42.968
-88.023 42.970
-88.014 42.984
-88.025 42.985
-87.990 42.885
-87.849 42.901
-87.877 42.905
-87.869 42.907
-88.055 44.926
-88.085 44.893
-88.043 44.874
-87.959 44.899
-87.921 44.929
-87.915 44.862
-87.941 43.130
-87.979 43.035
-87.969 43.044
-87.952 43.048
-87.956 43.049
-88.656 42.624
-88.646 42.600
-88.704 42.598
-88.626 42.656
-88.637 42.639
-88.362 42.539
-88.312 42.693
-88.717 42.538
-88.647 42.632
-87.956 43.067
-87.951 43.066
-87.936 43.022
-87.943 43.020
-87.941 43.016
-87.945 43.013
-87.980 43.101
-87.951 43.036
-87.956 43.035
-87.866 42.970
-87.860 42.972
-87.989 42.895
-87.933 43.087
-87.941 43.087
-87.953 43.076
-87.961 43.076
-87.943 43.061
-87.957 43.019
-87.960 43.019
-87.949 43.019
-88.003 43.093
-87.946 43.042
-87.935 43.039
-89.363 45.425
-91.097 42.901
-90.926 42.893
-91.010 42.808
-91.020 42.744
-90.944 42.733
-90.433 42.970
-90.488 42.900
-90.436 42.900
-90.487 42.813
-90.498 42.741
-90.471 42.702
-90.460 42.737
-88.055 43.112
-87.876 43.091
-87.880 43.096
-87.970 42.895
-87.956 42.890
-87.971 42.877
-87.943 42.915
-87.863 42.915
-87.860 42.904
-87.858 42.896
-89.981 45.511
-87.894 44.895
-87.875 44.897
-87.959 43.139
-87.952 43.125
-87.959 43.130
-87.951 43.086
-87.985 43.088
-87.992 43.093
-87.980 43.094
-88.011 43.114
-88.718 42.602
-88.728 42.603
-88.669 42.623
-88.617 42.606
-88.738 42.838
-88.716 42.802
-88.769 42.824
-88.635 42.634
-88.330 42.827
-88.518 42.654
-87.936 43.016
-87.945 43.007
-87.950 43.012
-87.952 43.003
-87.940 43.000
-88.005 42.905
-88.063 42.915
-88.014 42.913
-88.017 42.898
-87.969 42.999
-87.961 43.001
-87.983 43.003
-87.925 43.039
-87.900 43.050
-87.876 42.969
-87.876 42.965
-88.013 43.093
-89.245 45.426
-89.135 45.419
-89.069 45.432
-89.363 45.336
-90.981 42.711
-91.003 42.722
-90.464 42.742
-90.471 42.742
-88.055 43.126
-88.053 43.148
-87.893 43.105
-87.900 43.113
-87.901 43.118
-87.959 42.954
-87.955 42.967
-87.999 42.955
-89.858 45.511
-89.925 45.417
-89.893 45.456
-89.762 45.448
-89.741 45.531
-89.694 45.519
-89.693 45.426
-87.890 44.881
-87.877 44.886
-87.869 44.881
-87.844 44.887
-87.952 43.096
-87.955 43.154
-87.917 43.121
-88.023 43.116
-87.970 43.093
-87.972 43.181
-88.722 42.644
-88.617 42.626
-88.631 42.629
-88.641 42.627
-88.759 42.827
-88.746 42.841
-88.756 42.838
-88.710 42.772
-88.499 42.606
-88.756 42.725
-88.477 42.616
-88.003 42.975
-87.987 43.129
-88.000 43.128
-88.011 42.931
-87.907 43.091
-87.918 43.102
-87.983 42.994
-87.994 42.991
-87.991 42.996
-87.999 42.995
-88.003 42.994
-88.014 43.087
-88.011 43.073
-88.013 43.081
-88.002 43.066
-89.176 45.336
-88.987 45.378
-89.364 45.248
-90.950 43.019
-90.976 42.958
-90.936 42.932
-90.975 42.940
-90.970 42.940
-90.837 43.053
-90.476 42.744
-90.482 42.743
-90.490 42.743
-88.030 43.013
-88.015 43.167
-88.033 43.166
-88.014 43.185
-87.904 43.127
-87.898 43.145
-88.001 42.935
-87.996 42.941
-87.984 42.937
-89.730 45.470
-89.733 45.474
-89.727 45.460
-89.713 45.466
-87.864 44.890
-87.856 44.898
-88.190 44.808
-88.056 44.830
-88.089 44.814
-87.909 43.128
-87.928 43.123
-87.935 43.167
-88.012 43.030
-88.000 43.027
-87.983 43.189
-88.021 43.144
-88.014 43.137
-88.036 43.131
-88.575 42.648
-88.548 42.659
-88.579 42.693
-88.551 42.671
-88.560 42.674
-88.623 42.739
-88.614 42.808
-88.335 42.503
-88.557 42.737
-88.426 42.673
-88.741 42.833
-88.365 42.656
-87.978 43.124
-88.032 43.122
-88.032 43.111
-87.914 43.085
-87.928 43.093
-87.908 43.114
-87.939 43.137
-87.996 43.001
-88.006 42.996
-87.914 43.026
-87.910 43.018
-87.881 43.071
-87.881 43.078
-87.888 43.078
-87.883 43.085
-87.888 43.071
-89.241 45.248
-89.115 45.249
-88.975 45.244
-89.031 45.260
-90.797 43.092
-90.851 42.990
-90.824 42.959
-90.859 42.970
-90.486 42.738
-90.498 42.734
-90.495 42.734
-87.980 43.040
-87.979 43.026
-87.962 43.027
-87.899 43.161
-87.890 43.163
-87.907 43.159
-87.981 42.955
-87.995 42.948
-87.992 42.970
-89.705 45.476
-89.728 45.485
-89.610 45.511
-88.090 44.772
-88.034 44.772
-88.008 44.825
-88.042 43.003
-88.057 43.018
-88.056 43.008
-88.034 43.146
-87.980 43.140
-87.998 43.138
-88.014 43.150
-88.555 42.666
-88.491 42.647
-88.532 42.655
-88.563 42.540
-88.329 42.834
-88.390 42.830
-88.355 42.815
-88.395 42.811
-88.613 45.949
-88.393 42.658
-88.359 42.676
-88.731 42.498
-88.677 42.597
-87.980 43.055
-87.983 43.060
-87.991 43.053
-87.995 43.057
-87.943 43.120
-87.909 43.119
-87.922 43.148
-87.923 43.015
-87.922 43.019
-87.930 43.018
-87.931 43.014
-88.010 43.125
-87.892 43.086
-87.891 43.065
-87.885 43.065
-87.884 43.057
-88.863 45.289
-88.915 45.355
-89.302 45.161
-89.105 45.169
-90.843 42.902
-90.861 42.814
-90.838 42.717
-90.696 43.140
-90.489 42.733
-90.489 42.725
-90.480 42.730
-87.945 43.029
-87.966 43.020
-87.981 42.962
-87.888 43.180
-87.848 42.866
-87.881 42.989
-87.888 42.996
-87.992 42.976
-87.980 42.971
-87.993 42.962
-89.610 45.424
-89.483 45.434
-89.454 45.397
-89.517 45.489
-89.456 45.517
-89.951 45.228
-89.857 45.293
-87.963 44.815
-87.953 44.784
-88.006 44.710
-88.024 44.723
-88.031 43.021
-88.032 43.006
-88.018 43.039
-88.027 43.036
-87.994 43.148
-87.998 43.166
-87.963 43.123
-88.506 42.727
-88.462 42.739
-88.394 42.720
-88.338 42.734
-88.503 42.526
-88.509 42.662
-88.474 42.691
-88.608 42.516
-88.614 45.853
-88.521 45.766
-88.365 45.852
-88.750 42.837
-88.742 42.819
-88.673 42.634
-88.402 42.561
-88.597 42.547
-87.993 43.064
-87.979 43.047
-87.984 43.051
-87.966 43.082
-87.989 42.928
-87.974 42.932
-87.981 42.981
-88.014 43.132
-88.009 43.020
-88.003 43.032
-88.041 43.021
-87.893 43.052
-88.021 43.101
-88.054 43.098
-88.045 43.108
-89.166 45.154
-89.146 45.157
-89.160 45.145
-90.703 43.144
-90.683 43.148
-90.711 43.139
-90.462 42.730
-90.485 42.646
-90.492 42.602
-90.437 42.601
-90.433 42.604
-87.963 42.968
-87.961 43.185
-87.961 42.948
-87.883 42.992
-87.938 42.894
-87.970 42.943
-87.953 42.981
-89.735 45.308
-89.769 45.350
-89.607 45.320
-88.573 45.185
-88.433 45.275
-88.047 44.736
-88.069 44.699
-88.101 44.684
-88.035 43.041
-87.962 43.169
-87.905 43.057
-87.886 43.061
-88.507 42.823
-88.453 42.817
-88.604 42.532
-88.583 42.539
-88.556 42.584
-88.507 42.595
-88.272 45.764
-88.085 45.774
-88.119 45.742
-88.153 45.802
-88.247 45.894
-88.215 45.848
-88.274 45.838
-87.928 43.004
-87.929 42.997
-87.924 42.995
-87.906 42.983
-87.898 42.979
-87.972 43.086
-87.977 43.080
-87.981 43.084
-87.984 43.079
-87.997 43.086
-88.034 42.980
-88.059 42.978
-88.012 42.976
-87.942 43.108
-87.952 43.108
-88.056 43.025
-88.022 43.020
-87.876 42.984
-88.023 43.092
-88.025 43.098
-88.023 43.086
-89.143 45.144
-89.159 45.138
-89.148 45.137
-89.171 45.133
-90.712 43.129
-90.725 43.075
-90.725 42.988
-90.725 42.901
-90.435 42.610
-90.428 42.609
-90.428 42.600
-90.459 42.551
-90.516 42.553
-90.436 42.529
-87.953 42.939
-87.937 43.154
-87.937 42.880
-87.939 42.858
-87.986 42.857
-87.965 42.982
-87.974 42.981
-89.616 45.359
-89.486 45.337
-88.616 45.327
-88.431 45.333
-88.623 45.213
-88.106 44.708
-88.101 44.735
-88.034 43.055
-88.032 43.030
-87.881 43.065
-87.913 43.001
-87.922 43.004
-87.925 43.009
-88.438 42.594
-88.482 42.576
-88.546 42.570
-88.530 42.577
-88.246 45.919
-88.142 45.904
-88.198 45.931
-88.398 45.873
-88.445 45.918
-88.131 45.863
-88.216 45.904
-87.899 42.971
-87.470 42.943
-88.064 42.939
-87.912 43.168
-87.905 43.165
-87.973 43.076
-87.980 43.074
-87.939 43.093
-87.991 43.079
-88.000 43.076
-87.951 43.116
-87.990 43.101
-87.918 43.062
-87.917 43.073
-87.890 42.978
-87.885 42.979
-87.893 42.987
-88.021 43.014
-88.027 43.083
-88.034 43.086
-88.021 43.077
-89.136 45.130
-89.151 45.115
-89.140 45.129
-90.759 42.818
-90.702 42.804
-90.679 42.850
-90.701 42.857
-90.718 42.854
-90.437 42.538
-87.942 43.145
-87.942 43.150
-87.933 43.048
-87.955 42.923
-87.969 42.922
-87.966 42.913
-87.965 42.908
-87.879 42.854
-87.868 42.866
-87.910 42.850
-89.765 45.164
-89.677 45.142
-88.432 45.232
-88.504 45.156
-88.382 45.162
-88.249 45.156
-88.180 45.090
-88.150 44.730
-88.168 44.707
-88.056 43.035
-88.058 43.052
-87.925 43.027
-87.935 43.043
-87.940 43.041
-87.941 43.048
-88.469 42.586
-88.447 42.588
-88.513 42.572
-88.545 42.701
-87.907 43.152
-87.907 43.173
-88.057 42.933
-87.968 43.157
-87.989 43.070
-87.967 43.075
-87.916 43.009
-87.944 42.978
-87.983 43.114
-87.911 43.075
-87.913 43.080
-87.912 43.065
-87.900 43.083
-87.900 43.075
-88.012 43.013
-88.022 43.006
-87.995 43.013
-87.993 43.006
-88.002 43.006
-88.034 43.079
-88.054 43.083
-88.019 43.071
-88.029 43.071
-88.986 45.165
-89.025 45.128
-88.867 45.161
-88.721 45.166
-88.741 45.298
-88.770 45.162
-90.713 42.844
-90.720 42.846
-90.716 42.838
-90.701 42.840
-87.897 42.894
-87.919 42.894
-87.918 42.879
-87.991 42.913
-88.014 42.962
-88.003 42.965
-87.914 42.865
-87.870 42.924
-87.870 42.917
-89.640 45.222
-89.736 45.215
-88.181 45.046
-88.302 45.070
-88.424 45.073
-88.470 45.015
-88.436 44.969
-88.404 45.000
-88.217 44.748
-88.212 44.703
-88.227 44.677
-87.844 44.785
-88.051 43.072
-88.061 43.064
-87.943 43.054
-87.929 43.022
-87.925 43.044
-87.920 43.050
-88.436 42.600
-88.445 42.603
-88.424 42.600
-88.445 42.629
-88.491 42.602
-88.506 42.613
-88.389 42.618
-88.402 42.535
-88.432 42.577
-88.530 42.676
-88.542 42.681
-88.623 42.701
-88.536 42.686
-88.648 45.009
-88.632 44.874
-88.543 44.908
-88.555 44.874
-88.893 45.028
-87.977 43.167
-87.990 43.167
-87.993 43.116
-87.990 43.109
-88.003 43.108
-88.001 43.116
-87.896 43.078
-87.902 43.070
-87.907 43.070
-87.897 43.065
-87.902 43.064
-88.032 42.999
-87.955 43.011
-87.961 43.012
-87.980 43.012
-87.984 43.007
-88.038 43.066
-88.008 43.064
-88.018 43.064
-87.879 42.915
-89.155 45.106
-89.167 45.063
-90.707 42.845
-90.707 42.849
-90.703 42.705
-90.743 42.676
-90.711 42.687
-87.886 42.879
-87.908 42.879
-87.924 43.037
-88.038 42.923
-88.056 42.924
-88.050 42.910
-88.023 42.891
-87.884 42.985
-87.877 42.975
-87.884 42.974
-87.936 42.930
-89.662 45.202
-89.662 45.265
-88.369 45.001
-88.344 44.985
-88.284 44.982
-88.173 45.015
-88.032 43.098
-88.038 43.093
-87.919 43.055
-87.898 43.054
-87.906 43.044
-87.909 43.049
-88.360 42.569
-88.368 42.525
-88.351 42.540
-88.410 42.585
-88.451 42.538
-88.574 42.746
-88.398 42.795
-87.980 43.156
-87.971 43.140
-87.973 43.059
-87.984 43.065
-87.965 43.053
-87.964 43.036
-87.908 43.064
-87.927 43.060
-87.934 43.061
-87.892 43.057
-87.931 43.053
-87.991 43.020
-87.980 43.016
-87.885 43.096
-87.891 43.093
-87.887 43.091
-87.891 43.098
-88.013 42.994
-87.888 43.087
-87.900 43.098
-88.014 43.005
-89.037 45.078
-89.082 45.042
-88.640 45.142
-90.687 42.691
-90.601 43.155
-90.572 43.186
-90.605 43.099
-90.608 43.055
-90.629 42.999
-90.581 42.979
-90.654 42.988
-87.919 43.136
-87.926 43.136
-88.020 42.881
-88.005 42.879
-88.048 42.870
-88.045 42.900
-87.920 42.945
-87.897 42.947
-89.791 45.227
-89.672 45.187
-89.687 45.188
-89.700 45.179
-88.186 44.975
-88.097 44.980
-88.039 44.980
-89.642 45.153
-89.555 45.192
-87.970 43.009
-87.976 43.018
-87.980 43.018
-87.986 43.013
-87.923 43.076
-87.920 43.088
-87.936 43.107
-87.935 43.100
-88.439 42.572
-88.423 42.577
-88.418 42.587
-88.329 42.528
-88.419 42.776
-88.392 42.785
-88.349 42.782
-88.419 42.787
-88.403 42.789
-87.902 43.188
-87.946 43.047
-87.952 43.054
-87.953 43.058
-87.909 43.180
-87.962 43.087
-87.962 43.093
-87.980 43.069
-87.973 43.066
-87.972 43.063
-87.897 43.093
-88.033 42.992
-87.905 42.966
-87.918 42.963
-88.022 42.999
-87.901 43.102
-90.662 42.984
-90.639 42.980
-90.656 42.977
-87.912 43.146
-87.905 43.144
-87.906 42.923
-88.032 42.906
-88.051 42.978
-88.054 42.985
-87.932 42.956
-87.941 42.946
-87.942 42.956
-87.942 42.967
-89.703 45.188
-89.718 45.192
-89.733 45.177
-88.050 44.953
-87.971 44.976
-87.861 44.961
-87.944 43.096
-87.933 43.112
-87.888 43.101
-87.877 43.059
-87.940 43.185
-88.315 42.506
-88.620 42.565
-88.600 42.597
-88.560 42.611
-88.497 42.761
-88.573 42.564
-88.327 42.500
-88.334 42.600
-87.990 43.178
-87.999 43.185
-87.980 43.174
-87.916 43.188
-87.852 42.954
-87.877 42.927
-87.864 42.963
-87.858 42.962
-87.961 43.101
-87.941 42.991
-87.922 42.989
-87.929 42.990
-87.937 42.986
-87.932 42.945
-87.904 42.999
-87.907 42.992
-87.898 42.993
-87.856 42.901
-88.011 43.055
-88.003 43.056
-90.653 42.981
-90.660 42.981
-90.606 42.901
-90.601 42.827
-90.612 42.784
-90.603 42.726
-90.611 42.644
-87.892 42.908
-87.920 42.909
-87.900 43.012
-87.895 43.000
-87.877 42.897
-88.029 42.960
-88.052 42.957
-87.920 42.970
-87.936 42.962
-87.916 42.987
-89.687 45.171
-89.666 45.180
-88.429 44.899
-88.337 44.896
-88.274 44.899
-88.308 44.885
-88.314 44.892
-87.992 43.041
-87.917 43.180
-87.899 43.178
-87.914 42.977
-87.906 42.976
-90.251 43.856
-90.266 43.877
-90.169 43.885
-91.939 44.896
-91.914 44.900
-91.969 44.900
-91.984 44.829
-91.524 44.787
-91.606 44.741
-91.512 44.795
-91.454 44.801
-91.462 44.802
-91.346 44.751
-91.269 44.762
-91.479 44.854
-89.628 42.612
-89.625 42.601
-88.622 43.175
-88.567 43.165
-88.544 43.136
-88.612 43.129
-88.930 43.082
-88.964 43.061
-88.760 42.876
-88.703 42.876
-88.741 42.849
-88.740 42.843
-92.077 46.694
-92.058 46.699
-92.058 46.706
-92.057 46.714
-92.071 46.710
-92.080 46.710
-92.188 46.649
-92.108 46.653
-91.960 46.635
-92.009 46.611
-91.826 46.661
-91.834 46.599
-91.890 46.576
-90.785 43.959
-90.794 43.948
-90.374 44.115
-90.373 44.006
-88.350 44.547
-88.333 44.503
-88.315 44.511
-88.324 44.522
-88.458 44.264
-88.448 44.273
-88.441 44.293
-88.470 44.308
-88.328 44.291
-88.271 44.317
-88.315 44.311
-88.336 44.289
-88.297 44.277
-90.563 44.949
-90.579 44.949
-90.599 44.951
-90.609 44.988
-90.666 44.997
-90.589 44.466
-90.510 44.502
-90.496 44.461
-90.174 43.880
-90.175 43.873
-90.151 43.877
-90.115 43.862
-91.929 44.837
-91.907 44.834
-91.680 45.011
-91.744 45.017
-91.492 44.789
-91.505 44.782
-91.410 44.787
-91.429 44.778
-91.462 44.854
-91.003 44.814
-91.040 44.725
-91.108 44.635
-89.631 42.592
-89.633 42.602
-89.639 42.601
-88.912 43.088
-88.907 43.079
-88.710 42.848
-88.623 42.892
-91.784 46.583
-91.636 46.701
-91.699 46.589
-91.701 46.647
-91.607 46.582
-92.107 46.418
-92.229 46.430
-92.172 46.245
-91.987 46.543
-90.787 43.938
-90.806 43.939
-90.386 44.028
-90.373 43.940
-90.378 43.962
-90.374 43.856
-88.335 44.512
-88.335 44.522
-88.656 44.418
-88.727 44.399
-88.690 44.345
-88.640 44.328
-88.627 44.343
-88.484 44.263
-88.473 44.252
-88.456 44.252
-88.309 44.280
-88.309 44.293
-88.318 44.290
-88.327 44.282
-88.286 44.290
-88.317 44.299
-90.739 44.988
-90.863 44.989
-90.795 44.965
-90.796 44.960
-90.795 44.955
-90.376 44.467
-90.386 44.585
-90.160 43.837
-89.943 43.815
-90.007 43.818
-90.038 43.785
-89.970 43.763
-89.999 43.743
-90.141 43.773
-91.721 45.003
-91.728 44.996
-91.715 44.970
-91.819 44.969
-91.885 44.969
-91.839 45.011
-91.435 44.788
-91.459 44.782
-91.445 44.813
-90.984 44.642
-91.129 44.677
-91.434 44.799
-89.645 42.609
-89.658 42.602
-88.918 43.078
-88.897 43.070
-88.566 42.879
-88.594 42.879
-91.993 46.466
-91.885 46.508
-91.789 46.514
-91.700 46.499
-91.699 46.530
-91.829 46.441
-91.622 46.420
-91.821 46.364
-91.821 46.349
-91.828 46.298
-91.801 46.201
-90.817 43.925
-90.820 43.952
-90.825 43.946
-90.373 43.772
-88.650 44.334
-88.584 44.452
-88.577 44.445
-88.467 44.455
-88.461 44.285
-88.451 44.291
-88.440 44.282
-88.412 44.266
-88.315 44.269
-88.313 44.262
-88.265 44.299
-90.805 44.953
-90.811 44.961
-90.807 44.968
-90.868 44.897
-90.819 44.926
-90.737 44.898
-90.373 44.544
-90.461 44.588
-90.083 43.763
-90.084 43.788
-90.075 43.784
-91.955 44.988
-92.030 45.009
-91.449 44.809
-91.396 44.803
-91.390 44.756
-91.439 44.747
-91.483 44.746
-91.422 44.791
-91.113 44.674
-91.111 44.682
-91.124 44.686
-89.656 42.589
-89.644 42.595
-89.644 42.588
-88.896 43.082
-88.906 43.086
-88.923 43.063
-88.818 43.053
-88.874 43.053
-88.695 43.059
-88.583 42.878
-89.010 43.010
-90.832 43.944
-90.830 43.935
-90.818 43.946
-90.818 43.941
-90.815 43.941
-88.406 44.461
-88.450 44.478
-88.451 44.470
-88.426 44.311
-88.408 44.312
-88.365 44.312
-88.380 44.280
-88.364 44.269
-88.253 44.289
-88.261 44.276
-88.263 44.285
-90.770 44.937
-90.639 44.901
-90.488 44.545
-90.527 44.575
-90.067 43.794
-90.078 43.793
-90.087 43.795
-90.087 43.798
-90.080 43.798
-92.081 44.987
-92.124 45.050
-92.039 45.043
-91.513 44.749
-91.492 44.773
-91.479 44.771
-91.449 44.771
-91.126 44.680
-91.249 44.704
-91.255 44.762
-91.565 44.714
-91.357 44.629
-89.375 42.627
-89.370 42.625
-89.371 42.613
-88.749 43.072
-88.780 43.082
-88.766 43.078
-88.565 43.064
-90.731 43.856
-90.729 43.770
-90.781 43.803
-88.340 44.484
-88.344 44.436
-88.266 44.480
-88.412 44.259
-88.387 44.267
-88.382 44.276
-88.368 44.258
-88.250 44.266
-88.277 44.278
-88.287 44.270
-90.578 44.900
-90.496 44.900
-90.324 44.953
-90.331 44.949
-90.325 44.943
-90.595 44.567
-90.586 44.563
-90.607 44.557
-90.598 44.556
-90.099 43.804
-90.079 43.800
-90.074 43.807
-90.252 43.789
-90.248 43.746
-92.084 45.053
-92.095 45.090
-92.043 45.099
-91.986 45.046
-91.950 45.083
-91.904 45.044
-91.472 44.780
-91.454 44.788
-91.438 44.793
-91.429 44.798
-91.469 44.823
-91.483 44.819
-91.314 44.836
-89.378 42.610
-89.384 42.613
-89.381 42.623
-88.625 43.043
-88.619 43.094
-90.785 43.740
-90.612 43.770
-90.494 44.117
-88.556 44.402
-88.476 44.359
-88.735 44.382
-88.360 44.253
-88.381 44.261
-88.386 44.250
-88.372 44.248
-88.281 44.263
-88.277 44.269
-88.277 44.257
-88.304 44.269
-90.321 44.905
-90.315 44.901
-90.320 44.852
-90.376 44.814
-90.463 44.831
-90.583 44.554
-90.619 44.580
-90.623 44.533
-90.276 43.753
-90.270 43.748
-90.273 43.741
-90.263 43.737
-91.711 44.723
-91.834 45.076
-91.713 45.076
-91.442 44.800
-91.427 44.798
-91.436 44.806
-91.446 44.806
-91.497 44.850
-91.478 44.791
-91.465 44.789
-89.591 42.749
-89.588 42.741
-88.622 43.077
-88.990 42.982
-88.992 43.002
-88.935 42.998
-88.943 42.952
-92.149 46.671
-92.130 46.687
-92.101 46.699
-92.101 46.679
-92.083 46.668
-92.064 46.715
-92.074 46.720
-92.081 46.717
-92.085 46.710
-92.086 46.722
-92.092 46.722
-92.100 46.724
-92.103 46.720
-92.101 46.717
-90.502 44.129
-90.534 44.030
-90.472 44.035
-90.440 44.036
-90.528 43.937
-90.465 43.940
-90.511 43.984
-88.632 44.323
-88.436 44.357
-88.530 44.466
-88.226 44.534
-88.419 44.275
-88.412 44.279
-88.385 44.295
-88.402 44.260
-88.427 44.273
-88.298 44.258
-88.271 44.287
-90.510 44.806
-90.620 44.816
-90.576 44.777
-90.570 44.761
-90.590 44.765
-90.607 44.766
-90.740 44.814
-90.273 43.735
-90.243 43.704
-90.267 43.663
-90.224 43.652
-90.264 43.683
-91.818 44.713
-91.727 45.165
-91.842 45.166
-91.897 45.202
-91.375 44.705
-91.159 44.811
-91.513 44.807
-91.531 44.812
-91.506 44.808
-91.517 44.805
-88.690 42.998
-88.751 42.997
-88.795 42.967
-92.066 46.680
-92.045 46.687
-91.992 46.674
-92.093 46.691
-92.101 46.706
-92.101 46.712
-92.094 46.709
-92.101 46.715
-92.091 46.717
-92.093 46.714
-92.105 46.716
-92.105 46.713
-92.105 46.708
-92.115 46.711
-92.115 46.718
-92.122 46.724
-92.128 46.718
-92.125 46.714
-90.613 44.116
-90.613 44.029
-88.210 44.478
-88.215 44.427
-88.281 44.438
-88.384 44.288
-88.410 44.250
-88.394 44.253
-90.861 44.814
-90.861 44.683
-90.740 44.727
-90.132 43.687
-90.019 43.695
-89.993 43.656
-89.905 43.732
-89.895 43.709
-91.740 44.775
-91.811 44.797
-91.898 45.153
-91.973 45.165
-91.226 44.640
-91.483 44.838
-91.490 44.799
-91.510 44.820
-91.479 44.813
-90.958 44.604
-88.857 42.984
-88.785 43.013
-88.794 43.011
-88.802 43.018
-92.120 46.708
-92.138 46.711
-92.132 46.700
-92.153 46.698
-92.111 46.734
-92.088 46.734
-92.081 46.726
-92.091 46.726
-91.764 46.763
-92.097 46.609
-92.103 46.544
-92.206 46.598
-90.611 43.942
-90.611 43.857
-90.627 43.834
-88.559 44.359
-88.599 44.360
-88.436 44.254
-88.424 44.252
-88.435 44.264
-88.399 44.265
-90.622 44.723
-90.489 44.746
-89.907 43.665
-89.836 43.672
-91.738 44.829
-92.055 44.728
-91.884 44.768
-92.095 45.165
-91.500 44.824
-91.518 44.825
-91.283 44.762
-91.351 44.804
-91.500 44.706
-89.779 42.814
-89.659 42.840
-89.665 42.796
-89.641 42.817
-89.629 42.818
-88.812 43.016
-88.820 43.012
-88.820 43.000
-90.503 44.013
-90.516 44.005
-88.517 44.359
-88.192 44.586
-88.452 44.399
-88.395 44.394
-88.397 44.354
-88.402 44.271
-88.402 44.277
-88.431 44.283
-88.399 44.290
-88.420 44.288
-90.505 44.704
-90.496 44.740
-90.501 44.731
-90.491 44.731
-91.959 44.794
-91.940 44.723
-92.068 44.789
-91.491 44.809
-91.472 44.803
-91.462 44.828
-91.453 44.832
-91.606 44.787
-89.641 42.809
-89.630 42.809
-89.532 42.855
-89.539 42.826
-89.557 42.786
-88.819 42.992
-88.807 42.996
-88.795 42.998
-88.717 42.955
-88.715 42.919
-88.619 42.988
-90.496 44.003
-90.498 43.993
-90.525 43.987
-90.510 43.991
-88.263 44.368
-88.282 44.372
-88.294 44.349
-88.342 44.344
-88.336 44.372
-88.403 44.309
-88.401 44.300
-88.400 44.283
-88.391 44.284
-90.376 44.728
-90.370 44.666
-90.252 44.180
-92.061 44.828
-92.075 44.901
-92.077 44.951
-91.469 44.838
-91.442 44.843
-91.423 44.843
-89.427 42.828
-89.376 42.851
-89.433 42.786
-89.419 42.749
-89.433 42.708
-88.946 43.151
-88.983 43.192
-89.000 43.189
-88.561 42.978
-88.621 42.946
-88.591 43.012
-90.897 44.104
-90.820 44.082
-90.840 43.910
-90.881 43.963
-90.479 43.991
-90.491 43.983
-90.508 43.980
-88.292 44.402
-88.346 44.397
-88.221 44.365
-88.529 44.290
-88.391 44.277
-88.370 44.301
-88.435 44.244
-88.444 44.335
-88.385 44.336
-88.369 44.270
-88.349 44.252
-90.380 44.623
-90.497 44.640
-90.132 44.202
-90.012 44.175
-90.252 44.046
-90.152 44.049
-90.086 44.070
-91.713 44.872
-91.686 44.874
-91.710 44.910
-91.729 44.936
-91.827 44.902
-91.418 44.821
-91.590 44.640
-91.501 44.778
-89.442 42.705
-89.433 42.708
-89.548 42.752
-89.540 42.710
-89.661 42.727
-88.999 43.176
-88.985 43.185
-88.979 43.180
-88.867 43.141
-88.960 42.896
-88.800 42.896
-88.843 42.892
-88.855 42.866
-88.900 42.883
-90.843 43.991
-90.802 43.990
-90.909 43.906
-90.851 43.856
-90.851 43.769
-90.504 43.980
-90.514 43.971
-90.507 43.974
-90.520 43.757
-90.520 43.981
-90.507 43.970
-88.669 44.552
-88.705 44.516
-88.728 44.531
-88.555 44.283
-88.230 44.320
-88.528 44.296
-88.322 44.259
-88.332 44.247
-88.312 44.252
-88.226 44.271
-90.609 44.640
-90.670 44.640
-90.041 43.995
-90.072 44.023
-90.012 43.948
-90.024 43.888
-91.857 44.849
-91.870 44.831
-91.879 44.898
-91.901 44.877
-91.484 44.782
-91.515 44.816
-89.779 42.727
-89.779 42.640
-88.813 43.128
-88.760 43.150
-88.686 43.158
-88.756 43.191
-88.738 43.194
-88.726 43.193
-88.721 43.183
-88.718 43.194
-88.873 42.936
-88.858 42.936
-88.849 42.932
-88.843 42.942
-90.732 44.115
-90.762 44.027
-90.486 43.973
-90.496 43.873
-88.554 44.546
-88.679 44.258
-88.637 44.294
-88.688 44.288
-88.300 44.253
-88.339 44.269
-88.344 44.262
-88.330 44.275
-88.326 44.271
-90.740 44.640
-90.862 44.553
-90.138 43.944
-90.107 43.906
-91.909 44.864
-91.930 44.861
-91.940 44.863
-91.928 44.869
-91.932 44.873
-91.537 44.842
-91.556 44.810
-91.603 44.831
-91.552 44.822
-91.425 44.697
-91.460 44.702
-91.471 44.638
-89.691 42.640
-89.630 42.645
-89.544 42.639
-89.446 42.641
-89.415 42.604
-88.702 43.193
-88.700 43.183
-88.711 43.186
-88.841 42.933
-88.853 42.909
-88.846 42.908
-90.703 44.030
-90.769 43.961
-90.703 43.951
-90.744 43.919
-90.812 43.946
-90.810 43.953
-90.543 43.838
-90.472 43.835
-90.527 43.813
-90.475 43.777
-88.409 44.545
-88.287 44.552
-88.710 44.303
-88.517 44.316
-88.504 44.283
-88.314 44.246
-88.334 44.253
-88.357 44.265
-88.346 44.274
-88.348 44.267
-90.365 45.014
-90.750 44.572
-90.731 44.533
-90.252 43.938
-90.269 43.919
-91.922 44.873
-91.945 44.878
-91.540 44.796
-91.534 44.826
-91.324 44.663
-91.418 44.797
-89.392 42.661
-89.425 42.549
-89.545 42.583
-89.563 42.536
-89.504 42.538
-89.690 42.552
-89.630 42.546
-89.778 42.550
-89.789 42.579
-88.715 43.171
-88.733 43.178
-88.747 43.180
-88.835 42.916
-88.825 42.946
-88.829 42.922
-90.807 43.947
-90.803 43.946
-90.824 43.933
-90.783 43.746
-90.374 44.050
-90.368 43.793
-88.697 44.465
-88.470 44.544
-88.468 44.567
-88.325 44.504
-88.525 44.263
-88.557 44.316
-88.593 44.283
-88.329 44.265
-88.319 44.255
-88.302 44.298
-88.350 44.282
-88.288 44.282
-88.298 44.288
-90.332 45.003
-90.384 44.976
-90.435 44.952
-90.471 44.985
-90.530 44.993
-90.554 44.951
-90.741 44.466
-90.650 44.465
-91.080 45.249
-90.987 45.227
-91.417 44.931
-91.397 44.935
-87.915 42.561
-87.943 42.558
-87.854 42.660
-87.912 42.662
-87.830 42.652
-87.602 44.853
-87.383 45.012
-90.021 45.077
-89.904 45.076
-89.612 44.938
-89.615 44.950
-89.619 44.932
-89.588 44.937
-89.606 44.950
-89.284 44.900
-89.337 44.887
-90.257 44.815
-89.451 44.731
-89.285 44.725
-89.226 44.927
-90.015 42.770
-89.898 42.791
-89.860 42.808
-90.367 42.682
-90.250 42.654
-91.607 45.157
-91.567 45.198
-91.460 45.163
-91.367 44.950
-91.412 44.920
-91.367 44.928
-91.308 44.944
-91.276 44.932
-91.341 44.929
-87.857 42.559
-87.859 42.608
-87.846 42.597
-87.830 42.630
-87.850 42.632
-89.786 45.076
-90.233 45.009
-89.625 44.957
-89.613 44.959
-89.627 44.965
-89.611 44.969
-90.310 44.851
-90.142 44.816
-90.072 44.808
-90.072 44.794
-90.015 44.785
-87.266 45.043
-87.365 44.899
-87.401 44.897
-87.372 44.830
-87.360 44.852
-90.158 42.655
-90.079 42.652
-90.113 42.690
-90.116 42.684
-90.114 42.682
-91.279 45.165
-91.331 44.886
-91.297 44.919
-91.269 44.890
-88.283 42.580
-87.826 42.547
-87.818 42.543
-87.861 42.627
-87.837 42.626
-90.269 44.980
-90.315 45.004
-90.139 44.989
-89.625 44.975
-89.611 44.978
-89.609 44.989
-90.018 44.831
-89.894 44.812
-89.767 44.794
-90.110 42.684
-90.116 42.676
-90.125 42.672
-89.928 42.639
-91.112 45.156
-91.127 45.171
-91.159 45.172
-91.248 44.939
-91.125 44.902
-91.187 44.900
-88.240 42.595
-88.138 42.518
-88.033 42.575
-87.981 42.576
-87.842 42.613
-87.855 42.591
-87.871 42.613
-90.020 44.988
-89.904 44.989
-89.613 44.999
-89.631 44.982
-89.774 44.838
-89.698 44.827
-89.701 44.797
-89.897 42.551
-89.876 42.567
-90.034 42.563
-91.162 45.159
-91.143 45.156
-91.591 45.072
-91.434 45.098
-91.014 44.901
-88.132 42.505
-88.150 42.529
-88.104 42.510
-88.016 42.606
-87.831 42.597
-87.835 42.590
-88.074 42.513
-87.959 42.527
-89.806 44.988
-89.747 45.010
-89.736 44.963
-89.650 44.987
-89.642 44.971
-89.653 44.977
-89.688 44.959
-89.719 44.961
-89.711 44.787
-89.715 44.796
-89.721 44.792
-89.723 44.787
-90.023 42.580
-90.139 42.528
-90.253 42.531
-91.513 45.072
-91.458 45.057
-88.088 42.515
-88.099 42.578
-87.992 42.554
-88.050 42.515
-87.849 42.564
-87.818 42.566
-87.839 42.558
-90.254 44.901
-90.308 44.940
-89.700 44.968
-89.663 44.954
-89.640 44.958
-89.634 44.949
-89.658 44.948
-89.677 44.786
-89.653 44.823
-90.221 42.581
-90.226 42.573
-90.238 42.571
-90.235 42.577
-91.499 45.109
-91.503 45.098
-91.482 45.096
-91.484 45.107
-91.321 45.020
-91.358 44.977
-88.130 42.597
-88.094 42.570
-88.063 42.505
-88.092 42.552
-88.079 42.569
-88.172 42.517
-87.828 42.561
-87.837 42.583
-86.791 45.028
-86.915 45.381
-87.042 45.271
-87.095 45.223
-87.087 45.174
-90.312 44.910
-90.139 44.902
-89.645 44.943
-89.654 44.961
-89.643 44.964
-89.650 44.956
-89.531 44.929
-89.635 44.792
-89.552 44.801
-90.336 42.570
-90.395 42.532
-91.397 45.025
-91.319 45.078
-91.244 45.031
-91.312 44.998
-91.273 44.966
-88.105 42.574
-88.114 42.575
-88.197 42.513
-88.228 42.507
-88.254 42.509
-87.851 42.576
-87.931 42.644
-87.819 42.641
-87.832 42.609
-87.130 45.187
-87.166 45.159
-87.106 45.100
-87.088 45.057
-87.165 45.123
-87.262 45.184
-90.023 44.902
-90.015 44.866
-89.969 44.920
-89.604 44.920
-89.613 44.927
-89.619 44.912
-89.649 44.848
-89.617 44.847
-89.549 44.843
-89.620 44.854
-90.383 46.059
-90.490 46.008
-90.394 42.599
-90.383 42.570
-90.424 42.607
-90.424 42.602
-91.152 45.067
-91.000 45.093
-88.105 42.560
-88.106 42.549
-88.143 42.570
-88.166 42.557
-88.261 42.514
-88.271 42.521
-88.090 42.653
-88.007 42.648
-88.303 42.497
-87.288 45.050
-87.170 44.980
-87.224 45.047
-87.229 44.896
-89.959 44.925
-89.904 44.900
-89.626 44.907
-89.527 44.881
-89.573 44.895
-89.629 44.837
-89.365 44.805
-89.434 44.817
-89.287 44.814
-89.248 44.784
-90.501 46.016
-90.709 46.025
-90.492 46.110
-90.518 46.174
-90.768 46.112
-90.739 46.198
-90.424 42.531
-91.590 44.987
-91.502 45.007
-91.473 44.975
-91.422 44.993
-91.194 43.420
-91.078 43.375
-91.090 43.350
-90.901 43.364
-90.849 43.321
-88.175 42.567
-88.201 42.595
-88.238 42.525
-88.256 42.539
-87.831 42.580
-87.843 42.575
-87.830 42.573
-87.261 44.813
-87.356 44.839
-87.358 44.832
-87.366 44.839
-89.782 44.922
-89.786 44.880
-89.843 44.937
-89.571 44.908
-89.530 44.906
-89.542 44.917
-90.256 44.748
-90.258 44.707
-90.290 44.750
-90.668 46.288
-90.661 46.324
-90.615 46.377
-90.733 46.381
-90.859 46.317
-90.876 46.401
-90.668 46.506
-90.771 46.434
-90.859 46.437
-91.178 44.982
-91.107 44.993
-90.826 43.292
-90.727 43.332
-90.751 43.379
-90.811 43.393
-90.773 43.392
-90.726 43.249
-88.231 42.572
-88.060 42.553
-88.040 42.553
-87.911 42.592
-88.219 42.540
-87.839 42.569
-87.815 42.645
-87.857 42.584
-87.369 44.831
-87.374 44.835
-87.375 44.843
-87.382 44.844
-89.837 44.924
-89.847 44.928
-89.664 45.078
-89.574 44.921
-89.588 44.907
-89.587 44.897
-89.601 44.898
-89.600 44.907
-90.307 44.752
-90.301 44.761
-90.209 44.693
-90.167 44.689
-90.154 44.687
-90.865 46.480
-90.778 46.547
-90.858 46.535
-90.905 46.565
-91.161 44.948
-91.144 44.952
-91.009 44.990
-91.040 44.953
-90.928 44.968
-90.845 43.245
-90.998 43.261
-91.046 43.249
-90.857 43.183
-90.779 43.164
-90.940 43.166
-87.871 42.524
-87.838 42.515
-87.870 42.501
-87.943 42.574
-87.924 42.594
-87.914 42.617
-88.139 42.638
-88.238 42.537
-87.862 42.576
-88.164 42.543
-88.217 42.561
-87.425 42.580
-88.098 42.587
-87.359 44.846
-87.367 44.851
-87.374 44.852
-87.351 44.851
-87.345 44.828
-87.343 44.836
-87.334 44.821
-87.328 44.797
-87.393 44.833
-89.655 45.005
-89.702 45.000
-89.710 45.076
-89.657 45.028
-89.537 45.069
-89.575 44.873
-89.616 44.894
-89.629 44.887
-90.152 44.734
-90.110 44.729
-90.896 46.573
-90.882 46.574
-90.932 44.962
-90.950 44.967
-90.947 44.953
-91.603 44.923
-91.025 43.162
-91.071 43.159
-91.097 43.084
-90.911 43.101
-90.900 43.085
-90.995 43.062
-91.083 43.021
-87.874 42.582
-87.895 42.573
-87.870 42.563
-87.882 42.563
-87.916 42.525
-88.281 42.503
-88.292 42.521
-87.392 44.826
-87.398 44.833
-87.362 44.782
-87.332 44.724
-87.450 44.724
-87.500 44.697
-89.603 45.075
-89.542 44.979
-89.557 45.013
-89.544 44.954
-89.696 44.939
-89.623 44.884
-89.614 44.883
-89.621 44.867
-89.599 44.886
-90.181 44.727
-90.040 44.748
-90.872 46.574
-90.886 46.582
-91.592 44.879
-91.499 44.911
-91.474 44.866
-91.368 44.888
-91.136 43.057
-91.131 43.044
-91.137 43.050
-91.142 43.035
-91.145 43.040
-87.858 42.545
-87.854 42.546
-87.837 42.549
-88.286 42.545
-88.120 42.530
-88.147 42.544
-87.479 44.691
-87.439 44.784
-89.655 44.935
-89.639 44.907
-89.658 44.879
-89.704 44.884
-89.419 45.075
-89.285 45.074
-89.460 44.989
-90.010 44.716
-89.905 44.728
-90.895 46.587
-90.886 46.590
-91.423 45.250
-91.403 44.896
-91.413 44.871
-91.431 44.902
-91.458 44.887
-91.154 43.050
-91.148 43.064
-87.837 42.531
-87.818 42.520
-88.172 42.549
-87.819 42.578
-87.510 44.797
-87.463 44.867
-87.405 44.830
-87.405 44.818
-87.378 44.823
-87.366 44.809
-87.389 44.818
-90.377 44.901
-90.321 44.918
-90.319 44.912
-89.664 44.906
-89.692 44.918
-89.668 44.928
-89.387 44.987
-89.285 44.986
-89.391 44.903
-89.786 44.728
-89.638 44.732
-89.692 44.729
-90.382 42.769
-90.315 42.772
-90.333 42.738
-90.876 46.587
-90.848 46.585
-90.876 46.595
-90.842 46.606
-90.672 46.610
-90.469 47.025
-90.622 46.923
-91.227 45.246
-91.131 45.244
-91.384 44.949
-91.409 44.950
-91.148 43.051
-91.133 43.029
-87.829 42.500
-87.999 42.517
-87.819 42.590
-87.823 42.612
-87.896 42.640
-87.862 42.646
-87.702 44.720
-87.624 44.717
-87.566 44.720
-90.139 45.078
-90.071 45.033
-90.085 45.036
-89.648 44.923
-89.660 44.897
-89.629 44.931
-89.625 44.938
-89.460 44.898
-89.710 44.700
-89.549 44.729
-89.380 44.723
-90.243 42.754
-90.132 42.756
-89.884 42.746
-89.908 42.712
-89.866 42.701
-90.007 42.700
-89.224 43.137
-89.194 43.185
-89.342 42.887
-89.370 42.856
-89.393 42.886
-89.378 43.152
-89.359 43.142
-89.358 43.130
-89.366 43.133
-89.379 43.132
-89.369 43.125
-89.359 43.114
-89.480 43.031
-89.493 43.029
-89.491 43.024
-89.492 43.019
-89.493 43.009
-91.225 43.789
-91.184 43.835
-91.275 43.846
-91.301 43.888
-89.511 43.010
-89.509 43.022
-89.502 43.028
-89.493 43.036
-89.490 43.043
-89.483 43.048
-89.504 43.049
-89.531 43.037
-89.340 43.068
-89.332 43.062
-89.318 43.052
-89.420 43.044
-89.428 43.034
-89.441 43.034
-89.434 43.009
-89.442 43.002
-89.452 43.008
-89.454 42.975
-89.394 42.963
-89.395 43.006
-89.325 43.208
-89.449 43.242
-89.399 43.258
-89.396 43.187
-89.416 43.151
-89.446 43.162
-89.446 43.136
-89.468 43.200
-89.540 43.001
-89.531 42.997
-89.535 42.986
-89.780 43.141
-89.748 43.140
-89.745 43.135
-89.779 43.076
-90.563 45.894
-90.575 45.953
-90.385 45.946
-90.273 45.934
-89.747 43.009
-89.779 42.901
-89.374 43.116
-89.453 43.079
-89.371 43.038
-89.500 43.250
-89.827 43.018
-90.526 45.161
-90.359 45.190
-90.325 45.157
-90.336 45.149
-89.202 43.189
-89.219 43.177
-89.220 43.185
-89.218 43.191
-89.453 42.883
-89.462 42.929
-89.358 43.101
-89.342 43.095
-89.357 43.089
-91.270 43.867
-91.264 43.860
-89.327 43.075
-89.328 43.067
-89.344 43.063
-89.330 43.057
-89.336 43.044
-89.330 43.052
-89.342 43.058
-89.398 43.035
-89.402 43.041
-89.390 43.040
-89.381 43.044
-89.352 43.206
-89.345 43.226
-89.337 43.219
-89.314 43.228
-89.457 43.200
-89.456 43.195
-89.447 43.200
-89.449 43.194
-89.473 43.186
-89.466 43.190
-89.466 43.185
-89.782 42.987
-89.736 43.015
-89.726 43.011
-90.455 45.945
-90.455 45.931
-90.455 45.919
-90.443 45.922
-90.864 45.335
-90.336 45.139
-90.629 45.075
-90.336 45.129
-90.352 45.127
-90.898 43.568
-90.893 43.562
-90.887 43.559
-90.885 43.555
-90.899 43.555
-90.895 43.549
-90.529 43.613
-90.372 43.597
-89.200 43.201
-89.219 43.198
-89.235 43.197
-89.232 43.191
-89.418 42.923
-89.378 42.938
-89.376 42.929
-89.376 42.922
-89.369 43.081
-89.379 43.075
-89.368 43.092
-89.373 43.087
-91.249 43.792
-91.260 43.813
-89.416 43.056
-89.387 43.036
-89.383 43.035
-89.478 43.022
-89.467 43.022
-89.301 43.206
-89.272 43.218
-89.295 43.262
-89.360 43.249
-89.466 43.180
-89.458 43.188
-89.451 43.188
-89.453 43.181
-89.524 43.108
-89.493 43.110
-89.717 43.005
-89.735 43.005
-89.740 42.998
-90.448 45.922
-90.435 45.947
-90.440 45.936
-90.336 45.849
-90.145 45.896
-90.562 45.785
-90.443 45.702
-90.360 45.137
-90.358 45.144
-90.347 45.148
-90.223 45.168
-90.200 46.460
-90.183 46.455
-90.201 46.441
-90.077 46.297
-90.073 46.209
-90.222 46.145
-90.046 46.173
-90.011 46.144
-90.095 46.039
-89.214 43.965
-89.213 43.828
-89.306 43.856
-89.235 43.182
-89.231 43.178
-89.236 43.172
-89.254 43.163
-89.376 42.913
-89.384 42.913
-89.385 42.922
-89.380 43.081
-89.389 43.079
-89.389 43.077
-89.394 43.073
-89.385 43.073
-89.392 43.069
-91.247 43.802
-91.237 43.801
-91.228 43.802
-89.455 43.024
-89.440 43.022
-89.421 43.022
-89.413 43.030
-89.344 43.257
-89.352 43.250
-89.363 43.244
-89.420 43.177
-89.440 43.169
-89.542 43.250
-89.520 43.183
-89.571 43.168
-89.479 43.112
-89.469 43.129
-89.506 43.099
-89.528 42.982
-89.514 42.979
-89.568 42.903
-89.510 42.900
-90.424 45.687
-90.540 45.687
-90.382 45.649
-90.388 45.760
-90.283 45.710
-90.271 45.776
-90.401 45.700
-89.246 45.922
-89.253 45.913
-89.258 45.917
-89.262 45.931
-89.368 43.683
-89.286 43.689
-89.279 43.777
-89.345 43.803
-89.335 43.754
-89.332 43.787
-89.247 43.182
-89.247 43.192
-89.253 43.199
-89.270 43.178
-89.396 42.919
-89.390 42.929
-89.270 42.986
-89.398 43.072
-89.397 43.075
-89.407 43.076
-89.405 43.071
-89.399 43.065
-91.222 43.887
-91.302 43.978
-91.087 43.772
-89.336 43.248
-89.329 43.245
-89.338 43.240
-89.354 43.230
-89.538 43.133
-89.535 43.090
-89.571 43.114
-89.572 43.093
-89.579 43.067
-89.533 42.868
-89.540 42.862
-89.367 43.104
-89.438 43.078
-90.410 45.695
-90.404 45.686
-90.397 45.688
-90.274 45.138
-90.106 45.164
-90.862 45.075
-89.321 43.786
-89.321 43.796
-89.342 43.800
-89.388 43.742
-89.427 43.776
-89.473 43.768
-89.264 43.133
-89.268 43.179
-89.292 43.176
-89.334 43.170
-89.018 43.009
-89.316 42.977
-89.320 42.993
-89.352 43.004
-89.412 43.063
-89.404 43.061
-89.392 43.056
-91.078 43.800
-90.970 43.855
-90.997 43.894
-89.515 43.089
-89.497 43.089
-89.488 43.097
-89.588 43.046
-89.548 43.047
-89.571 43.011
-89.662 42.901
-89.672 42.991
-89.620 42.974
-89.666 43.105
-89.659 43.063
-89.657 43.109
-90.389 45.685
-90.146 45.715
-89.024 43.001
-89.033 42.971
-89.098 42.885
-89.043 42.899
-89.057 42.856
-89.234 42.880
-89.169 42.886
-89.197 42.900
-89.340 42.966
-89.299 42.950
-89.268 42.944
-89.391 43.047
-89.357 43.066
-89.377 43.038
-89.352 43.032
-89.398 43.032
-89.417 43.030
-91.208 43.685
-91.295 44.035
-91.255 43.961
-90.988 43.892
-91.061 43.885
-91.091 43.904
-89.508 42.996
-89.551 42.963
-89.553 42.991
-89.544 42.987
-89.548 42.998
-89.651 43.117
-89.639 43.113
-89.632 43.120
-89.693 43.162
-89.634 43.163
-89.665 43.274
-89.656 43.232
-89.752 43.190
-90.740 45.335
-90.464 45.335
-90.109 45.317
-90.212 45.343
-90.203 45.319
-90.617 45.617
-90.494 45.594
-90.355 45.589
-90.161 45.621
-90.618 45.463
-89.226 42.933
-89.228 42.923
-89.220 42.921
-89.304 43.029
-89.296 43.011
-89.290 43.006
-89.428 43.029
-89.408 43.069
-89.417 43.071
-89.418 43.076
-91.254 43.950
-91.278 43.939
-91.251 43.931
-91.245 43.924
-91.066 43.905
-91.085 43.901
-91.073 43.895
-89.790 43.174
-89.803 43.173
-90.587 45.530
-90.491 45.481
-90.534 45.537
-90.349 45.456
-91.163 43.460
-91.198 43.431
-91.488 46.093
-91.382 46.129
-91.365 46.074
-91.114 46.112
-91.509 46.029
-91.078 46.022
-91.279 46.041
-90.801 45.896
-90.984 45.938
-90.881 45.743
-91.013 45.822
-89.210 42.923
-89.210 42.911
-89.278 43.010
-89.297 43.018
-89.290 43.023
-89.279 43.021
-89.292 43.039
-89.433 43.084
-89.431 43.070
-89.423 43.065
-91.248 43.947
-91.203 43.970
-91.221 43.909
-91.236 43.906
-91.320 43.928
-91.192 43.933
-91.080 43.849
-91.144 44.036
-91.023 44.026
-91.159 43.803
-90.864 45.249
-90.362 45.249
-90.741 45.249
-90.618 45.205
-90.495 45.247
-90.740 45.075
-90.724 45.075
-90.568 45.075
-90.287 45.113
-90.496 45.075
-90.456 45.403
-90.227 45.532
-90.372 45.531
-91.339 45.939
-91.379 45.921
-91.398 45.951
-91.456 45.949
-91.495 45.920
-91.473 45.827
-91.339 45.864
-91.350 45.784
-91.300 45.798
-91.226 45.830
-91.113 45.831
-91.174 45.749
-91.358 45.682
-91.480 45.702
-89.226 42.915
-89.236 42.915
-89.241 42.920
-89.258 43.086
-89.328 43.103
-89.289 43.049
-89.286 43.066
-89.295 43.081
-89.280 43.079
-89.266 43.103
-89.431 43.057
-89.445 43.043
-91.250 44.015
-91.086 43.949
-91.257 43.969
-91.254 43.853
-91.252 43.873
-91.101 43.897
-90.971 43.769
-90.189 45.244
-90.865 45.166
-90.741 45.159
-90.404 45.150
-90.341 45.144
-90.807 45.166
-90.464 45.161
-90.378 45.059
-90.368 45.102
-90.253 45.074
-90.314 45.076
-90.289 45.541
-90.095 45.550
-90.135 45.511
-89.242 42.926
-89.234 42.933
-89.291 43.092
-89.306 43.092
-89.299 43.103
-89.306 43.110
-89.454 43.032
-89.446 43.055
-89.445 43.067
-91.245 43.826
-91.243 43.838
-91.205 43.861
-91.217 43.800
-91.210 43.819
-91.199 43.802
-91.198 43.758
-91.102 43.826
-91.244 43.935
-91.127 45.941
-91.246 45.927
-91.395 46.026
-91.524 45.997
-91.420 45.997
-91.479 46.021
-91.492 46.018
-91.487 46.004
-91.472 46.009
-91.316 45.968
-91.112 45.682
-91.218 45.768
-91.235 45.683
-91.242 45.668
-90.228 45.424
-90.104 45.432
-90.804 43.646
-90.852 43.649
-90.864 43.658
-90.866 43.648
-90.855 43.664
-89.226 42.990
-89.220 42.951
-89.166 42.948
-89.318 43.077
-89.322 43.094
-89.442 43.070
-89.461 43.065
-89.459 43.072
-91.194 43.781
-91.162 43.778
-91.077 43.742
-91.162 43.743
-91.178 43.877
-91.208 43.872
-91.238 43.812
-91.208 43.783
-91.231 43.816
-90.363 43.694
-90.332 43.652
-91.193 43.556
-91.150 43.517
-91.226 43.573
-90.886 43.548
-90.878 43.549
-90.879 43.564
-89.784 43.213
-89.219 43.217
-89.229 43.244
-89.166 42.992
-89.217 43.100
-89.234 43.088
-89.339 43.102
-89.346 43.104
-89.344 43.115
-89.326 43.110
-89.423 43.097
-89.485 43.076
-89.481 43.065
-91.232 43.876
-91.227 43.880
-91.167 43.875
-91.213 43.891
-91.141 43.907
-91.300 43.936
-91.231 43.885
-91.215 43.881
-90.731 43.596
-90.600 43.572
-90.618 43.612
-91.040 43.471
-90.901 43.477
-89.168 43.240
-89.068 43.240
-89.072 43.180
-89.068 43.136
-89.067 43.164
-89.077 43.170
-89.067 43.171
-89.067 43.176
-89.223 43.048
-89.159 43.090
-89.306 43.123
-89.295 43.115
-89.486 43.056
-89.494 43.069
-89.506 43.068
-91.099 43.903
-90.917 43.907
-90.962 43.965
-91.190 43.643
-91.215 43.616
-91.218 43.663
-91.099 43.686
-91.050 43.663
-91.100 43.655
-90.960 43.678
-91.010 43.697
-91.011 43.702
-90.851 43.686
-90.860 43.647
-90.762 43.670
-90.721 43.686
-90.612 43.682
-90.594 43.722
-90.492 43.682
-90.402 43.659
-90.339 43.658
-90.345 43.654
-90.349 43.653
-91.085 43.584
-90.963 43.620
-90.990 43.586
-90.931 43.571
-90.985 43.538
-90.870 43.580
-90.846 43.614
-90.826 43.541
-90.902 43.539
-90.732 43.524
-90.678 43.506
-90.748 43.460
-90.759 43.448
-90.423 46.500
-90.181 46.445
-89.540 43.938
-89.461 43.937
-89.060 43.181
-89.055 43.172
-89.104 43.065
-89.043 43.068
-89.079 43.051
-89.069 43.053
-89.166 43.047
-89.210 43.093
-89.194 43.103
-89.287 43.145
-89.306 43.136
-89.318 43.151
-89.511 43.058
-89.516 43.068
-89.520 43.081
-89.541 43.066
-91.272 43.972
-91.339 43.974
-91.270 43.964
-91.272 43.957
-90.638 43.578
-90.482 43.591
-90.504 46.472
-90.417 46.692
-90.475 46.333
-90.358 46.274
-90.285 46.477
-90.264 46.365
-90.217 46.314
-90.246 46.428
-90.229 46.436
-89.404 43.939
-89.306 43.939
-89.204 43.914
-89.209 43.955
-89.424 43.856
-89.493 43.887
-89.869 46.223
-89.692 46.208
-89.397 46.156
-89.122 46.076
-89.014 46.033
-89.866 46.113
-89.747 46.103
-89.635 46.093
-89.547 46.024
-89.442 46.059
-89.278 46.097
-89.364 45.942
-89.460 45.942
-89.527 45.939
-89.663 45.952
-89.722 45.915
-89.701 45.937
-89.101 42.978
-89.043 42.979
-89.159 43.174
-89.169 43.136
-89.203 43.090
-89.197 43.091
-89.196 43.080
-89.202 43.080
-89.209 43.081
-89.284 42.891
-89.334 43.132
-89.398 43.135
-89.382 43.138
-89.383 43.144
-89.455 43.054
-89.465 43.051
-89.471 43.037
-91.226 43.899
-91.241 43.892
-91.222 43.776
-91.230 43.748
-89.492 43.878
-89.503 43.842
-89.556 43.859
-89.547 43.803
-89.537 43.760
-89.562 43.780
-89.551 43.687
-89.484 43.673
-89.449 43.682
-89.470 43.716
-89.266 46.036
-89.187 46.004
-89.107 45.939
-89.217 45.924
-89.201 45.962
-89.173 45.919
-89.240 45.884
-89.260 45.961
-89.288 45.940
-89.240 45.917
-89.716 46.030
-89.920 45.935
-89.828 46.014
-89.888 45.996
-88.333 44.241
-88.333 44.229
-88.349 44.205
-88.398 44.238
-88.390 44.239
-91.105 44.115
-91.020 44.107
-90.979 44.148
-90.997 44.131
-90.946 44.185
-90.979 44.223
-90.953 44.270
-88.912 42.712
-88.837 42.712
-89.309 42.629
-89.365 42.619
-89.044 42.506
-89.050 42.500
-89.039 42.503
-92.515 45.518
-92.501 45.526
-92.579 45.511
-92.318 45.268
-92.262 45.280
-92.209 45.248
-92.260 45.249
-88.220 43.426
-88.208 43.421
-88.194 43.398
-88.232 43.237
-88.161 43.205
-88.212 43.200
-88.212 43.244
-88.124 43.441
-88.179 43.411
-89.126 43.855
-89.137 43.857
-89.012 43.832
-88.936 43.866
-88.904 43.830
-88.953 43.840
-88.967 43.839
-87.633 44.176
-87.561 44.212
-87.535 44.185
-87.586 44.174
-87.667 44.092
-87.696 44.102
-87.664 44.078
-87.942 43.376
-87.942 43.388
-87.956 43.265
-87.916 43.267
-87.917 43.234
-87.930 43.247
-88.381 44.240
-88.374 44.241
-88.368 44.241
-90.882 44.288
-90.946 44.315
-91.007 44.317
-90.783 44.383
-90.882 44.335
-90.881 44.308
-89.325 42.801
-89.261 42.629
-89.249 42.631
-89.184 42.626
-89.229 42.645
-89.032 42.519
-89.018 42.522
-89.022 42.515
-89.031 42.501
-89.022 42.506
-89.017 42.512
-92.674 45.520
-92.612 45.456
-92.278 45.249
-92.386 45.879
-92.173 46.114
-92.287 46.022
-92.318 45.996
-92.113 46.027
-92.098 45.971
-92.093 45.931
-92.220 45.943
-92.321 45.945
-92.380 45.939
-92.481 45.943
-88.169 43.390
-88.154 43.297
-88.132 43.203
-88.175 43.224
-88.146 43.225
-88.173 43.416
-88.191 43.414
-88.190 43.421
-88.952 43.848
-88.966 43.849
-88.938 43.979
-88.935 43.971
-87.572 44.158
-87.555 44.163
-87.562 44.160
-87.570 44.168
-87.588 44.164
-87.574 44.146
-87.989 44.132
-87.669 44.075
-87.675 44.076
-87.659 44.068
-87.929 43.386
-87.928 43.400
-88.037 43.431
-87.938 43.230
-87.952 43.243
-87.974 43.247
-87.964 43.228
-87.906 43.209
-88.392 44.230
-88.361 44.226
-90.890 44.294
-90.862 44.302
-90.863 44.291
-90.838 44.296
-89.271 42.811
-89.315 42.781
-89.306 42.785
-89.316 42.772
-89.209 42.672
-89.120 42.636
-89.120 42.592
-89.089 42.648
-89.052 42.640
-89.031 42.639
-89.017 42.502
-89.011 42.552
-89.016 42.533
-89.005 42.537
-92.581 45.414
-92.557 45.449
-92.633 45.420
-92.629 45.408
-92.617 45.871
-92.730 45.833
-92.467 45.859
-92.315 45.870
-92.349 45.842
-92.363 45.880
-92.219 45.859
-92.091 45.862
-88.201 43.288
-88.208 43.271
-88.123 43.229
-88.119 43.215
-88.113 43.201
-88.111 43.225
-88.193 43.426
-88.237 43.381
-88.322 43.322
-88.316 43.323
-88.160 43.320
-88.938 43.961
-88.963 43.959
-88.967 43.975
-88.952 43.976
-87.954 44.150
-87.979 44.091
-87.635 44.119
-87.703 44.116
-87.995 43.360
-88.015 43.350
-88.042 43.339
-88.001 43.330
-87.960 43.215
-87.932 43.214
-88.353 44.237
-88.387 44.218
-88.382 44.213
-88.374 44.232
-88.366 44.236
-88.366 44.223
-90.845 44.306
-90.661 44.375
-90.849 44.269
-90.766 44.271
-90.716 44.306
-90.782 44.323
-90.817 44.310
-90.819 44.292
-90.779 44.203
-90.616 44.248
-90.425 44.366
-89.307 42.776
-89.296 42.784
-89.284 42.783
-89.300 42.777
-89.287 42.776
-89.016 42.592
-89.058 42.608
-88.954 42.609
-88.947 42.650
-88.987 42.534
-88.995 42.516
-91.926 46.115
-91.826 46.098
-91.974 45.773
-91.842 45.773
-92.627 45.397
-92.472 45.444
-92.468 45.403
-92.126 45.824
-92.666 45.779
-92.741 45.742
-88.224 43.410
-88.149 43.269
-88.096 43.229
-88.110 43.218
-88.094 43.210
-88.093 43.199
-88.170 43.383
-88.978 43.967
-88.924 43.960
-88.936 43.931
-88.992 43.963
-89.086 43.953
-89.085 43.896
-87.891 44.112
-87.686 44.097
-87.685 44.074
-87.717 44.078
-87.597 44.135
-87.973 43.329
-88.054 43.322
-88.034 43.315
-88.017 43.309
-87.915 43.221
-87.910 43.200
-87.897 43.195
-88.335 43.969
-88.209 43.969
-88.087 43.954
-88.373 44.223
-90.497 44.249
-90.375 44.224
-89.191 42.803
-89.081 42.781
-89.049 42.698
-89.036 42.700
-89.018 42.693
-89.017 42.712
-88.965 42.523
-89.003 42.529
-91.674 46.114
-91.613 46.027
-91.737 46.027
-92.453 45.458
-92.366 45.425
-92.679 45.781
-92.692 45.782
-92.732 45.786
-88.154 43.315
-88.161 43.331
-88.158 43.326
-88.152 43.250
-88.272 43.299
-88.277 43.334
-88.270 43.387
-88.267 43.414
-87.831 44.107
-87.828 44.145
-87.752 44.133
-87.777 44.118
-87.600 44.149
-87.760 44.085
-87.731 44.069
-87.636 44.139
-88.034 43.288
-87.969 43.292
-87.930 43.199
-87.954 43.201
-87.987 43.204
-87.988 43.223
-88.042 43.208
-88.106 43.949
-88.090 43.945
-88.084 43.942
-88.079 43.943
-88.090 43.961
-89.111 42.815
-89.045 42.833
-88.980 42.728
-88.982 42.718
-89.000 42.704
-88.989 42.709
-88.979 42.708
-88.959 42.565
-88.920 42.523
-88.949 42.522
-91.848 46.008
-91.968 46.032
-92.305 45.425
-92.221 45.425
-92.163 45.396
-92.580 45.797
-92.596 45.756
-88.149 43.348
-88.188 43.323
-88.172 43.321
-88.259 43.329
-88.288 43.344
-88.297 43.332
-88.208 43.441
-88.219 43.258
-88.229 43.428
-87.983 44.023
-87.925 44.007
-87.885 44.066
-87.885 44.024
-87.663 44.142
-87.711 44.136
-87.606 44.148
-87.721 44.201
-87.954 43.293
-87.918 43.294
-87.910 43.325
-87.903 43.355
-87.934 43.345
-87.954 43.353
-87.963 43.330
-87.959 43.337
-87.975 43.242
-87.973 43.236
-87.985 43.239
-87.982 43.231
-87.499 43.361
-88.126 43.917
-88.071 43.917
-88.045 43.916
-88.093 44.023
-89.034 42.804
-89.065 42.842
-88.982 42.694
-88.964 42.697
-88.968 42.679
-89.008 42.686
-88.834 42.536
-88.869 42.553
-88.863 42.562
-88.874 42.562
-89.074 42.675
-91.972 45.942
-91.850 45.917
-92.226 45.339
-92.171 45.325
-92.314 45.364
-92.467 45.772
-92.396 45.801
-92.330 45.796
-92.348 45.752
-92.763 45.686
-88.174 43.331
-88.285 43.324
-88.284 43.321
-88.333 43.303
-88.310 43.303
-88.285 43.329
-88.291 43.201
-88.321 43.237
-88.286 43.234
-88.171 43.401
-88.166 43.410
-88.165 43.423
-88.141 43.408
-88.137 43.422
-87.831 44.020
-87.772 44.050
-87.655 44.093
-87.991 43.514
-87.976 43.480
-87.937 43.468
-87.953 43.330
-87.964 43.313
-87.852 43.506
-87.847 43.496
-88.132 44.022
-88.147 44.029
-89.073 42.843
-89.087 42.840
-89.080 42.831
-89.058 42.839
-89.017 42.684
-89.031 42.681
-89.026 42.674
-89.058 42.659
-89.059 42.684
-91.725 45.942
-91.602 45.942
-91.601 45.857
-92.315 45.320
-92.365 45.347
-92.408 45.337
-92.369 45.316
-92.580 45.686
-92.642 45.686
-92.220 45.769
-92.185 45.812
-92.093 45.771
-88.379 43.266
-88.384 43.298
-88.385 43.305
-88.272 43.214
-88.252 43.201
-88.141 43.382
-88.184 43.436
-88.198 43.432
-87.784 44.010
-87.730 44.005
-87.947 43.468
-87.960 43.470
-87.951 43.322
-87.946 43.319
-87.931 43.320
-88.156 44.022
-88.165 44.039
-88.173 44.025
-89.061 42.829
-88.950 42.781
-88.982 42.805
-89.007 42.839
-89.054 42.651
-89.043 42.659
-89.036 42.653
-91.723 45.857
-91.841 45.845
-92.220 45.683
-92.354 45.314
-92.356 45.299
-92.373 45.293
-92.370 45.306
-92.093 45.683
-92.379 45.787
-88.365 43.304
-88.370 43.311
-88.349 43.316
-88.356 43.319
-88.338 43.345
-88.156 43.433
-88.168 43.421
-88.181 43.424
-88.198 43.444
-88.306 43.520
-88.226 43.520
-87.712 44.046
-87.671 44.051
-87.759 43.941
-87.866 43.408
-87.848 43.517
-87.911 43.500
-87.860 43.472
-87.876 43.433
-87.900 43.386
-87.960 43.324
-87.959 43.318
-87.970 43.319
-88.205 44.022
-88.193 44.084
-88.920 42.805
-89.003 42.815
-88.939 42.784
-88.934 42.775
-88.940 42.767
-88.948 42.769
-89.019 42.652
-89.004 42.669
-88.990 42.683
-89.023 42.726
-91.878 45.834
-91.884 45.821
-92.345 45.683
-92.429 45.667
-92.462 45.353
-92.525 45.355
-92.384 45.776
-88.339 43.323
-88.356 43.323
-88.372 43.321
-88.171 43.436
-88.184 43.448
-88.183 43.467
-88.092 43.449
-88.046 43.437
-88.092 43.345
-88.081 43.390
-88.093 43.294
-87.744 43.922
-87.751 43.911
-87.897 43.385
-87.996 43.306
-87.876 43.407
-87.971 43.312
-87.964 43.306
-87.955 43.311
-88.094 44.079
-88.100 44.121
-88.100 44.120
-88.157 44.139
-88.168 44.140
-91.105 44.553
-88.949 42.776
-88.961 42.775
-88.963 42.782
-88.967 42.787
-88.825 42.806
-88.836 42.625
-89.307 42.542
-89.186 42.554
-91.904 45.818
-91.902 45.826
-91.896 45.834
-91.970 45.879
-91.971 45.837
-92.481 45.692
-92.462 45.662
-92.491 45.311
-92.610 45.355
-92.592 45.323
-88.382 43.329
-88.400 43.327
-88.386 43.352
-88.104 43.464
-88.139 43.438
-88.353 43.403
-88.302 43.442
-87.851 44.281
-87.791 44.289
-87.858 43.954
-87.867 43.911
-87.315 44.105
-87.860 43.396
-87.877 43.394
-87.944 43.309
-88.002 43.309
-87.994 43.306
-87.999 43.297
-88.069 44.164
-88.058 44.174
-88.067 44.178
-90.983 44.553
-91.105 44.466
-88.842 42.798
-89.309 42.715
-89.194 42.511
-89.088 42.565
-89.102 42.518
-91.727 45.771
-91.602 45.727
-91.551 45.658
-92.465 45.650
-92.765 45.602
-92.630 45.307
-92.645 45.328
-92.634 45.362
-88.331 43.398
-88.309 43.351
-88.076 43.215
-88.252 43.527
-88.225 43.511
-88.210 43.509
-88.360 43.221
-87.802 44.278
-87.738 44.285
-87.945 43.945
-87.993 43.933
-87.883 43.391
-87.893 43.391
-87.889 43.383
-87.998 43.289
-87.988 43.281
-87.980 43.282
-88.083 44.185
-88.126 44.176
-90.984 44.466
-91.105 44.379
-90.973 44.369
-89.190 42.716
-89.080 42.687
-89.089 42.705
-89.047 42.540
-89.027 42.527
-89.030 42.535
-89.038 42.562
-89.031 42.545
-91.721 45.685
-91.845 45.680
-91.972 45.681
-92.590 45.599
-92.459 45.605
-92.479 45.575
-92.703 45.325
-92.688 45.324
-92.687 45.312
-92.682 45.279
-88.301 43.398
-88.356 43.440
-88.225 43.525
-88.236 43.521
-88.077 43.515
-88.096 43.485
-88.943 43.675
-88.983 43.713
-88.984 43.702
-88.998 43.710
-87.678 44.285
-87.625 44.315
-88.022 43.931
-88.033 43.911
-88.040 43.911
-87.895 43.380
-87.888 43.370
-87.868 43.384
-87.990 43.289
-87.990 43.295
-88.024 43.222
-88.094 44.213
-88.195 44.176
-88.230 44.200
-88.251 44.018
-91.008 44.404
-91.015 44.383
-90.857 44.470
-90.868 44.398
-89.109 42.732
-89.053 42.747
-89.034 42.552
-89.022 42.567
-91.907 45.729
-91.892 45.740
-92.462 45.570
-92.509 45.577
-92.688 45.234
-92.546 45.272
-88.354 43.503
-88.346 43.465
-88.272 43.354
-88.225 43.343
-88.220 43.308
-88.205 43.359
-88.399 43.224
-88.391 43.343
-88.382 43.313
-88.144 43.510
-88.100 43.260
-89.065 43.675
-89.181 43.661
-89.192 43.697
-89.131 43.693
-88.922 43.760
-87.610 44.292
-87.620 44.238
-87.664 44.219
-87.643 44.227
-87.643 44.239
-87.557 44.279
-88.038 43.918
-88.033 43.923
-88.024 43.912
-88.013 43.919
-87.956 43.433
-88.016 43.426
-87.999 43.388
-87.989 43.311
-87.982 43.309
-87.981 43.300
-87.978 43.305
-88.327 44.037
-88.310 44.072
-90.836 44.451
-90.913 44.437
-91.098 44.285
-89.036 42.720
-89.046 42.708
-89.007 42.747
-89.061 42.541
-89.068 42.521
-89.066 42.510
-92.345 45.597
-92.219 45.597
-92.220 45.511
-92.570 45.236
-88.197 43.377
-88.213 43.389
-88.251 43.398
-88.374 43.316
-88.381 43.400
-88.198 43.235
-88.108 43.211
-88.115 43.208
-88.112 43.194
-89.010 43.739
-88.989 43.782
-89.083 43.729
-89.155 43.753
-89.138 43.746
-89.103 43.794
-89.116 43.824
-89.169 43.851
-87.984 44.198
-87.954 44.157
-87.888 44.196
-87.828 44.198
-87.802 44.225
-87.738 44.218
-87.664 44.118
-87.650 44.120
-87.658 44.104
-87.673 44.104
-87.955 43.391
-87.932 43.373
-87.979 43.293
-88.322 44.098
-88.264 44.177
-88.290 44.172
-88.307 44.176
-91.135 44.323
-91.120 44.322
-91.093 44.203
-88.981 42.749
-88.941 42.726
-88.943 42.684
-89.064 42.501
-89.056 42.518
-89.045 42.518
-89.048 42.512
-89.053 42.506
-92.326 45.512
-92.388 45.510
-92.454 45.510
-92.457 45.251
-92.360 45.244
-88.233 43.433
-88.261 43.456
-88.223 43.461
-88.199 43.216
-88.228 43.217
-88.265 43.254
-88.105 43.316
-88.065 43.194
-88.084 43.428
-88.050 43.429
-89.063 43.839
-89.135 43.847
-89.122 43.849
-87.751 44.174
-87.680 44.176
-87.679 44.123
-87.694 44.123
-87.692 44.091
-87.676 44.090
-87.950 43.391
-87.954 43.379
-87.954 43.372
-88.030 43.259
-88.000 43.243
-88.342 44.143
-88.283 44.232
-87.704 44.523
-87.707 44.535
-87.707 44.551
-90.122 42.973
-90.003 43.038
-89.990 42.966
-89.993 42.999
-89.932 43.053
-89.870 43.059
-89.896 42.978
-89.899 43.017
-90.178 42.854
-90.195 42.858
-92.222 44.832
-92.243 44.844
-92.317 44.816
-92.415 44.812
-92.637 44.848
-92.722 44.816
-92.424 44.736
-92.351 44.727
-92.294 44.732
-92.196 44.728
-92.436 44.645
-92.535 44.633
-92.616 44.657
-90.371 42.934
-90.371 42.868
-90.396 42.842
-90.426 42.900
-87.548 44.485
-87.599 44.469
-87.726 44.472
-87.666 44.474
-87.705 44.429
-87.574 44.429
-87.584 44.373
-92.149 44.780
-87.738 44.639
-87.678 44.647
-87.430 44.612
-87.436 44.614
-87.452 44.612
-87.448 44.606
-87.445 44.605
-87.511 44.531
-87.511 44.467
-87.507 44.449
-87.520 44.457
-90.351 43.160
-90.274 42.870
-90.274 42.919
-90.232 42.948
-90.380 43.047
-90.323 43.059
-90.195 43.033
-90.075 43.034
-90.117 42.983
-90.142 42.972
-90.135 42.963
-90.135 42.959
-89.888 43.009
-89.917 42.896
-89.890 42.854
-89.934 42.876
-92.801 44.759
-92.786 44.756
-92.783 44.747
-92.792 44.745
-92.724 44.737
-92.654 44.737
-92.558 44.732
-92.492 44.744
-92.477 44.742
-92.487 44.726
-92.470 44.726
-92.476 44.706
-87.694 44.601
-87.581 44.632
-87.462 44.639
-87.441 44.601
-87.452 44.597
-87.484 44.547
-87.523 44.450
-87.517 44.447
-87.565 44.545
-90.326 43.190
-90.420 43.182
-90.253 43.171
-90.207 43.141
-87.625 44.546
-87.617 44.554
-87.703 44.568
-90.230 43.102
-90.105 43.119
-89.933 43.177
-89.910 43.164
-89.936 43.118
-90.398 43.087
-90.137 42.952
-90.123 42.954
-90.124 42.961
-90.130 42.969
-89.862 42.815
-90.015 42.865
-90.129 42.907
-90.160 42.849
-90.188 42.867
-90.170 42.868
-87.705 44.371
-87.163 44.501
-92.189 44.809
-92.196 44.642
-92.192 44.634
-92.291 44.642
-92.351 44.646
-92.433 44.582
-92.249 44.571
-92.307 44.566
-90.298 42.947
-90.345 42.985
-90.427 42.970
-90.329 42.966
-92.468 44.830
-92.560 44.816
-92.639 44.819
-92.639 44.861
-92.636 44.857
-92.624 44.859
-92.623 44.856
-92.614 44.857
-92.605 44.853
-92.624 44.853
-92.617 44.846
-92.629 44.842
-92.219 45.166
-92.343 45.165
-92.388 45.189
-92.728 44.969
-92.723 44.983
-92.723 44.992
-92.746 44.995
-92.740 45.008
-92.542 45.115
-92.525 45.102
-92.505 45.129
-92.586 45.189
-90.149 44.678
-90.147 44.668
-90.147 44.662
-90.164 44.676
-89.827 44.469
-89.802 44.496
-89.766 44.428
-89.759 44.416
-89.755 44.391
-90.258 44.381
-90.199 44.293
-90.396 43.391
-90.489 43.423
-90.600 43.426
-92.438 45.167
-92.497 45.168
-92.560 45.117
-92.553 45.183
-92.545 44.990
-92.558 44.980
-92.437 44.970
-90.160 44.670
-90.157 44.664
-90.173 44.680
-89.743 44.369
-89.744 44.362
-89.735 44.348
-89.914 44.305
-89.900 44.302
-89.898 44.310
-89.910 44.313
-90.642 43.454
-90.656 43.401
-92.712 45.191
-92.439 44.980
-92.370 44.973
-92.366 44.961
-90.190 44.679
-90.175 44.671
-90.168 44.666
-89.761 44.343
-89.780 44.346
-89.776 44.356
-89.910 44.321
-89.893 44.321
-90.140 44.655
-90.580 43.391
-90.606 43.336
-90.488 43.336
-92.633 45.176
-92.699 45.155
-92.733 45.108
-92.683 45.102
-92.372 44.948
-92.379 44.964
-92.380 44.974
-90.162 44.661
-90.147 44.648
-90.162 44.643
-90.171 44.636
-89.774 44.362
-89.776 44.369
-89.795 44.371
-90.528 43.330
-90.333 43.333
-90.370 43.305
-90.398 43.342
-90.363 43.377
-90.384 43.342
-90.385 43.339
-92.643 45.095
-92.602 45.138
-92.556 45.158
-92.544 45.139
-92.556 45.125
-92.548 45.121
-92.589 45.103
-92.294 44.952
-92.281 44.947
-92.195 44.902
-92.244 44.867
-90.171 44.650
-90.174 44.660
-90.179 44.666
-89.839 44.365
-89.816 44.353
-89.800 44.359
-89.816 44.362
-90.383 43.335
-90.379 43.334
-90.378 43.331
-90.372 43.322
-92.780 45.069
-92.716 45.070
-92.691 45.053
-92.726 45.037
-92.309 44.881
-92.322 44.921
-89.658 44.201
-89.658 44.112
-90.182 44.660
-90.188 44.659
-90.190 44.668
-90.193 44.673
-89.827 44.370
-89.818 44.375
-89.811 44.374
-89.786 44.400
-90.391 43.327
-90.397 43.345
-90.394 43.354
-92.764 45.044
-92.670 45.027
-92.643 45.057
-92.405 44.906
-92.466 44.906
-92.554 44.925
-89.658 44.025
-89.657 43.938
-89.646 43.868
-89.672 43.840
-90.199 44.662
-90.208 44.668
-90.188 44.643
-90.168 44.616
-89.809 44.404
-89.840 44.411
-89.821 44.395
-89.817 44.392
-90.385 43.361
-90.374 43.345
-90.395 43.337
-92.560 45.059
-92.528 45.095
-92.436 45.079
-92.324 45.083
-92.278 45.055
-92.199 45.078
-92.551 44.881
-92.750 44.885
-92.686 44.883
-92.728 44.915
-89.658 43.775
-89.649 43.687
-89.726 43.672
-89.773 43.700
-89.737 43.753
-90.260 44.671
-90.257 44.627
-89.860 44.390
-89.849 44.384
-89.859 44.377
-90.251 43.337
-90.269 43.248
-90.230 43.236
-92.176 45.060
-92.164 45.053
-92.198 44.990
-92.170 44.958
-92.315 44.993
-92.678 44.936
-92.659 44.914
-91.965 44.552
-91.976 44.441
-92.004 44.421
-91.832 44.553
-89.802 43.782
-89.796 43.846
-89.755 43.879
-89.910 43.878
-90.257 44.556
-90.168 44.554
-89.835 44.391
-89.828 44.385
-90.201 43.188
-90.202 43.178
-90.372 43.249
-92.437 44.994
-92.551 45.013
-92.566 44.972
-92.660 45.011
-92.644 45.001
-92.651 44.984
-92.646 44.876
-92.610 44.902
-91.832 44.466
-91.700 44.561
-91.735 44.540
-89.786 43.925
-89.923 43.944
-89.842 43.955
-89.821 43.952
-89.820 43.972
-90.109 44.556
-90.056 44.550
-90.016 44.579
-89.834 44.377
-89.845 44.377
-89.806 44.392
-89.813 44.391
-90.487 43.248
-90.610 43.256
-90.614 43.206
-92.647 44.972
-92.650 44.957
-92.622 44.866
-92.630 44.882
-91.678 44.562
-91.656 44.574
-89.808 43.962
-89.812 43.956
-89.815 43.961
-89.821 43.962
-89.761 44.023
-90.009 44.530
-90.032 44.539
-89.905 44.555
-89.802 44.386
-89.806 44.379
-89.803 44.372
-92.701 45.009
-92.695 44.990
-92.748 44.956
-92.646 44.941
-91.680 44.574
-91.589 44.553
-91.590 44.466
-89.817 44.045
-89.820 43.994
-89.878 44.025
-90.257 44.468
-90.140 44.470
-89.805 44.364
-89.841 44.346
-89.871 44.348
-89.872 44.358
-92.702 44.971
-92.763 44.991
-92.761 44.997
-92.755 44.994
-92.760 45.006
-92.696 44.957
-92.719 44.949
-92.709 44.957
-92.671 45.130
-91.711 44.466
-91.609 44.376
-91.745 44.358
-89.958 44.024
-89.798 44.112
-90.130 44.449
-90.133 44.435
-90.123 44.434
-89.771 44.322
-89.770 44.277
-89.835 44.329
-89.812 44.314
-92.752 45.002
-92.761 44.975
-92.750 44.985
-92.679 45.118
-92.533 45.120
-92.531 45.117
-91.590 44.280
-91.649 44.182
-91.602 44.090
-91.697 44.120
-91.760 44.177
-89.943 44.109
-89.778 44.180
-89.738 44.206
-89.780 44.230
-89.843 44.222
-89.875 44.190
-90.023 44.468
-89.967 44.480
-89.829 44.289
-89.868 44.288
-89.968 44.279
-90.063 44.269
-90.610 43.510
-90.666 43.509
-90.491 43.510
-90.427 43.536
-92.739 44.981
-92.752 44.975
-92.744 44.974
-92.523 45.115
-92.544 45.105
-91.718 44.272
-91.922 44.337
-89.780 43.643
-89.906 44.643
-89.855 44.606
-89.869 44.469
-89.908 44.494
-90.019 44.347
-89.925 44.337
-90.370 43.510
-90.248 43.510
-90.297 43.518
-90.199 43.524
-92.751 44.967
-92.746 44.969
-92.742 44.967
-92.737 44.971
-92.532 45.108
-92.520 45.107
-92.532 45.198
-91.865 44.224
-91.839 44.228
-91.836 44.266
-91.836 44.377
-90.023 44.642
-90.015 44.627
-90.109 44.641
-90.104 44.644
-89.939 44.461
-89.888 44.432
-89.769 44.473
-89.913 44.372
-89.951 44.407
-90.057 44.414
-90.139 44.380
-90.251 43.424
-90.400 43.443
-90.347 43.422
-89.577 44.490
-89.534 44.491
-89.530 44.488
-89.538 44.481
-89.564 44.465
-89.533 44.475
-89.534 44.466
-89.525 44.454
-89.548 44.445
-89.562 44.447
-89.458 44.462
-89.392 44.463
-89.747 44.640
-89.456 44.529
-89.394 44.523
-89.843 44.609
-89.570 44.644
-89.450 44.626
-89.379 44.622
-89.445 44.564
-89.299 44.437
-89.289 44.481
-89.309 44.494
-89.317 44.469
-89.284 44.637
-89.305 44.630
-89.284 44.448
-89.661 44.365
-89.665 44.299
-89.670 44.400
-89.778 44.555
-89.766 44.591
-89.673 44.558
-89.543 44.558
-89.406 44.401
-89.478 44.362
-89.543 44.318
-89.609 44.566
-89.572 44.587
-89.519 44.572
-89.505 44.577
-89.550 44.272
-89.418 44.290
-89.522 44.532
-89.498 44.525
-89.529 44.520
-89.409 44.261
-89.258 44.376
-89.318 44.372
-89.284 44.548
-89.626 44.487
-89.691 44.489
-89.557 44.418
-89.506 44.482
-89.541 44.501
-89.285 44.287
-89.664 44.442
-89.546 44.520
-89.580 44.531
-89.580 44.525
-89.567 44.532
-89.562 44.528
-89.572 44.527
-89.569 44.524
-89.591 44.540
-89.582 44.532
-89.570 44.519
-89.567 44.513
-89.552 44.505
-89.523 44.506
-89.556 44.520
-89.524 44.518
-89.548 44.527
-89.526 44.548
-89.597 44.513
-89.579 44.520
-89.578 44.504
-89.565 44.506
-89.569 44.543
-89.572 44.531
-89.563 44.491
-89.543 44.496
-89.550 44.488
-89.163 44.725
-89.048 44.715
-89.019 44.755
-89.469 43.544
-89.496 43.566
-89.487 43.561
-89.473 43.557
-89.015 43.328
-89.012 43.338
-89.014 43.343
-89.031 43.346
-89.046 44.741
-88.924 44.743
-88.915 44.700
-88.893 44.682
-88.797 44.724
-88.695 44.733
-88.636 44.721
-88.654 44.686
-88.546 44.634
-88.550 44.706
-88.537 44.746
-89.476 43.550
-89.418 43.608
-89.437 43.576
-89.333 43.601
-88.435 44.633
-88.375 44.631
-88.332 44.627
-88.273 44.632
-88.320 44.748
-88.323 44.701
-88.264 44.715
-88.254 44.671
-88.423 44.720
-88.453 44.741
-89.274 43.598
-89.187 43.600
-89.067 43.589
-89.067 43.589
-89.537 43.484
-89.521 43.432
-89.398 43.516
-89.390 43.543
-88.440 44.737
-88.321 44.831
-88.300 44.791
-88.419 44.814
-88.484 44.788
-89.409 43.486
-89.302 43.474
-89.316 43.521
-89.263 43.541
-88.450 44.810
-88.502 44.829
-88.568 44.839
-88.542 44.802
-88.586 44.808
-88.622 44.824
-88.614 44.784
-89.310 43.530
-89.294 43.531
-89.302 43.541
-89.310 43.493
-89.186 43.506
-88.604 44.787
-88.616 44.776
-88.615 44.770
-89.112 43.542
-89.076 43.493
-89.042 43.518
-89.010 43.540
-88.609 44.775
-88.607 44.766
-88.606 44.778
-88.601 44.767
-88.579 44.785
-89.432 43.444
-89.515 43.399
-88.569 44.774
-88.596 44.767
-89.420 43.410
-89.377 43.388
-89.414 43.385
-89.396 43.389
-88.581 44.766
-89.407 43.397
-89.322 43.391
-89.293 43.425
-89.239 43.451
-89.189 43.410
-89.146 43.428
-89.070 43.437
-89.062 43.395
-89.037 43.384
-89.209 45.011
-89.160 44.985
-89.041 45.005
-89.042 44.985
-89.209 44.932
-89.054 43.385
-89.676 43.323
-89.610 43.333
-89.504 43.368
-89.528 43.317
-89.574 43.343
-89.193 44.900
-89.137 44.899
-89.209 44.867
-89.040 44.923
-89.045 44.881
-88.920 44.900
-88.798 44.900
-89.200 44.815
-89.138 44.810
-89.546 43.355
-89.546 43.375
-89.528 43.319
-89.164 44.828
-89.174 44.821
-89.769 43.617
-89.773 43.635
-89.753 43.629
-89.765 43.624
-89.529 43.310
-89.534 43.315
-89.542 43.315
-89.068 44.795
-89.027 44.822
-88.982 44.863
-88.920 44.812
-88.820 44.809
-88.760 44.814
-89.704 43.608
-89.610 43.602
-89.527 43.592
-89.444 43.536
-89.443 43.552
-89.455 43.543
-89.457 43.548
-89.461 43.554
-89.424 43.359
-89.422 43.315
-89.373 43.335
-89.327 43.352
-89.298 43.318
-88.785 44.848
-88.707 44.827
-88.681 44.783
-88.649 44.824
-89.460 43.566
-89.470 43.532
-89.473 43.540
-89.461 43.541
-89.460 43.544
-89.477 43.542
-89.486 43.545
-89.465 43.544
-89.186 43.326
-89.073 43.326
-89.023 43.339
-89.025 43.334
-89.039 43.333
-89.026 43.324
-89.758 45.775
-89.982 45.643
-92.255 44.502
-91.470 44.576
-91.493 44.542
-91.445 44.562
-91.372 44.556
-88.822 43.603
-88.960 43.437
-88.934 43.400
-91.864 45.401
-91.857 45.402
-91.854 45.402
-91.854 45.395
-89.859 45.644
-89.755 45.602
-89.694 45.598
-89.611 45.601
-92.263 44.485
-92.169 44.481
-92.094 44.471
-92.152 44.442
-91.317 44.550
-91.397 44.552
-91.383 44.554
-91.227 44.552
-88.807 43.538
-88.676 43.442
-88.731 43.426
-88.693 43.394
-88.705 43.412
-88.710 43.402
-88.698 43.403
-91.840 45.397
-91.773 45.421
-89.735 45.689
-89.617 45.684
-89.697 45.775
-89.611 45.858
-89.603 45.792
-89.612 45.745
-92.141 44.443
-92.084 44.565
-92.109 44.523
-92.062 44.653
-92.075 44.620
-91.209 44.583
-91.203 44.576
-91.223 44.576
-91.231 44.574
-91.291 44.438
-91.278 44.484
-88.868 43.547
-88.700 43.585
-88.752 43.617
-88.532 43.423
-88.587 43.392
-88.581 43.436
-91.601 45.595
-91.708 45.603
-91.588 45.430
-91.632 45.407
-89.488 45.863
-89.488 45.778
-89.505 45.663
-89.508 45.702
-89.526 45.630
-89.521 45.581
-89.466 45.598
-91.977 44.662
-91.931 44.621
-91.386 44.469
-91.468 44.466
-91.483 44.370
-91.440 44.403
-88.723 43.631
-88.722 43.622
-88.732 43.629
-88.737 43.630
-88.744 43.624
-88.740 43.624
-88.652 43.448
-88.640 43.449
-88.637 43.434
-88.624 43.444
-91.754 45.581
-91.779 45.608
-91.604 45.250
-91.727 45.251
-89.321 45.508
-89.138 45.515
-89.143 45.596
-89.298 45.620
-91.933 44.656
-91.970 44.624
-91.343 44.388
-91.357 44.349
-88.754 43.631
-88.730 43.618
-88.541 43.597
-88.594 43.586
-88.438 43.584
-88.497 43.591
-88.493 43.615
-88.623 43.456
-88.641 43.456
-88.562 43.527
-91.847 45.596
-91.941 45.603
-91.997 45.590
-91.867 45.253
-90.844 46.910
-90.870 46.861
-89.112 45.681
-89.240 45.685
-89.106 45.760
-89.105 45.854
-89.183 45.798
-89.278 45.790
-89.369 45.821
-91.957 44.623
-91.957 44.635
-91.414 44.365
-91.423 44.361
-91.426 44.354
-91.325 44.371
-91.326 44.363
-88.444 43.607
-88.450 43.588
-88.435 43.586
-88.954 43.502
-88.895 43.477
-88.532 43.398
-88.490 43.415
-92.093 45.597
-91.601 45.509
-91.691 45.519
-91.806 45.244
-91.814 45.259
-91.946 45.226
-90.952 46.848
-90.815 46.812
-90.824 46.817
-90.828 46.809
-89.365 45.707
-91.826 44.642
-91.883 44.626
-91.312 44.362
-91.299 44.367
-91.250 44.418
-88.801 43.425
-88.782 43.479
-88.430 43.413
-88.942 43.353
-88.956 43.313
-89.008 43.328
-88.827 43.375
-88.841 43.306
-88.818 43.336
-91.701 45.475
-91.713 45.500
-91.717 45.489
-91.980 45.237
-91.982 45.261
-92.095 45.252
-90.821 46.809
-91.111 46.793
-90.951 46.738
-90.899 46.669
-89.333 45.682
-89.312 45.584
-89.388 45.582
-89.404 45.692
-89.450 45.703
-89.449 45.667
-91.711 44.640
-91.212 44.390
-91.261 44.320
-91.266 44.275
-88.809 43.488
-88.850 43.493
-88.845 43.306
-88.739 43.338
-91.730 45.488
-91.733 45.492
-91.731 45.499
-91.743 45.497
-92.095 45.338
-91.972 45.338
-90.913 46.676
-90.901 46.672
-90.882 46.682
-91.228 46.771
-91.339 46.752
-91.447 46.713
-91.490 46.633
-89.378 45.624
-89.410 45.653
-89.417 45.644
-91.206 44.265
-91.226 44.297
-91.237 44.292
-91.227 44.292
-88.865 43.428
-88.850 43.446
-88.833 43.444
-88.691 43.319
-88.720 43.311
-88.605 43.362
-88.603 43.316
-88.560 43.351
-91.743 45.502
-91.738 45.503
-91.733 45.517
-91.733 45.506
-91.869 45.328
-91.807 45.328
-91.842 45.370
-91.738 45.331
-91.365 46.632
-91.097 46.670
-91.108 46.612
-91.490 46.525
-91.361 46.575
-91.370 46.533
-91.180 46.567
-91.179 46.524
-91.003 46.572
-90.985 46.532
-91.489 46.309
-89.411 45.648
-89.406 45.645
-89.422 45.642
-89.427 45.643
-89.427 45.643
-91.377 44.320
-91.439 44.283
-91.482 44.199
-91.480 44.245
-88.849 43.455
-88.838 43.450
-88.842 43.460
-88.610 43.349
-88.600 43.342
-88.487 43.307
-88.442 43.337
-88.509 43.349
-91.736 45.508
-91.744 45.507
-91.753 45.518
-91.757 45.506
-91.689 45.359
-91.645 45.318
-91.302 46.459
-91.302 46.329
-91.302 46.200
-91.050 46.199
-91.072 46.314
-90.987 46.371
-91.114 46.459
-91.062 46.435
-90.988 46.458
-89.433 45.638
-89.425 45.635
-89.464 45.630
-89.423 45.629
-91.493 44.253
-91.507 44.252
-91.244 44.203
-91.259 44.151
-91.267 44.170
-91.291 44.110
-88.825 43.449
-88.841 43.465
-88.816 43.463
-88.849 43.468
-88.519 43.310
-88.423 43.334
-88.973 43.253
-88.929 43.231
-91.755 45.498
-91.751 45.491
-91.766 45.515
-91.736 45.476
-91.660 45.325
-91.666 45.318
-91.650 45.309
-91.648 45.344
-91.124 46.951
-89.488 45.612
-89.398 45.653
-89.384 45.654
-91.344 44.069
-91.513 44.125
-88.830 43.456
-88.845 43.478
-88.833 43.463
-88.823 43.476
-88.826 43.462
-88.820 43.234
-88.737 43.255
-88.684 43.236
-88.703 43.206
-88.708 43.201
-91.848 45.510
-91.967 45.508
-92.024 45.524
-92.022 45.531
-91.590 45.347
-91.605 45.302
-91.729 45.446
-91.699 45.407
-91.762 45.392
-89.393 45.638
-89.405 45.636
-89.411 45.635
-89.414 45.629
-89.406 45.624
-89.397 45.629
-91.440 44.108
-91.485 44.045
-88.738 43.520
-88.692 43.495
-88.586 43.502
-88.551 43.494
-88.536 43.491
-88.719 43.202
-88.727 43.219
-88.730 43.204
-92.095 45.509
-92.113 45.437
-92.052 45.438
-91.742 45.400
-91.748 45.414
-89.385 45.632
-91.440 44.009
-91.431 44.010
-91.440 44.007
-91.370 44.026
-88.542 43.504
-88.549 43.507
-88.743 43.206
-88.761 43.204
-88.597 43.255
-88.594 43.212
-88.507 43.210
-92.037 45.414
-92.077 45.394
-92.140 45.392
-92.018 45.550
-92.023 45.541
-89.932 45.810
-89.815 45.857
-89.745 45.885
-89.736 45.895
-91.346 44.088
-91.360 44.085
-91.362 44.080
-88.917 43.599
-88.975 43.593
-88.913 43.547
-88.912 43.615
-88.552 43.500
-88.549 43.490
-88.563 43.498
-88.490 43.495
-88.434 43.505
-88.474 43.229
-88.470 43.262
-91.983 45.418
-91.931 45.440
-92.040 45.540
-91.551 45.208
-89.689 45.895
-89.691 45.879
-89.748 45.845
-89.693 45.841
-91.209 44.425
-88.912 43.568
-88.917 43.563
-88.911 43.558
-88.456 43.520
-88.457 43.511
-88.449 43.519
-89.003 43.542
-88.999 43.536
-91.845 45.443
-91.852 45.399
-91.855 45.413
-91.837 45.405
-88.817 43.869
-88.835 43.824
-88.845 43.854
-88.825 43.691
-88.826 43.647
-88.676 43.674
-88.735 43.683
-88.756 43.636
-88.743 43.638
-88.729 43.641
-88.859 43.852
-88.854 43.841
-88.846 43.843
-88.720 43.637
-88.584 43.676
-88.841 43.833
-88.838 43.836
-88.831 43.855
-88.831 43.849
-88.551 43.684
-88.544 43.686
-88.426 43.675
-88.487 43.675
-88.341 43.674
-88.827 43.842
-88.838 43.840
-88.829 43.834
-88.363 43.692
-88.189 43.660
-88.235 43.681
-88.357 43.568
-88.348 43.612
-88.706 43.852
-88.673 43.808
-88.585 43.829
-88.300 43.570
-88.282 43.603
-88.289 43.598
-88.587 43.872
-88.534 43.886
-88.493 43.850
-88.493 43.879
-88.404 43.870
-88.493 43.827
-88.511 43.814
-88.360 43.828
-88.282 43.598
-88.271 43.595
-88.306 43.838
-88.357 43.861
-88.356 43.804
-88.343 43.839
-88.260 43.597
-88.200 43.596
-88.224 43.553
-88.470 43.797
-88.222 43.915
-88.312 43.903
-88.250 43.849
-88.191 43.850
-88.246 43.826
-88.169 43.824
-88.825 43.765
-88.868 43.742
-88.782 43.735
-88.705 43.763
-88.599 43.738
-88.591 43.783
-88.541 43.746
-88.460 43.731
-88.410 43.790
-88.505 43.772
-88.490 43.802
-88.476 43.803
-88.491 43.808
-88.478 43.812
-88.489 43.815
-88.484 43.820
-88.491 43.821
-88.474 43.788
-88.475 43.777
-88.461 43.777
-88.466 43.753
-88.447 43.791
-88.447 43.779
-88.441 43.772
-88.443 43.762
-88.440 43.742
-88.432 43.790
-88.431 43.779
-88.410 43.770
-88.429 43.766
-88.416 43.754
-88.397 43.790
-88.325 43.743
-88.386 43.742
-88.335 43.779
-88.217 43.754
-88.238 43.792
-89.429 44.088
-89.332 44.109
-89.275 44.119
-89.222 44.110
-89.163 44.114
-89.101 44.115
-89.042 44.101
-89.038 44.147
-88.932 44.194
-88.984 44.211
-89.037 44.228
-89.074 44.194
-89.165 44.222
-89.207 44.194
-89.156 44.169
-89.244 44.174
-89.251 44.180
-89.307 44.200
-89.424 44.200
-89.542 44.200
-89.495 44.210
-89.495 44.217
-89.541 44.111
-89.520 44.133
-89.419 44.130
-88.946 44.112
-88.947 44.027
-88.938 43.989
-89.063 44.024
-89.107 44.055
-89.101 44.039
-89.120 44.038
-89.155 44.044
-89.165 44.003
-89.213 44.046
-89.223 44.009
-89.294 44.028
-89.260 44.042
-89.333 44.015
-89.430 44.019
-89.400 44.050
-89.537 44.021
-89.574 44.059
-89.521 44.032
-89.292 44.085
-89.297 44.075
-89.302 44.056
-89.282 44.068
-89.735 43.454
-89.725 43.482
-89.739 43.482
-89.755 43.481
-89.917 43.243
-90.032 43.202
-90.103 43.200
-90.154 43.211
-87.991 45.780
-88.000 45.769
-89.042 44.636
-88.932 44.636
-88.875 44.621
-89.017 44.617
-88.940 44.401
-88.911 44.366
-88.951 44.338
-88.823 44.385
-88.776 44.406
-88.805 44.349
-88.059 43.682
-87.981 43.697
-88.162 44.524
-88.166 44.492
-88.112 44.417
-88.084 44.446
-88.089 44.438
-87.794 44.365
-87.836 44.348
-87.821 44.348
-88.898 45.579
-88.915 45.575
-89.747 43.475
-89.752 43.473
-89.749 43.468
-89.747 43.455
-90.065 43.173
-90.074 43.182
-90.088 43.166
-89.739 43.296
-89.723 43.291
-89.731 43.289
-88.016 45.645
-87.893 45.630
-87.910 45.578
-88.027 45.584
-87.922 45.554
-88.333 45.457
-88.901 44.677
-88.878 44.674
-88.888 44.668
-88.790 44.657
-88.814 44.615
-88.754 44.348
-88.769 44.375
-88.747 44.407
-87.980 43.652
-88.008 43.660
-87.947 43.676
-88.115 44.530
-88.082 44.540
-88.060 44.550
-88.056 44.544
-88.081 44.435
-88.072 44.455
-88.072 44.440
-88.084 44.425
-88.060 44.424
-88.883 45.568
-88.907 45.558
-88.810 45.635
-88.735 45.597
-89.761 43.461
-89.768 43.473
-89.769 43.479
-89.723 43.285
-89.734 43.285
-89.735 43.280
-89.735 43.274
-89.731 43.267
-88.270 45.385
-88.078 45.456
-88.180 45.477
-87.931 45.497
-87.962 45.400
-87.900 45.347
-88.047 45.441
-87.985 45.448
-88.208 45.344
-88.232 45.285
-88.096 45.300
-88.030 45.246
-88.178 45.224
-88.764 44.611
-88.740 44.618
-88.747 44.394
-88.742 44.390
-88.740 44.385
-88.744 44.383
-88.738 44.379
-88.741 44.377
-87.879 43.699
-87.889 43.654
-87.827 43.688
-87.830 43.651
-88.026 44.542
-88.063 44.537
-88.069 44.529
-88.048 44.538
-88.056 44.526
-88.124 44.509
-88.054 44.455
-88.039 44.447
-88.050 44.448
-88.050 44.444
-88.052 44.436
-88.027 44.444
-91.480 45.595
-91.311 45.597
-91.128 45.593
-88.622 45.593
-88.736 45.514
-88.517 45.557
-89.893 43.542
-89.906 43.508
-89.722 43.278
-90.037 43.439
-89.974 43.545
-89.974 43.534
-89.999 43.553
-87.967 45.237
-88.007 45.234
-87.955 45.378
-87.976 45.306
-88.768 44.623
-88.757 44.626
-88.767 44.633
-88.756 44.632
-88.755 44.382
-88.752 44.378
-88.751 44.373
-87.727 43.794
-87.753 43.794
-87.769 43.794
-87.786 43.796
-87.769 43.770
-87.752 43.741
-88.110 44.520
-88.083 44.524
-88.103 44.509
-88.090 44.514
-88.075 44.513
-88.062 44.513
-88.044 44.467
-88.036 44.457
-88.025 44.453
-88.036 44.471
-88.024 44.465
-88.027 44.475
-88.018 44.479
-90.988 45.596
-88.739 45.421
-88.512 45.448
-88.620 45.427
-88.657 45.453
-88.666 45.478
-88.671 45.438
-89.872 43.482
-89.918 43.479
-90.025 43.506
-89.988 43.552
-90.192 43.523
-87.859 45.304
-87.740 45.313
-88.039 45.129
-88.108 45.156
-87.983 45.150
-87.887 45.182
-87.872 45.252
-87.778 45.207
-87.723 45.151
-88.744 44.636
-88.669 44.634
-88.704 44.668
-88.795 44.311
-88.780 44.266
-88.889 44.264
-87.791 43.773
-87.775 43.733
-87.791 43.734
-87.789 43.749
-87.741 43.662
-87.780 43.677
-88.055 44.505
-88.048 44.513
-88.045 44.521
-88.042 44.527
-88.037 44.532
-88.022 44.523
-88.031 44.518
-88.018 44.486
-88.012 44.492
-87.796 44.619
-87.793 44.568
-90.865 45.595
-90.017 43.518
-90.020 43.529
-87.769 45.125
-87.989 45.063
-88.082 45.059
-88.798 44.547
-88.920 44.547
-89.011 44.547
-89.071 44.547
-89.168 44.551
-89.121 44.527
-88.871 44.260
-88.923 44.300
-88.925 44.318
-88.938 44.319
-88.935 44.328
-87.718 43.779
-87.706 43.767
-87.711 43.758
-87.714 43.748
-87.728 43.753
-88.027 44.514
-88.033 44.507
-87.997 44.527
-88.011 44.516
-88.003 44.512
-88.009 44.507
-87.852 44.596
-87.841 44.566
-90.741 45.595
-91.479 45.509
-91.331 45.510
-90.003 43.526
-90.007 43.531
-89.999 43.530
-88.077 45.102
-88.039 45.085
-88.033 45.095
-88.034 45.070
-87.860 45.020
-89.129 44.514
-89.132 44.504
-89.115 44.508
-89.162 44.485
-89.015 44.286
-89.075 44.287
-89.194 44.306
-87.747 43.749
-88.101 43.863
-88.009 43.825
-88.011 43.872
-87.714 43.733
-87.717 43.713
-87.746 43.707
-87.739 43.723
-87.731 43.736
-87.722 43.733
-87.740 43.781
-88.016 44.501
-87.978 44.523
-87.974 44.515
-87.995 44.508
-87.984 44.505
-87.973 44.506
-87.866 44.553
-87.893 44.542
-87.826 44.509
-91.223 45.452
-91.143 45.509
-91.079 45.513
-90.987 45.511
-90.884 45.509
-90.801 45.508
-90.720 45.463
-90.843 45.422
-90.987 45.423
-91.112 45.419
-91.353 45.422
-91.480 45.422
-90.019 43.538
-87.861 45.078
-87.875 45.119
-89.166 44.441
-89.146 44.461
-89.160 44.265
-89.128 44.303
-89.127 44.323
-87.953 43.850
-88.021 43.829
-88.010 43.834
-87.859 43.834
-87.746 43.767
-87.724 43.772
-87.723 43.765
-87.956 44.522
-87.950 44.510
-87.954 44.502
-87.826 44.480
-87.801 44.444
-87.862 44.444
-87.906 44.458
-87.945 44.468
-87.930 44.460
-91.480 45.335
-91.358 45.335
-90.011 43.538
-90.004 43.538
-90.000 43.536
-89.982 43.523
-89.989 43.536
-87.685 45.040
-87.684 45.074
-87.627 44.963
-87.635 45.019
-89.073 44.474
-89.027 44.454
-89.032 44.454
-88.953 44.474
-87.862 43.877
-87.905 43.836
-87.823 43.819
-87.710 43.701
-87.733 43.698
-88.127 43.590
-87.907 44.544
-87.920 44.533
-87.928 44.519
-87.945 44.452
-87.962 44.464
-87.976 44.472
-87.968 44.453
-87.993 44.482
-91.235 45.335
-91.111 45.335
-90.988 45.336
-89.999 43.544
-89.988 43.546
-89.959 43.500
-87.725 45.002
-87.738 45.088
-88.939 44.430
-88.886 44.464
-87.831 43.826
-87.823 43.836
-87.766 43.848
-88.092 43.793
-88.119 43.753
-88.094 43.721
-88.148 43.721
-88.047 43.798
-88.068 43.583
-87.981 43.601
-87.985 43.558
-88.247 44.670
-88.229 44.669
-88.238 44.667
-88.233 44.661
-88.213 44.628
-87.908 44.511
-87.914 44.488
-87.945 44.489
-87.961 44.493
-88.005 44.472
-87.995 44.455
-88.064 44.429
-90.957 45.312
-91.414 45.425
-91.273 45.459
-91.035 45.384
-91.100 45.449
-90.252 43.598
-90.152 43.595
-90.097 43.606
-90.130 43.583
-90.048 43.604
-89.993 43.594
-89.914 43.600
-89.856 43.594
-89.961 43.545
-90.132 43.512
-90.144 43.545
-90.158 43.468
-87.766 45.058
-87.759 45.056
-87.757 45.053
-87.751 45.050
-87.743 45.050
-88.919 44.454
-88.925 44.466
-88.916 44.468
-88.793 44.481
-88.021 43.772
-87.989 43.790
-87.993 43.730
-87.948 43.773
-87.949 43.620
-87.951 43.555
-87.968 43.553
-87.872 43.567
-87.792 43.587
-88.157 44.646
-88.136 44.661
-88.160 44.603
-88.100 44.662
-88.062 44.654
-87.953 44.480
-87.964 44.481
-87.976 44.492
-87.982 44.483
-88.020 44.419
-88.027 44.435
-87.941 44.429
-91.109 45.459
-91.107 45.462
-91.099 45.457
-91.100 45.460
-91.096 45.460
-88.986 45.809
-88.884 45.972
-88.759 45.962
-89.813 43.582
-89.822 43.516
-89.796 43.525
-89.752 43.570
-90.132 43.423
-90.054 43.426
-89.995 43.423
-89.896 43.423
-87.734 45.051
-87.731 45.060
-87.745 45.061
-87.595 45.086
-87.616 45.095
-88.803 44.439
-89.153 44.397
-89.188 44.359
-87.995 43.765
-87.988 43.752
-87.981 43.752
-87.975 43.753
-87.877 43.610
-87.805 43.614
-87.798 43.621
-88.025 44.658
-88.104 44.632
-88.073 44.626
-88.060 44.628
-88.038 44.628
-87.991 44.495
-88.003 44.496
-88.038 44.497
-88.147 44.467
-88.176 44.431
-88.093 44.381
-88.029 44.378
-88.037 44.326
-88.077 44.331
-91.090 45.459
-91.089 45.464
-91.083 45.473
-88.862 45.768
-88.736 45.834
-89.792 43.626
-89.808 43.598
-89.774 43.586
-89.861 43.459
-89.669 43.389
-89.627 43.374
-89.746 43.383
-89.801 43.367
-87.621 45.074
-87.622 45.084
-87.647 45.082
-89.150 44.334
-89.118 44.339
-89.131 44.351
-89.119 44.353
-87.965 43.752
-87.941 43.741
-87.961 43.740
-87.804 43.627
-87.785 43.628
-87.783 43.619
-87.821 43.575
-88.117 44.606
-88.082 44.604
-88.032 44.608
-88.144 44.582
-88.104 44.581
-88.090 44.584
-88.072 44.582
-88.114 44.496
-88.090 44.504
-88.081 44.502
-88.073 44.499
-88.061 44.497
-88.138 44.330
-88.171 44.322
-91.100 45.464
-91.112 45.466
-88.741 45.727
-88.674 45.671
-89.784 43.603
-89.660 43.531
-89.737 43.528
-89.660 43.460
-89.739 43.336
-89.744 43.305
-87.629 45.097
-87.648 45.096
-87.647 45.103
-89.115 44.366
-89.046 44.394
-89.021 44.352
-89.050 44.350
-89.069 44.350
-87.976 43.740
-87.973 43.746
-87.982 43.737
-87.889 43.761
-87.830 43.773
-87.825 43.564
-87.421 43.719
-88.173 44.558
-88.124 44.565
-88.143 44.552
-88.051 44.489
-88.072 44.490
-88.087 44.489
-88.065 44.475
-88.100 44.485
-88.153 44.328
-88.151 44.272
-88.060 44.269
-91.106 45.473
-91.096 45.469
-88.503 45.674
-88.936 45.578
-89.752 43.497
-89.809 43.488
-89.794 43.439
-89.731 43.431
-89.817 43.289
-89.785 43.267
-89.916 43.337
-90.045 43.332
-89.071 44.350
-89.076 44.345
-89.101 44.365
-89.095 44.352
-89.084 44.358
-87.823 43.732
-87.845 43.728
-87.818 43.723
-87.810 43.714
-87.803 43.729
-87.812 43.732
-88.121 44.550
-88.097 44.573
-88.093 44.569
-88.093 44.563
-88.092 44.551
-88.082 44.560
-88.091 44.471
-88.111 44.460
-88.119 44.440
-87.949 44.263
-87.949 44.306
-87.939 44.345
-91.102 45.482
-90.997 45.480
-90.893 45.497
-90.814 45.506
-90.715 45.511
-88.992 45.596
-88.980 45.523
-88.880 45.431
-89.011 45.489
-89.036 45.544
-88.861 45.509
-89.727 43.477
-89.725 43.472
-89.738 43.476
-89.738 43.472
-89.732 43.466
-90.143 43.308
-90.056 43.257
-90.005 43.271
-90.042 43.277
-88.333 45.635
-88.158 45.640
-88.098 45.572
-87.942 45.717
-88.009 45.784
-89.163 44.636
-89.084 44.355
-89.087 44.342
-87.814 43.739
-87.811 43.745
-87.828 43.729
-87.807 43.726
-88.116 43.671
-88.077 44.566
-88.071 44.552
-88.048 44.574
-87.921 44.618
-88.156 44.409
-88.152 44.380
-87.945 44.389
-87.859 44.372
-87.806 44.404
-88.855 45.598
-88.920 45.546
-88.449 44.228
-88.492 44.204
-88.475 44.207
-88.609 44.022
-88.626 43.999
-87.810 42.810
-87.808 42.800
-87.791 42.795
-87.803 42.791
-87.782 42.791
-87.793 42.778
-87.802 42.781
-87.868 42.693
-87.851 42.689
-87.844 42.695
-87.827 42.687
-88.263 42.656
-88.294 42.658
-88.428 44.241
-88.409 44.238
-88.409 44.223
-88.425 44.218
-88.592 43.981
-88.527 44.030
-88.524 44.022
-88.526 44.017
-88.528 44.013
-87.819 42.784
-87.827 42.774
-87.905 42.771
-87.837 42.682
-87.823 42.675
-87.798 42.688
-88.300 42.684
-87.421 42.754
-87.823 42.692
-88.449 44.198
-88.452 44.205
-88.455 44.213
-88.542 44.009
-88.553 44.013
-88.543 44.022
-88.536 44.024
-88.540 44.034
-88.550 44.035
-87.883 42.770
-87.865 42.769
-87.847 42.772
-87.798 42.695
-87.870 42.714
-87.852 42.713
-87.771 42.788
-88.445 44.212
-88.434 44.205
-88.426 44.211
-88.413 44.217
-88.555 44.033
-88.549 44.026
-88.553 44.025
-88.571 44.014
-87.838 42.763
-87.784 42.773
-88.271 42.743
-88.287 42.720
-87.770 42.780
-87.777 42.775
-87.785 42.769
-87.795 42.761
-88.855 44.199
-88.797 44.214
-88.721 44.190
-88.678 44.215
-88.423 44.220
-88.418 44.228
-88.448 44.222
-88.567 44.022
-88.573 44.034
-88.565 44.045
-88.542 44.043
-88.520 44.039
-88.531 44.053
-88.289 42.811
-88.244 42.723
-88.206 42.732
-88.215 42.752
-87.809 42.761
-87.787 42.757
-87.797 42.751
-87.785 42.747
-87.795 42.747
-88.619 44.204
-88.582 44.196
-88.557 44.195
-88.436 44.228
-88.428 44.224
-88.404 44.230
-88.415 44.238
-88.417 44.236
-88.574 44.005
-88.562 44.000
-88.559 43.991
-88.537 43.990
-88.272 42.769
-88.251 42.827
-88.205 42.836
-88.213 42.812
-88.240 42.798
-88.233 42.776
-88.222 42.744
-88.225 42.738
-88.115 42.741
-88.154 42.724
-88.153 42.683
-87.834 42.759
-87.800 42.739
-87.793 42.737
-87.789 42.740
-88.534 44.200
-88.824 44.135
-88.825 44.084
-88.698 44.133
-88.650 44.111
-88.713 44.091
-88.421 44.232
-88.425 44.244
-88.444 44.190
-88.457 44.192
-88.458 44.185
-88.595 44.000
-88.602 44.007
-88.224 42.764
-88.217 42.768
-88.209 42.768
-88.200 42.772
-88.205 42.761
-88.132 42.703
-88.120 42.695
-87.786 42.736
-87.788 42.726
-87.801 42.727
-87.781 42.725
-88.699 44.117
-88.717 44.116
-88.720 44.106
-88.457 44.183
-88.468 44.189
-88.470 44.178
-88.595 44.014
-88.591 44.024
-88.593 44.026
-88.222 42.755
-88.199 42.790
-88.224 42.781
-88.095 42.693
-88.081 42.692
-88.077 42.678
-88.214 42.705
-88.211 42.691
-88.229 42.690
-87.791 42.719
-87.786 42.715
-87.785 42.709
-87.792 42.710
-87.812 42.688
-87.806 42.700
-88.703 44.107
-88.835 44.059
-88.823 44.013
-88.469 44.170
-88.460 44.175
-88.451 44.175
-88.461 44.167
-88.455 44.166
-88.601 44.016
-88.583 43.998
-88.545 43.976
-88.570 43.986
-88.559 44.083
-88.575 44.066
-88.215 42.777
-88.209 42.825
-88.240 42.687
-88.248 42.680
-88.213 42.667
-88.219 42.638
-88.259 42.633
-87.821 42.700
-87.801 42.710
-87.813 42.712
-87.805 42.718
-88.757 44.055
-88.679 44.048
-88.704 44.007
-88.750 44.031
-88.473 44.160
-88.499 44.197
-88.506 44.188
-88.514 44.171
-88.551 44.072
-88.545 44.060
-88.523 44.079
-88.173 42.835
-88.152 42.838
-88.142 42.827
-88.119 42.831
-88.093 42.806
-88.278 42.616
-88.284 42.629
-88.298 42.639
-88.277 42.701
-87.810 42.727
-87.837 42.692
-87.849 42.705
-88.741 44.033
-88.729 44.038
-88.748 44.038
-88.748 44.044
-88.497 44.139
-88.478 44.186
-88.537 44.071
-88.526 44.057
-88.507 44.088
-88.557 44.053
-88.452 44.031
-88.407 44.239
-88.127 42.765
-88.147 42.790
-88.155 42.808
-88.013 42.750
-88.024 42.724
-87.971 42.720
-87.989 42.684
-87.820 42.711
-87.827 42.714
-87.838 42.713
-87.828 42.723
-87.833 42.728
-88.740 44.046
-88.722 44.043
-88.826 43.938
-88.478 44.175
-88.484 44.163
-88.486 44.186
-88.159 42.820
-88.170 42.818
-88.047 42.696
-88.042 42.692
-88.038 42.685
-88.047 42.684
-87.816 42.732
-87.898 42.697
-87.888 42.691
-87.893 42.695
-87.907 42.694
-88.719 43.950
-88.682 43.920
-88.507 43.908
-88.512 43.936
-88.529 43.961
-88.490 44.172
-88.493 44.164
-88.500 44.169
-88.497 44.154
-88.181 42.807
-88.061 42.811
-88.019 42.828
-88.046 42.677
-88.052 42.680
-88.062 42.683
-88.060 42.689
-87.934 42.724
-87.904 42.710
-87.899 42.712
-87.781 42.764
-88.283 42.679
-88.283 42.674
-88.615 43.937
-88.564 43.936
-88.475 44.150
-88.459 44.157
-88.450 44.155
-88.447 44.164
-88.611 44.077
-87.965 42.806
-88.010 42.800
-88.019 42.771
-87.908 42.746
-87.871 42.749
-88.274 42.678
-88.273 42.672
-88.292 42.672
-88.291 42.677
-88.292 42.682
-88.594 44.104
-88.580 44.132
-88.499 44.111
-88.510 44.220
-88.622 44.052
-88.631 44.033
-87.930 42.830
-87.931 42.783
-87.882 42.811
-87.851 42.749
-87.850 42.740
-87.841 42.746
-87.828 42.743
-88.279 42.684
-88.257 42.675
-88.265 42.694
-88.493 44.234
-88.477 44.224
-88.465 44.235
-88.612 44.035
-88.593 44.041
-88.606 44.030
-87.841 42.827
-87.809 42.814
-87.826 42.806
-87.843 42.731
-87.850 42.728
-87.864 42.730
-87.876 42.729
-87.892 42.728
-87.906 42.683
-88.256 42.686
-88.266 42.681
-88.272 42.669
-88.290 42.885
-88.263 42.908
-88.275 42.869
-88.230 42.890
-88.334 42.847
-88.077 42.984
-88.080 42.977
-88.079 42.970
-88.106 42.969
-88.266 43.007
-88.264 42.997
-88.246 42.996
-88.230 42.999
-88.232 42.991
-88.295 42.955
-88.252 42.965
-88.259 42.985
-88.102 43.046
-88.140 43.036
-88.271 43.059
-88.293 43.064
-88.275 43.071
-88.071 43.114
-88.068 43.123
-88.091 43.113
-88.104 43.110
-88.256 43.122
-88.214 43.111
-88.273 43.022
-88.318 42.852
-88.335 42.857
-88.349 42.870
-88.332 42.872
-88.098 42.969
-88.079 42.963
-88.219 42.994
-88.204 42.986
-88.195 42.996
-88.396 42.930
-88.413 42.937
-88.383 42.937
-88.172 43.093
-88.172 43.021
-88.187 43.021
-88.172 43.029
-88.282 43.093
-88.207 43.092
-88.217 43.079
-88.126 43.108
-88.137 43.113
-88.097 42.867
-88.093 42.902
-88.155 42.869
-88.153 42.892
-88.175 42.900
-88.171 42.917
-88.143 42.904
-88.320 42.873
-88.316 42.864
-88.080 42.954
-88.103 42.949
-88.098 42.937
-88.219 43.001
-88.206 43.007
-88.222 43.006
-88.380 42.996
-88.391 43.003
-88.364 43.009
-88.180 43.024
-88.180 43.047
-88.174 43.041
-88.258 43.073
-88.245 43.082
-88.231 43.081
-88.245 43.073
-88.242 43.100
-88.160 43.119
-88.113 43.115
-88.085 43.124
-88.136 42.898
-88.147 42.918
-88.129 42.922
-88.318 42.878
-88.415 42.908
-88.143 42.941
-88.174 42.934
-88.224 43.014
-88.233 43.008
-88.337 43.008
-88.321 42.995
-88.162 43.026
-88.157 43.038
-88.075 43.022
-88.242 43.091
-88.267 43.081
-88.076 43.140
-88.094 43.153
-88.095 43.141
-88.122 43.135
-88.124 42.915
-88.125 42.905
-88.109 42.912
-88.104 42.925
-88.403 42.910
-88.387 42.912
-88.369 42.915
-88.355 42.910
-88.166 42.990
-88.157 43.010
-88.246 43.009
-88.247 43.019
-88.255 43.012
-88.257 43.019
-88.317 42.958
-88.354 42.939
-88.345 42.965
-88.366 42.987
-88.082 43.031
-88.099 43.025
-88.118 43.021
-88.266 43.090
-88.276 43.091
-88.168 43.133
-88.109 43.156
-88.086 42.924
-88.083 42.915
-88.074 42.925
-88.202 42.878
-88.203 42.887
-88.212 42.902
-88.323 42.907
-88.358 42.889
-88.372 42.851
-88.389 42.871
-88.118 43.005
-88.103 43.006
-88.098 42.999
-88.272 43.016
-88.278 43.029
-88.280 43.044
-88.415 42.959
-88.400 42.982
-88.148 43.021
-88.137 43.038
-88.117 43.040
-88.322 43.116
-88.323 43.111
-88.338 43.113
-88.116 43.161
-88.100 43.161
-88.202 42.921
-88.202 42.899
-88.228 42.858
-88.403 42.888
-88.465 42.875
-88.473 42.881
-88.502 42.893
-88.457 42.867
-88.449 42.853
-88.104 42.987
-88.093 42.987
-88.084 42.991
-88.265 43.036
-88.260 43.049
-88.248 43.023
-88.408 43.005
-88.385 42.959
-88.429 42.931
-88.126 43.057
-88.153 43.066
-88.352 43.111
-88.335 43.107
-88.351 43.107
-88.337 43.103
-88.336 43.097
-88.091 43.165
-88.075 43.157
-88.093 43.173
-88.237 42.910
-88.238 42.925
-88.288 42.910
-88.446 42.896
-88.188 42.942
-88.187 42.938
-88.118 42.959
-88.098 43.011
-88.077 43.000
-88.077 43.012
-88.261 43.027
-88.245 43.029
-88.240 43.015
-88.234 43.032
-88.513 42.945
-88.508 43.001
-88.125 43.065
-88.135 43.073
-88.154 43.053
-88.333 43.094
-88.339 43.091
-88.341 43.087
-88.335 43.087
-88.119 43.174
-88.128 43.173
-88.137 43.173
-88.119 43.182
-88.109 43.175
-88.122 42.964
-88.132 42.984
-88.157 42.963
-88.235 42.976
-88.244 42.981
-88.271 42.969
-88.210 43.014
-88.213 43.023
-88.451 42.955
-88.443 42.998
-88.174 43.057
-88.164 43.082
-88.121 43.078
-88.354 43.090
-88.417 43.086
-88.394 43.075
-88.414 43.066
-88.102 43.179
-88.084 43.182
-88.123 43.188
-88.192 43.136
-88.191 43.156
-88.196 43.176
-88.314 43.137
-88.262 42.982
-88.256 42.986
-88.279 43.004
-88.199 43.026
-88.186 43.033
-88.213 42.936
-88.203 42.947
-88.500 42.971
-88.073 43.055
-88.096 43.068
-88.111 43.079
-88.097 43.082
-88.410 43.053
-88.391 43.057
-88.373 43.063
-88.377 43.094
-88.398 43.095
-88.408 43.093
-88.135 43.184
-88.134 43.158
-88.165 43.175
-88.175 43.149
-88.309 43.149
-88.384 43.123
-88.323 43.124
-88.356 43.122
-88.341 43.160
-88.412 43.118
-88.410 43.144
-88.395 43.170
-88.342 43.183
-88.476 43.095
-88.480 43.083
-88.486 43.104
-88.521 43.113
-88.484 43.128
-88.524 43.144
-88.430 43.113
-88.451 43.112
-88.436 43.124
-88.497 43.171
-88.520 43.130
-88.431 43.149
-88.443 43.167
-88.197 42.969
-88.220 42.967
-88.272 42.946
-88.244 42.946
-88.195 43.006
-88.291 43.002
-88.291 42.982
-88.084 43.055
-88.075 43.047
-88.073 43.041
-88.137 43.084
-88.137 43.097
-88.120 43.097
-88.413 43.031
-88.391 43.033
-88.372 43.032
-88.349 43.028
-88.324 43.035
-88.153 43.154
-88.247 43.109
-88.220 43.129
-88.231 43.129
-88.319 43.169
-88.363 43.154
-88.522 43.099
-88.505 43.094
-88.505 43.107
-88.489 43.099
-88.514 43.112
-88.506 43.116
-88.493 43.113
-88.491 43.119
-88.454 43.123
-88.477 43.127
-88.089 43.038
-88.092 43.043
-88.095 43.053
-88.098 43.097
-88.077 43.088
-88.315 43.052
-88.329 43.058
-88.318 43.095
-88.323 43.074
-88.223 43.154
-88.205 43.154
-88.208 43.144
-88.216 43.142
-88.077 43.067
-88.194 43.065
-88.208 43.051
-88.239 43.057
-88.292 43.033
-88.354 43.068
-88.352 43.056
-88.472 43.022
-88.471 43.012
-88.452 43.097
-88.435 43.031
-88.208 43.133
-88.205 43.121
-88.235 43.119
-88.230 43.136
-88.239 43.139
-88.459 43.033
-88.508 43.042
-88.433 43.057
-88.450 43.068
-88.511 43.079
-88.071 43.101
-88.072 43.106
-88.225 43.179
-88.237 43.154
-88.261 43.167
-88.282 43.180
-88.280 43.149
-88.290 43.120
-88.275 43.132
