-80.697 40.049
-80.680 40.040
-80.712 40.035
-80.855 39.647
-80.455 39.659
-80.515 39.689
-80.593 39.651
-80.697 39.678
-81.296 37.530
-81.336 37.475
-81.394 37.534
-81.513 37.519
-81.571 37.668
-81.413 37.609
-81.465 37.595
-81.535 37.574
-81.498 37.607
-81.519 37.640
-81.456 37.661
-81.536 37.609
-81.569 37.597
-81.586 37.603
-81.509 37.700
-81.620 37.620
-81.772 37.648
-81.676 37.701
-81.197 38.877
-81.160 38.787
-81.042 38.927
-81.059 38.844
-81.065 38.734
-81.101 38.674
-80.860 39.274
-80.689 39.205
-80.593 39.222
-80.683 39.362
-80.618 39.402
-80.729 40.035
-80.728 40.045
-80.724 40.059
-81.621 37.685
-81.761 37.545
-81.805 37.529
-81.644 37.703
-81.660 37.752
-80.571 39.346
-80.646 39.292
-80.735 39.130
-80.813 39.180
-80.796 39.267
-80.726 39.305
-80.770 39.337
-80.716 40.047
-80.664 40.033
-80.809 39.687
-80.854 39.688
-80.864 39.649
-80.799 39.635
-80.548 39.582
-80.536 39.487
-81.541 37.742
-81.446 37.722
-81.395 37.658
-81.367 37.603
-81.334 37.583
-81.360 37.564
-81.385 37.585
-81.392 37.574
-79.256 39.064
-79.105 39.011
-79.150 39.117
-79.384 39.231
-79.294 39.176
-80.677 40.145
-80.634 40.156
-80.649 40.127
-80.658 40.038
-80.651 40.046
-80.664 40.049
-81.934 38.567
-81.965 38.595
-82.020 38.575
-81.905 38.631
-81.955 38.371
-80.675 39.549
-80.618 39.518
-80.742 39.557
-80.740 39.607
-80.811 39.585
-80.876 39.610
-80.862 39.637
-79.146 38.976
-79.121 39.058
-79.123 38.988
-79.166 39.219
-80.703 40.135
-80.692 40.143
-80.588 40.149
-80.570 40.112
-80.568 40.049
-82.010 38.331
-82.003 38.420
-81.925 38.449
-81.785 38.530
-81.813 38.490
-81.787 38.475
-81.834 38.504
-81.753 38.491
-81.809 38.448
-81.811 38.555
-81.852 38.531
-81.891 38.555
-80.933 39.604
-80.928 39.608
-80.858 39.681
-79.135 39.000
-79.179 38.916
-79.104 38.905
-79.255 38.969
-79.228 39.265
-79.064 39.202
-80.642 40.033
-80.654 40.101
-80.632 40.073
-80.703 40.121
-81.837 38.595
-81.750 38.623
-81.841 38.434
-81.900 38.460
-81.857 38.484
-81.947 38.449
-81.938 38.466
-81.913 38.511
-81.975 38.505
-79.946 38.978
-80.011 38.992
-79.917 39.000
-79.996 39.228
-79.910 39.181
-79.979 39.115
-80.010 39.172
-80.041 39.170
-80.081 39.212
-80.043 39.109
-80.078 39.140
-79.895 39.245
-79.876 39.126
-80.705 40.104
-80.683 40.103
-80.666 40.065
-80.651 40.064
-81.933 38.537
-82.002 38.439
-81.991 38.447
-80.106 39.076
-80.192 39.114
-80.157 39.162
-79.977 39.064
-80.132 39.224
-80.162 39.214
-80.007 39.034
-79.908 39.046
-80.696 40.089
-80.710 40.085
-82.029 38.473
-82.034 38.431
-81.805 38.655
-80.859 39.666
-82.580 38.129
-80.722 40.087
-80.725 40.078
-80.723 40.070
-82.019 38.430
-82.040 38.420
-81.926 38.418
-81.871 38.448
-81.869 38.428
-82.595 38.120
-82.553 38.203
-82.492 38.155
-82.487 38.043
-82.536 38.385
-82.561 38.389
-82.543 38.360
-82.585 38.384
-80.732 40.079
-80.733 40.072
-81.968 38.450
-82.579 38.397
-82.551 38.400
-82.519 38.404
-82.571 38.399
-80.731 40.064
-80.711 40.076
-82.587 38.408
-82.565 38.344
-82.502 38.380
-82.511 38.307
-82.555 38.284
-82.479 38.315
-82.483 38.253
-82.478 38.358
-82.427 38.336
-82.451 38.293
-82.454 38.093
-82.462 38.210
-82.411 38.168
-82.362 37.985
-82.447 37.953
-82.424 37.917
-82.318 38.087
-82.399 37.891
-80.704 40.077
-80.677 40.084
-82.358 38.277
-82.306 38.212
-82.442 38.223
-82.412 38.233
-82.508 38.405
-80.683 40.079
-80.674 40.072
-80.689 40.081
-82.510 38.399
-82.499 38.401
-80.692 40.078
-80.684 40.074
-80.691 40.064
-78.220 39.489
-78.077 39.618
-78.170 39.598
-78.140 39.660
-78.206 39.641
-78.240 39.630
-78.234 39.590
-80.689 40.070
-80.682 40.066
-78.227 39.626
-78.219 39.616
-78.275 39.543
-78.347 39.567
-78.293 39.472
-78.419 39.533
-80.710 40.065
-80.716 40.069
-81.665 37.571
-81.755 37.610
-81.684 37.650
-81.162 38.970
-81.063 38.986
-81.114 38.908
-81.093 38.920
-80.612 40.507
-78.033 39.395
-77.960 39.475
-78.028 39.331
-80.843 39.470
-80.610 40.277
-77.944 39.435
-77.962 39.449
-77.971 39.461
-77.975 39.475
-78.058 39.435
-77.958 39.457
-77.990 39.508
-78.022 39.421
-79.714 39.670
-79.625 39.662
-79.803 39.542
-79.800 39.551
-79.768 39.562
-79.802 39.495
-79.824 39.502
-79.838 39.527
-79.864 39.469
-79.774 39.439
-79.680 39.467
-79.718 39.509
-79.678 39.488
-79.685 39.477
-79.695 39.452
-79.623 39.474
-79.724 39.404
-79.560 39.466
-80.857 39.387
-80.969 39.408
-80.892 39.493
-80.878 39.536
-81.037 39.490
-81.009 39.542
-80.907 39.494
-80.976 39.569
-80.933 39.586
-80.761 39.415
-80.719 39.458
-80.613 40.269
-80.599 40.238
-80.654 40.197
-80.652 40.219
-80.549 40.199
-80.614 40.196
-80.600 40.268
-77.969 39.453
-78.019 39.486
-78.008 39.446
-78.112 39.425
-77.983 39.451
-78.004 39.412
-77.953 39.463
-78.062 39.534
-77.890 39.450
-78.105 39.360
-77.949 39.470
-77.932 39.472
-82.275 37.680
-82.291 37.674
-79.619 39.384
-79.670 39.573
-79.562 39.594
-79.533 39.522
-79.504 39.483
-79.521 39.669
-79.508 39.412
-79.851 39.414
-79.755 39.366
-79.855 39.367
-79.820 39.306
-79.720 39.288
-79.706 39.344
-79.593 39.301
-79.514 39.337
-79.524 39.255
-80.538 40.278
-80.572 40.258
-80.551 40.332
-80.533 40.314
-80.553 40.376
-80.610 40.289
-80.583 40.290
-80.597 40.319
-77.983 39.465
-78.003 39.352
-77.963 39.464
-82.285 37.673
-82.298 37.683
-82.261 37.700
-82.305 37.726
-82.295 37.770
-82.174 37.733
-82.214 37.664
-82.261 37.669
-82.112 37.690
-82.162 37.644
-80.585 40.315
-80.608 40.282
-78.042 39.298
-77.918 39.414
-77.974 39.570
-78.166 39.441
-77.845 39.581
-77.990 39.391
-77.939 39.473
-78.029 39.590
-77.950 39.509
-78.118 39.550
-77.878 39.598
-78.080 39.324
-82.186 37.705
-82.181 37.788
-82.372 37.834
-82.316 37.873
-82.233 37.922
-82.286 37.827
-82.190 37.854
-82.278 37.672
-82.170 37.626
-82.070 37.608
-82.155 37.602
-82.096 37.563
-81.971 37.594
-80.586 40.326
-80.585 40.324
-80.573 40.326
-77.974 39.466
-78.015 39.534
-77.978 39.456
-78.058 39.368
-77.923 39.562
-77.889 39.544
-77.917 39.506
-77.925 39.402
-77.864 39.492
-77.960 39.392
-82.110 37.652
-82.079 37.666
-81.846 37.602
-81.902 37.566
-81.833 37.636
-81.915 37.653
-81.869 37.614
-80.579 40.343
-80.572 40.357
-80.595 40.328
-81.099 37.330
-81.120 37.290
-81.197 37.255
-81.203 37.259
-81.245 37.264
-81.175 37.297
-81.223 37.301
-81.218 37.275
-81.250 37.275
-81.214 37.269
-80.602 40.353
-80.613 40.384
-80.561 40.397
-80.606 40.394
-81.239 37.257
-81.267 37.287
-81.293 37.304
-81.255 37.321
-81.218 37.262
-80.433 38.789
-80.442 38.871
-80.458 39.038
-80.461 39.045
-80.467 39.043
-80.595 40.394
-80.599 40.337
-80.525 40.403
-81.216 37.252
-81.211 37.258
-81.221 37.250
-80.469 39.052
-80.441 39.071
-80.542 39.052
-80.490 39.079
-80.534 39.130
-80.408 39.110
-80.387 39.104
-80.414 39.028
-80.356 39.057
-80.382 38.959
-80.537 40.414
-80.598 40.432
-80.556 40.410
-80.558 40.536
-81.225 37.367
-81.226 37.249
-81.231 37.252
-81.232 37.244
-81.286 37.386
-81.254 37.452
-81.238 37.402
-80.908 37.328
-80.983 37.330
-80.474 39.047
-80.473 39.035
-80.486 39.050
-80.504 38.928
-80.510 39.012
-80.666 39.047
-80.599 40.619
-80.558 40.618
-81.069 37.354
-80.998 37.362
-80.939 37.437
-81.056 37.373
-81.018 37.408
-80.944 37.390
-81.205 37.477
-81.204 37.409
-81.151 37.401
-81.181 37.350
-81.092 37.444
-81.141 37.456
-81.183 37.433
-80.656 37.668
-80.536 37.675
-80.629 37.630
-80.691 37.550
-80.417 37.564
-80.544 37.561
-80.594 37.491
-80.520 37.610
-80.418 37.659
-80.300 37.631
-80.611 39.099
-80.604 38.969
-80.465 39.035
-80.606 40.411
-80.544 40.421
-81.120 37.534
-81.127 37.373
-81.074 37.391
-81.101 37.391
-81.068 37.380
-81.039 37.438
-81.005 37.483
-81.289 37.338
-81.331 37.348
-81.310 37.319
-81.170 37.321
-81.213 37.337
-81.136 37.346
-80.404 37.493
-80.617 37.593
-80.695 37.440
-80.768 37.497
-80.778 37.410
-80.563 40.429
-80.609 40.608
-80.573 40.610
-80.539 40.451
-80.525 40.418
-81.111 37.352
-81.095 37.363
-81.091 37.368
-80.795 37.399
-80.754 37.449
-80.819 37.454
-80.607 40.398
-80.573 40.459
-80.575 40.410
-80.578 40.428
-80.558 40.580
-81.095 37.373
-81.098 37.380
-81.089 37.374
-81.101 37.374
-80.583 40.409
-80.556 40.494
-80.534 40.616
-80.591 40.406
-80.602 40.523
-80.629 40.573
-81.090 37.387
-80.545 40.404
-80.568 40.416
-81.930 37.998
-81.921 38.052
-81.916 38.115
-81.835 38.111
-81.879 38.070
-81.799 38.069
-81.825 38.056
-81.797 38.051
-81.841 38.028
-81.828 38.069
-81.771 38.086
-81.752 38.027
-81.842 38.087
-81.706 38.114
-81.834 38.151
-81.729 38.189
-81.873 37.965
-81.839 37.993
-81.735 38.144
-81.638 38.154
-81.664 38.083
-81.574 38.120
-81.620 38.010
-81.534 38.045
-81.606 38.090
-81.565 38.010
-81.506 37.994
-81.559 37.962
-81.799 37.979
-81.745 37.892
-81.686 37.986
-81.605 37.910
-81.700 37.931
-81.597 37.828
-81.669 37.911
-81.673 37.865
-81.732 37.951
-80.170 39.481
-80.233 39.470
-80.170 39.464
-80.205 39.451
-80.213 39.418
-80.256 39.436
-80.216 39.459
-80.175 39.459
-80.162 39.459
-81.349 38.806
-81.364 38.807
-81.355 38.796
-81.380 38.730
-81.389 38.828
-81.303 38.853
-79.668 39.051
-79.573 39.079
-79.614 39.108
-79.518 39.156
-79.554 39.013
-79.629 39.197
-79.753 39.207
-79.394 39.147
-80.341 38.839
-80.159 38.852
-80.105 38.982
-80.337 38.757
-80.189 38.965
-80.220 39.462
-80.280 39.468
-80.271 39.478
-80.325 39.470
-80.304 39.532
-80.260 39.517
-80.255 39.486
-80.253 39.547
-80.285 39.559
-80.253 39.596
-81.149 38.592
-81.288 38.774
-81.418 38.669
-81.363 38.613
-79.426 39.040
-79.743 39.062
-79.754 39.131
-80.351 39.531
-80.336 39.522
-80.385 39.596
-80.347 39.527
-80.424 39.538
-80.341 39.531
-81.252 38.617
-81.307 38.564
-81.487 38.696
-81.446 38.884
-80.330 39.522
-80.120 39.555
-80.093 39.539
-80.178 39.559
-80.247 39.592
-80.148 39.410
-80.183 39.412
-80.969 38.777
-80.921 38.852
-80.927 38.944
-80.832 38.866
-80.964 38.998
-80.840 39.034
-80.797 38.960
-80.171 39.447
-80.138 39.461
-81.426 38.900
-81.198 38.699
-81.262 38.733
-81.346 38.799
-82.062 38.904
-82.060 38.933
-82.095 38.886
-82.055 38.963
-81.964 38.942
-81.970 38.888
-81.882 38.792
-81.986 38.839
-82.113 38.872
-80.834 38.940
-80.793 38.909
-80.736 38.879
-80.699 38.933
-80.755 39.040
-82.133 38.878
-81.878 38.702
-81.973 38.784
-82.128 38.836
-82.130 38.855
-82.086 38.852
-78.714 39.094
-78.630 39.097
-78.626 39.024
-79.037 39.056
-78.974 39.097
-78.928 39.153
-78.900 39.055
-78.965 39.042
-78.994 38.991
-80.151 39.479
-82.127 38.871
-82.026 38.987
-82.117 38.875
-82.124 38.866
-82.135 38.866
-82.137 38.852
-78.791 38.994
-78.792 39.114
-79.026 38.877
-78.899 38.841
-78.863 38.922
-81.157 38.044
-81.151 38.004
-80.144 39.479
-80.149 39.492
-82.136 38.830
-82.190 38.794
-82.032 39.019
-82.161 38.733
-82.082 38.771
-82.116 38.718
-81.999 38.709
-82.073 38.651
-82.143 38.631
-82.094 38.547
-82.157 38.585
-80.369 38.081
-80.140 37.965
-80.510 38.050
-80.749 38.073
-80.660 38.029
-80.616 38.019
-80.583 37.986
-80.772 38.034
-80.719 38.019
-80.787 37.948
-81.314 38.954
-81.019 38.554
-80.966 38.510
-80.891 38.491
-81.018 38.443
-81.081 38.466
-81.104 38.405
-81.103 38.541
-81.152 38.520
-81.047 38.608
-81.202 38.484
-81.197 38.318
-81.230 38.412
-81.154 38.363
-81.141 37.991
-81.150 37.980
-80.132 39.491
-80.153 39.470
-80.121 39.484
-79.219 38.764
-79.127 38.738
-79.194 38.655
-79.264 38.518
-79.376 38.502
-79.424 38.568
-79.361 38.647
-79.389 38.895
-79.435 38.777
-79.417 38.858
-79.280 38.814
-79.333 38.692
-79.533 38.651
-81.975 38.986
-81.957 38.989
-82.008 39.013
-81.991 38.998
-81.940 38.965
-80.770 37.973
-80.755 37.957
-80.732 37.902
-80.661 37.896
-80.700 37.842
-80.565 37.910
-80.593 37.836
-80.616 37.761
-81.410 38.989
-81.380 39.057
-81.329 39.109
-81.422 39.113
-81.501 39.057
-81.485 38.970
-81.250 39.020
-81.131 37.989
-81.165 37.982
-81.165 37.971
-81.247 38.033
-81.113 37.969
-81.092 37.921
-81.172 37.946
-81.279 37.988
-80.120 39.478
-80.116 39.491
-80.092 39.460
-80.132 39.476
-82.082 38.836
-80.644 37.730
-80.412 37.928
-80.483 37.852
-80.374 37.883
-80.397 37.841
-80.439 37.813
-80.409 37.804
-80.421 37.787
-80.508 37.787
-80.532 37.747
-80.446 37.775
-80.470 37.750
-80.460 37.733
-80.402 37.729
-80.312 37.736
-80.250 37.828
-80.329 37.828
-80.291 37.810
-81.104 38.004
-81.099 38.044
-81.250 37.927
-81.261 38.201
-80.126 39.481
-80.135 39.482
-80.138 39.478
-80.121 39.433
-80.123 39.462
-80.109 39.500
-80.075 39.483
-80.131 39.470
-80.070 39.417
-81.319 38.062
-81.154 37.896
-81.173 37.890
-81.273 38.157
-80.163 39.428
-80.011 39.455
-80.158 39.439
-80.151 39.452
-80.132 39.500
-80.100 39.518
-80.059 39.508
-81.306 38.179
-81.208 38.228
-81.189 38.180
-81.321 38.158
-81.300 38.116
-81.211 38.135
-81.152 38.096
-81.226 38.087
-81.116 38.190
-80.140 39.506
-80.138 39.528
-80.168 39.469
-77.884 39.321
-77.831 39.337
-77.890 39.375
-77.805 39.394
-77.789 39.317
-77.843 39.284
-77.767 39.368
-80.167 39.474
-80.162 39.478
-81.450 38.592
-81.467 38.797
-81.263 39.379
-81.298 39.337
-81.245 39.322
-81.205 39.389
-81.219 39.372
-81.113 39.343
-81.174 39.393
-81.187 39.339
-81.138 39.427
-81.071 39.379
-81.055 39.432
-77.752 39.324
-77.741 39.325
-77.805 39.272
-77.864 39.206
-77.849 39.276
-77.760 39.295
-77.819 39.196
-80.164 38.998
-81.004 38.159
-81.087 38.128
-81.127 38.137
-81.056 38.007
-81.054 38.076
-80.907 38.017
-81.111 38.077
-80.982 38.071
-80.848 37.883
-80.952 37.905
-80.159 39.483
-80.155 39.487
-78.630 39.206
-78.535 39.328
-78.676 39.275
-78.596 39.319
-78.547 39.478
-78.429 39.415
-78.714 39.295
-78.724 39.353
-78.643 39.400
-78.798 39.288
-78.757 39.339
-78.758 39.350
-77.862 39.286
-77.927 39.241
-77.904 39.287
-77.865 39.296
-77.974 39.278
-77.944 39.337
-77.844 39.418
-80.224 38.999
-80.216 38.990
-80.232 38.992
-80.257 39.016
-80.224 38.980
-80.220 38.985
-80.167 39.486
-80.158 39.500
-80.197 39.479
-80.199 39.504
-80.172 39.500
-80.171 39.526
-80.225 39.535
-80.197 39.578
-80.156 39.576
-78.751 39.344
-78.890 39.273
-78.731 39.201
-78.710 39.429
-78.477 39.165
-78.518 39.219
-78.642 39.503
-78.439 39.318
-78.546 39.405
-78.644 39.342
-78.606 39.276
-80.410 39.475
-77.805 39.432
-77.814 39.464
-77.858 39.301
-77.875 39.234
-80.230 38.987
-80.217 38.954
-80.264 38.955
-80.292 38.982
-80.295 38.899
-80.253 39.067
-80.179 39.049
-80.247 38.939
-80.239 38.761
-80.241 38.839
-81.305 37.610
-81.337 37.705
-81.253 37.710
-81.227 37.735
-81.221 37.710
-81.275 37.690
-81.238 37.750
-81.273 37.780
-81.232 37.794
-82.461 38.418
-82.395 38.427
-82.407 38.417
-82.406 38.400
-80.702 38.328
-80.663 38.299
-80.620 38.332
-80.579 38.283
-80.626 38.226
-80.751 38.483
-80.802 38.392
-80.667 38.383
-80.780 38.319
-80.788 38.256
-80.878 38.340
-80.835 38.285
-80.916 38.323
-80.860 38.251
-81.987 38.243
-82.129 38.240
-81.917 38.161
-82.109 38.268
-82.050 38.194
-82.185 38.304
-81.921 38.272
-82.208 37.994
-82.237 38.223
-82.143 38.055
-82.140 38.164
-82.211 38.132
-82.121 38.012
-81.842 38.280
-81.883 38.231
-82.027 38.064
-82.163 38.098
-82.080 38.044
-80.361 39.272
-80.351 39.274
-81.207 37.789
-81.243 37.822
-81.230 37.668
-81.373 37.795
-81.328 37.778
-81.302 37.735
-81.173 37.662
-81.224 37.578
-81.114 37.619
-81.391 37.840
-81.088 37.715
-81.091 37.670
-82.405 38.408
-82.397 38.415
-82.393 38.398
-82.382 38.431
-80.816 38.182
-80.933 38.231
-81.185 38.256
-81.091 38.280
-80.975 38.315
-81.023 38.246
-80.710 38.244
-80.698 38.154
-80.865 38.144
-80.570 38.198
-80.503 38.263
-80.525 38.216
-80.325 39.266
-80.355 39.279
-81.764 39.058
-81.693 39.021
-81.723 38.900
-81.703 38.943
-81.747 38.963
-81.174 37.861
-81.129 37.851
-81.208 37.834
-81.205 37.852
-81.256 37.867
-81.447 37.942
-81.349 37.887
-81.476 37.844
-81.520 37.900
-81.134 37.741
-81.107 37.757
-81.076 37.800
-81.104 37.741
-81.000 37.759
-81.105 37.691
-80.935 37.739
-81.401 37.763
-81.414 37.960
-81.332 37.925
-82.397 38.407
-82.378 38.406
-82.324 38.437
-82.378 38.422
-82.372 38.349
-80.345 39.283
-80.320 39.262
-81.609 38.972
-81.602 38.903
-81.570 38.835
-81.706 38.825
-81.812 38.849
-81.803 38.917
-81.768 38.952
-81.766 38.960
-82.301 38.348
-82.322 38.372
-82.350 38.396
-82.328 38.413
-82.308 38.414
-82.345 38.411
-80.363 39.280
-80.354 39.287
-81.758 38.950
-81.762 38.957
-81.759 38.961
-82.314 38.421
-82.302 38.419
-82.278 38.414
-80.310 39.249
-80.229 39.389
-80.267 39.390
-80.290 39.399
-80.265 39.418
-80.324 39.363
-80.305 39.385
-81.717 38.826
-81.701 38.823
-82.304 38.399
-82.269 38.435
-82.263 38.398
-82.262 38.363
-82.317 38.402
-82.246 38.305
-82.351 38.417
-82.209 38.401
-82.261 38.474
-80.348 39.374
-80.393 39.385
-80.373 39.426
-80.364 39.319
-80.290 39.418
-81.698 38.812
-81.713 38.813
-81.672 38.666
-81.662 38.737
-81.701 38.729
-81.758 38.720
-80.835 37.558
-82.256 38.561
-82.207 38.527
-82.183 38.471
-82.146 38.435
-82.182 38.439
-82.143 38.385
-82.082 38.395
-82.117 38.432
-82.101 38.471
-80.360 39.293
-81.659 38.797
-81.602 38.748
-81.583 38.671
-81.609 38.605
-81.784 38.800
-81.566 38.777
-81.866 38.869
-80.923 37.530
-80.881 37.653
-80.817 37.649
-80.752 37.655
-80.934 37.675
-80.887 37.665
-80.830 37.714
-80.790 37.808
-80.716 37.718
-80.890 37.731
-82.077 38.422
-82.388 38.407
-82.452 38.398
-80.400 39.264
-80.435 39.250
-80.434 39.296
-80.393 39.308
-80.340 39.287
-80.294 39.393
-80.348 39.292
-80.347 39.296
-81.184 37.773
-80.875 37.788
-81.020 37.612
-80.949 37.623
-80.890 37.675
-82.373 38.415
-81.421 37.346
-81.362 37.369
-81.425 37.389
-81.380 37.408
-81.413 37.304
-81.821 37.316
-81.738 37.324
-81.769 37.350
-81.784 37.422
-81.648 37.374
-81.664 37.350
-80.319 39.270
-80.377 39.270
-80.288 39.266
-80.305 39.268
-80.303 39.250
-80.304 39.398
-80.236 39.239
-80.353 39.297
-81.189 37.782
-81.199 37.772
-80.418 38.331
-80.437 38.385
-80.357 38.420
-80.588 38.377
-80.611 38.459
-80.554 38.511
-80.481 38.536
-80.282 38.501
-80.404 38.471
-80.403 38.525
-80.308 38.583
-80.543 38.409
-80.372 38.664
-80.453 38.599
-81.705 37.333
-81.686 37.305
-81.707 37.273
-81.799 37.369
-81.822 37.351
-81.886 37.387
-81.901 37.462
-81.819 37.500
-81.744 37.476
-81.682 37.442
-81.879 37.506
-81.706 37.476
-81.402 37.437
-81.457 37.423
-80.274 39.209
-80.268 39.285
-80.244 39.275
-80.203 39.252
-80.314 39.205
-80.259 39.179
-80.350 39.207
-80.327 39.234
-80.277 39.131
-80.362 39.150
-80.348 39.163
-80.390 39.223
-81.198 37.781
-81.193 37.787
-81.502 37.441
-81.963 37.475
-81.336 37.412
-81.657 37.489
-81.605 37.459
-81.549 37.466
-81.640 37.417
-81.559 37.425
-81.516 37.391
-81.588 37.382
-81.554 37.367
-81.488 37.320
-81.556 37.330
-81.553 37.270
-81.603 37.263
-81.666 37.313
-81.662 37.243
-81.811 37.464
-80.355 39.252
-80.400 39.180
-80.499 39.168
-80.457 39.204
-80.507 39.329
-80.456 39.354
-80.512 39.412
-80.440 39.394
-81.199 37.799
-81.181 37.781
-81.178 37.807
-82.490 38.405
-82.494 38.411
-80.327 39.282
-80.301 39.288
-80.217 39.283
-80.227 39.299
-81.189 37.767
-81.174 37.763
-81.173 37.741
-81.204 37.751
-82.477 38.415
-82.449 38.421
-82.440 38.414
-82.432 38.424
-82.431 38.414
-80.253 39.291
-80.250 39.324
-80.564 39.287
-80.267 39.299
-81.213 37.769
-81.173 37.784
-81.161 37.789
-82.437 38.409
-82.417 38.431
-82.412 38.424
-82.424 38.415
-82.424 38.406
-82.433 38.399
-82.378 38.393
-82.418 38.380
-80.260 39.295
-80.270 39.308
-80.315 39.303
-80.314 39.333
-80.250 39.358
-80.329 39.273
-81.166 37.766
-81.176 37.799
-81.166 37.773
-82.470 38.397
-82.458 38.409
-82.449 38.410
-82.417 38.417
-80.791 38.733
-80.922 38.670
-80.846 38.701
-80.959 38.623
-80.738 38.785
-80.693 38.828
-80.577 38.844
-80.506 38.775
-80.646 38.794
-80.569 38.751
-80.793 38.651
-80.629 38.700
-80.675 38.686
-80.553 38.678
-80.688 38.639
-80.619 38.620
-80.323 39.274
-80.334 39.269
-80.516 39.266
-80.562 39.283
-80.553 39.284
-80.570 39.285
-81.199 37.811
-81.147 37.799
-81.230 37.771
-81.208 37.780
-81.289 37.615
-82.415 38.405
-82.422 38.409
-82.401 38.434
-82.469 38.413
-80.667 38.568
-82.254 38.152
-80.745 38.577
-80.719 38.645
-81.928 38.198
-80.760 38.634
-82.015 38.134
-80.831 38.609
-81.859 38.210
-80.861 38.554
-82.139 38.310
-82.068 38.294
-82.100 38.292
-82.181 38.211
-82.183 38.266
-80.486 39.244
-80.403 39.204
-80.344 39.263
-80.339 39.275
-80.331 39.277
-81.514 39.272
-81.544 39.285
-81.534 39.280
-81.974 37.904
-81.900 37.933
-81.959 37.887
-82.033 37.858
-81.823 37.764
-81.681 37.798
-81.874 37.742
-81.837 37.696
-81.883 37.804
-80.752 39.927
-80.743 39.932
-80.732 39.932
-79.969 39.654
-79.967 39.661
-79.961 39.661
-79.969 39.670
-79.953 39.665
-81.512 39.279
-81.554 39.287
-81.542 39.298
-81.999 37.880
-81.981 37.916
-81.979 37.847
-81.983 37.860
-81.955 37.822
-81.909 37.860
-82.002 37.951
-82.020 38.000
-80.704 39.931
-80.727 39.928
-80.735 39.925
-80.728 39.925
-80.721 39.919
-80.657 39.977
-80.670 39.931
-79.973 39.664
-79.976 39.658
-79.979 39.664
-79.979 39.672
-79.985 39.662
-81.537 39.290
-81.529 39.291
-81.539 39.305
-81.992 37.865
-82.022 37.933
-81.805 37.728
-81.813 37.877
-81.997 37.834
-82.008 37.861
-82.027 37.756
-80.610 39.920
-80.634 39.853
-80.692 39.903
-80.731 39.952
-80.751 39.947
-80.759 39.946
-80.708 39.874
-80.703 40.013
-80.710 40.001
-80.709 39.979
-79.987 39.655
-79.984 39.639
-81.550 39.306
-81.521 39.287
-81.520 39.293
-81.503 39.287
-81.996 37.806
-82.036 37.829
-82.099 37.824
-82.045 37.790
-80.735 40.004
-80.736 40.017
-80.730 40.025
-79.996 39.646
-79.918 39.633
-79.898 39.618
-80.962 39.331
-80.937 39.273
-81.046 39.278
-81.022 39.170
-81.051 39.212
-81.144 39.215
-81.513 39.290
-81.431 39.294
-81.511 39.257
-81.488 39.231
-81.484 39.214
-81.518 39.176
-81.516 39.317
-81.467 39.335
-81.526 39.344
-82.006 37.706
-81.969 37.980
-80.716 40.027
-80.734 39.981
-80.733 39.992
-79.941 39.622
-79.942 39.656
-79.908 39.656
-79.889 39.566
-79.913 39.601
-79.860 39.590
-79.847 39.631
-80.930 39.176
-80.892 39.094
-81.050 39.117
-81.113 39.067
-80.952 39.303
-81.540 39.315
-81.539 39.320
-80.733 39.988
-80.571 39.989
-80.675 40.013
-80.631 40.016
-80.553 39.857
-80.546 39.915
-80.794 39.773
-80.654 39.761
-80.690 39.808
-80.557 39.766
-80.748 39.858
-80.783 39.878
-80.569 39.828
-80.567 39.826
-79.943 39.601
-79.952 39.619
-79.950 39.658
-79.900 39.546
-80.214 39.702
-80.299 39.698
-80.279 39.646
-80.360 39.669
-80.231 39.656
-79.964 39.703
-80.025 39.707
-81.549 39.316
-81.406 39.353
-81.549 39.331
-81.526 39.324
-81.542 39.330
-81.543 39.334
-79.999 39.669
-80.021 39.678
-80.056 39.676
-80.110 39.683
-80.066 39.645
-80.029 39.623
-79.951 39.678
-79.894 39.705
-80.163 39.698
-80.183 39.646
-80.104 39.596
-80.146 39.633
-79.869 38.925
-81.537 39.336
-81.541 39.345
-81.528 39.341
-81.488 39.363
-81.441 39.381
-81.378 39.314
-79.964 39.613
-79.979 39.612
-79.956 39.630
-79.939 39.488
-80.022 39.532
-80.043 39.584
-79.988 39.571
-80.008 39.597
-79.942 39.548
-79.969 39.636
-79.976 39.636
-81.233 39.162
-79.831 38.844
-81.175 39.274
-79.896 38.706
-79.491 38.930
-79.819 38.900
-79.597 38.768
-80.079 38.525
-79.858 38.919
-79.855 38.913
-81.458 39.401
-81.471 39.303
-81.445 39.399
-81.329 39.260
-81.426 39.244
-79.960 39.622
-79.960 39.616
-79.986 39.632
-79.873 39.661
-79.829 39.664
-79.893 39.675
-79.799 39.696
-79.932 39.671
-79.846 38.922
-79.858 38.927
-81.467 39.264
-81.364 39.195
-81.429 39.173
-81.479 39.183
-81.568 39.170
-81.500 39.138
-81.647 39.145
-81.708 39.137
-81.615 39.262
-81.627 39.263
-81.631 39.255
-79.946 39.631
-79.941 39.626
-79.950 39.627
-79.847 38.934
-79.839 38.926
-81.508 39.183
-81.656 39.223
-81.585 39.259
-81.570 39.253
-81.578 39.217
-81.618 39.207
-81.556 39.251
-81.561 39.239
-79.953 39.627
-79.956 39.624
-79.965 39.636
-78.770 39.642
-78.773 39.644
-78.799 39.596
-79.861 38.933
-79.996 38.898
-79.877 38.961
-79.694 38.863
-79.809 39.031
-79.849 38.885
-80.046 38.731
-80.193 38.669
-79.807 38.947
-81.544 39.254
-81.547 39.246
-80.177 39.343
-80.096 39.357
-80.141 39.375
-80.066 39.321
-79.960 39.640
-79.956 39.638
-79.947 39.638
-78.779 39.618
-78.820 39.542
-78.851 39.494
-78.965 39.426
-78.978 39.445
-79.876 38.929
-79.854 38.943
-81.677 39.234
-81.527 39.246
-81.548 39.239
-81.538 39.242
-81.528 39.226
-81.549 39.217
-80.035 39.347
-80.031 39.276
-80.033 39.338
-80.029 39.375
-80.094 39.277
-79.952 39.641
-79.920 39.639
-79.942 39.632
-79.932 39.633
-78.973 39.439
-78.978 39.435
-78.981 39.440
-81.561 39.271
-81.553 39.269
-81.549 39.267
-81.544 39.271
-81.549 39.232
-81.558 39.095
-81.619 39.068
-79.997 39.347
-79.955 39.401
-79.921 39.359
-80.156 39.278
-79.945 39.632
-79.953 39.648
-79.968 39.647
-78.983 39.442
-79.010 39.449
-78.991 39.437
-79.019 39.423
-81.543 39.262
-81.532 39.270
-80.023 39.342
-80.011 39.343
-79.959 39.655
-79.949 39.651
-79.927 38.434
-79.831 38.590
-79.729 38.575
-80.090 38.224
-80.042 38.146
-78.990 39.431
-78.983 39.435
-79.047 39.478
-81.524 39.266
-81.550 39.273
-81.547 39.276
-82.132 37.941
-82.066 37.950
-82.084 37.865
-80.009 39.333
-79.967 39.307
-80.028 39.331
-81.924 37.743
-81.767 37.783
-80.739 39.920
-80.744 39.918
-80.728 39.921
-80.744 39.912
-79.940 39.615
-79.979 39.648
-80.176 38.247
-80.163 38.340
-80.073 38.406
-80.025 38.325
-79.896 38.274
-80.271 38.238
-79.807 38.406
-80.277 38.157
-80.256 38.085
-79.043 39.458
-79.064 39.447
-79.092 39.426
-79.136 39.379
-79.193 39.340
-79.070 39.335
-79.017 39.316
-78.925 39.409
-78.965 39.299
-78.874 39.380
-78.784 39.467
-78.722 39.520
-78.756 39.588
-78.765 39.561
-79.037 39.391
-78.909 39.450
-78.782 39.540
-81.536 39.273
-81.543 39.278
-81.525 39.279
-81.520 39.274
-81.781 38.438
-81.761 38.441
-81.744 38.445
-81.678 38.467
-81.671 38.555
-81.716 38.502
-81.758 38.408
-81.837 38.397
-81.844 38.405
-81.846 38.418
-81.825 38.394
-81.820 38.382
-81.803 38.378
-81.803 38.371
-81.852 38.376
-81.838 38.376
-81.743 38.358
-81.743 38.364
-81.753 38.362
-81.753 38.366
-81.726 38.343
-81.840 38.415
-81.808 38.409
-81.802 38.432
-81.826 38.424
-81.815 38.381
-81.812 38.385
-81.818 38.373
-81.832 38.380
-81.878 38.362
-81.853 38.389
-81.882 38.385
-81.878 38.342
-81.865 38.405
-81.749 38.349
-81.745 38.344
-81.826 38.359
-81.759 38.349
-81.784 38.358
-81.655 38.342
-81.676 38.341
-81.645 38.346
-81.667 38.334
-81.681 38.357
-81.675 38.353
-81.668 38.351
-81.684 38.330
-81.845 38.369
-81.862 38.370
-81.661 38.371
-81.643 38.383
-81.647 38.395
-81.671 38.382
-81.708 38.421
-81.723 38.387
-81.794 38.368
-81.742 38.354
-81.662 38.345
-81.660 38.356
-81.662 38.365
-81.703 38.326
-81.740 38.327
-81.729 38.299
-81.802 38.331
-81.543 38.352
-81.596 38.336
-81.622 38.340
-81.616 38.344
-81.589 38.328
-81.566 38.306
-81.586 38.322
-81.638 38.280
-81.749 38.244
-81.725 38.376
-81.727 38.369
-81.764 38.383
-81.747 38.369
-81.828 38.388
-81.771 38.371
-81.688 38.380
-81.727 38.362
-81.624 38.345
-81.649 38.359
-81.635 38.350
-81.631 38.355
-81.574 38.245
-81.569 38.252
-81.562 38.242
-81.546 38.230
-81.799 38.381
-81.641 38.331
-81.638 38.339
-81.684 38.353
-81.692 38.357
-81.726 38.354
-81.618 38.352
-81.585 38.359
-81.618 38.366
-81.607 38.357
-81.538 38.225
-81.553 38.180
-81.444 38.159
-81.444 38.215
-81.438 38.026
-81.476 38.105
-81.719 38.355
-81.712 38.343
-81.696 38.351
-81.698 38.368
-81.685 38.368
-81.707 38.363
-81.730 38.354
-81.632 38.327
-81.646 38.318
-81.656 38.331
-81.635 38.360
-81.611 38.332
-81.387 38.208
-81.576 38.354
-81.596 38.342
-81.530 38.380
-81.501 38.332
-81.563 38.291
-81.561 38.326
-81.568 38.276
-81.600 38.222
-81.553 38.255
-81.612 38.318
-81.589 38.309
-81.572 38.319
-81.543 38.237
-81.533 38.229
-81.537 38.278
-81.509 38.297
-81.522 38.243
-81.529 38.218
-81.364 38.377
-81.429 38.318
-81.492 38.168
-81.468 38.246
-81.438 38.222
-81.422 38.211
-81.391 38.093
-81.379 38.182
-81.347 38.163
-81.338 38.223
-81.310 38.295
-81.465 38.413
-81.591 38.402
-81.563 38.406
-81.550 38.437
-81.494 38.405
-81.501 38.436
-81.467 38.462
-81.474 38.505
-81.350 38.486
-81.357 38.514
-81.410 38.480
-81.434 38.430
-81.317 38.468
-81.611 38.393
-81.637 38.364
-81.622 38.375
-81.634 38.371
-81.652 38.364
-81.646 38.369
-81.651 38.373
-81.658 38.373
-81.655 38.378
-81.664 38.489
-81.648 38.506
-81.605 38.477
-81.559 38.555
-81.637 38.423
-81.771 38.429
-81.689 38.413
-81.755 38.429
-81.788 38.424
