-108.861 44.154
-108.753 44.762
-108.761 44.761
-108.750 44.754
-108.772 44.751
-108.775 44.759
-110.554 44.174
-109.117 44.921
-108.796 44.896
-108.983 44.749
-109.501 44.634
-109.643 44.836
-109.031 44.515
-109.031 44.535
-109.055 44.521
-104.953 42.044
-105.138 42.152
-104.857 42.095
-109.054 44.537
-109.010 44.617
-108.899 44.425
-104.968 42.058
-104.970 42.046
-109.057 44.509
-109.243 44.389
-108.735 44.627
-108.799 44.257
-109.717 44.110
-110.234 44.661
-109.097 44.513
-109.079 44.509
-104.948 42.061
-104.771 41.901
-105.138 41.911
-104.767 42.247
-105.163 42.433
-104.736 42.446
-104.937 41.743
-104.936 42.462
-109.071 44.524
-108.663 44.854
-108.749 44.730
-109.148 44.047
-104.358 42.469
-104.148 42.482
-104.156 42.195
-104.411 42.149
-104.551 42.333
-104.346 42.139
-104.256 42.036
-104.463 42.000
-104.518 42.213
-104.179 42.057
-104.200 42.068
-104.184 42.078
-104.170 42.060
-104.184 42.072
-104.183 42.066
-104.152 42.011
-104.157 42.066
-104.133 41.912
-104.418 41.889
-104.270 41.775
-104.563 41.756
-104.295 41.917
-104.337 41.636
-104.163 41.639
-104.226 43.990
-104.638 44.102
-104.192 43.850
-104.225 43.848
-104.206 43.860
-104.438 43.974
-104.544 43.657
-104.798 43.994
-105.335 44.802
-104.314 44.346
-104.360 44.412
-104.372 44.401
-104.443 44.696
-104.243 44.685
-104.125 44.528
-104.683 44.293
-104.731 44.491
-104.631 44.799
-104.230 44.909
-104.974 44.327
-104.810 44.354
-104.598 44.682
-104.923 44.853
-104.952 44.610
-104.957 44.265
-104.946 44.264
-104.346 42.671
-104.719 42.759
-104.307 42.808
-104.708 43.203
-104.307 43.315
-104.232 43.005
-109.525 42.061
-109.839 41.592
-109.509 41.552
-109.209 41.579
-109.272 41.576
-109.215 41.585
-109.224 41.581
-109.250 41.588
-109.207 41.588
-109.228 41.618
-109.210 41.573
-109.236 41.583
-109.056 41.263
-108.103 41.499
-109.656 41.152
-109.454 41.509
-109.353 41.554
-109.257 41.600
-109.219 41.590
-109.124 41.596
-109.251 41.624
-109.461 41.516
-109.297 41.669
-109.164 41.659
-108.922 41.849
-109.730 41.590
-109.456 41.530
-109.494 41.527
-109.464 41.492
-109.469 41.506
-109.293 41.857
-109.923 41.135
-108.427 41.949
-107.733 42.150
-109.235 41.599
-109.195 41.586
-108.581 44.965
-108.577 44.894
-108.457 44.921
-107.458 44.290
-108.131 44.870
-108.345 44.625
-108.531 44.721
-105.843 42.903
-105.879 42.855
-105.851 42.858
-105.190 42.767
-105.855 43.184
-105.621 42.733
-105.910 42.656
-108.292 44.407
-108.491 44.454
-107.923 44.255
-107.699 44.557
-108.250 44.292
-108.099 44.587
-105.373 42.746
-105.442 42.741
-105.397 42.766
-105.455 42.950
-107.970 44.017
-105.372 42.770
-105.377 42.757
-105.397 42.753
-107.942 44.012
-107.942 44.021
-108.060 43.990
-107.404 43.842
-105.361 42.749
-105.295 42.669
-105.500 42.509
-105.018 42.795
-105.252 43.242
-105.594 41.322
-105.544 41.303
-105.548 41.321
-105.558 41.302
-105.571 41.312
-105.845 42.233
-105.384 42.272
-105.544 41.519
-105.924 41.804
-105.691 41.275
-106.199 41.259
-105.528 41.994
-105.955 41.097
-105.648 41.308
-105.601 41.315
-105.594 41.312
-105.589 41.312
-105.584 41.327
-105.582 41.304
-105.572 41.322
-105.632 41.304
-105.562 41.321
-105.549 41.310
-105.399 41.759
-105.583 41.314
-105.583 41.291
-105.589 41.300
-106.708 44.349
-106.730 44.335
-106.707 44.336
-106.697 44.338
-106.691 44.342
-106.694 44.348
-106.251 43.835
-106.783 43.731
-106.755 44.105
-106.270 44.405
-106.638 43.710
-106.210 43.570
-109.449 42.566
-109.652 42.928
-109.873 42.910
-109.906 43.198
-110.121 42.466
-110.351 42.744
-110.100 42.557
-110.363 43.187
-110.172 42.740
-106.971 44.497
-106.403 44.191
-106.979 44.243
-106.707 44.358
-106.688 44.356
-108.208 43.649
-108.224 43.647
-108.081 43.616
-108.737 43.803
-110.801 41.287
-110.984 41.258
-110.949 41.270
-110.960 41.248
-110.449 41.429
-110.301 41.126
-110.185 41.410
-110.296 41.328
-110.334 41.272
-110.564 41.038
-111.027 41.386
-110.557 41.768
-110.534 41.782
-110.554 41.792
-110.756 41.678
-110.550 41.800
-110.572 42.029
-110.924 42.978
-110.999 42.903
-110.996 43.034
-110.885 42.893
-110.914 42.580
-110.927 42.796
-110.931 42.729
-110.892 42.730
-110.288 42.147
-110.758 42.949
-110.926 42.164
-110.255 41.707
-105.484 44.286
-105.494 44.281
-105.499 44.287
-105.507 44.284
-105.512 44.292
-105.524 44.301
-105.519 44.288
-105.513 44.272
-105.531 44.268
-105.550 44.213
-105.557 44.283
-105.502 44.272
-105.474 44.175
-105.514 44.251
-105.322 44.172
-105.535 44.301
-105.548 44.301
-105.497 44.259
-105.463 44.276
-105.542 44.268
-105.609 44.505
-105.842 44.359
-105.798 44.805
-105.817 43.852
-105.350 43.945
-105.197 44.340
-105.397 43.654
-105.495 43.750
-105.428 44.232
-105.416 44.430
-105.494 44.298
-105.479 44.305
-105.402 44.335
-105.473 44.282
-107.166 44.908
-106.389 44.766
-106.880 44.583
-107.178 44.637
-107.172 44.751
-106.112 44.764
-107.493 44.790
-106.750 44.638
-106.963 44.784
-107.159 44.932
-106.704 44.862
-106.950 44.772
-106.985 44.799
-106.971 44.790
-106.960 44.794
-107.074 44.804
-106.980 44.813
-106.971 44.807
-106.966 44.801
-106.936 44.706
-106.962 44.769
-106.945 44.761
-106.940 44.773
-106.967 44.903
-106.942 44.805
-106.962 44.819
-106.953 44.794
-107.263 44.873
-107.616 44.936
-106.353 42.826
-106.398 42.844
-106.325 42.851
-106.318 42.861
-106.304 43.019
-106.305 42.853
-106.324 42.822
-106.333 42.835
-106.317 42.842
-106.300 42.821
-106.338 42.812
-106.306 42.841
-106.303 42.832
-106.291 42.836
-106.281 42.832
-106.176 42.879
-106.290 42.845
-106.326 42.746
-106.338 42.801
-106.417 42.777
-106.362 42.811
-106.361 42.834
-106.342 42.837
-106.381 42.846
-106.342 42.823
-106.348 42.816
-106.402 42.813
-106.402 42.822
-106.487 42.818
-106.741 42.708
-106.571 42.900
-106.250 42.871
-106.287 42.853
-106.252 42.835
-106.275 42.846
-106.275 42.839
-106.153 42.613
-106.443 42.572
-106.403 43.298
-106.613 43.076
-106.744 43.352
-106.199 43.314
-106.347 42.922
-107.064 42.859
-107.178 43.202
-107.142 42.583
-106.424 42.818
-106.377 42.820
-110.764 43.432
-110.907 43.443
-110.382 43.485
-110.804 43.464
-110.777 43.472
-110.551 43.673
-110.793 43.433
-110.762 43.483
-110.828 43.578
-110.958 43.805
-110.746 43.474
-110.755 43.475
-110.852 43.517
-110.859 43.470
-110.790 43.512
-110.694 43.326
-104.800 41.127
-104.784 41.164
-104.791 41.138
-104.785 41.141
-104.747 41.157
-104.778 41.150
-104.809 41.155
-104.689 41.072
-104.835 41.170
-104.824 41.168
-104.804 41.165
-104.730 41.149
-104.804 41.190
-104.843 41.179
-104.834 41.180
-104.823 41.180
-104.766 41.150
-104.778 41.171
-104.757 41.152
-104.843 41.187
-104.774 41.135
-104.781 41.180
-104.756 41.153
-104.756 41.164
-104.704 41.179
-104.724 41.131
-104.634 41.186
-104.754 41.141
-104.952 41.306
-105.109 41.050
-104.727 41.305
-105.165 41.430
-104.834 41.519
-104.426 41.274
-104.815 41.181
-104.837 41.162
-104.834 41.150
-107.346 41.625
-107.227 41.772
-104.830 41.122
-105.160 41.156
-104.795 41.149
-107.252 41.788
-106.964 41.933
-106.762 41.430
-107.337 41.161
-107.753 41.324
-107.247 42.242
-104.813 41.140
-104.759 41.164
-107.218 41.806
-107.249 41.796
-104.773 41.163
-104.758 41.160
-104.746 41.134
-107.233 41.801
-106.661 42.251
-106.581 41.871
-106.240 42.148
-106.403 41.685
-106.195 41.532
-104.838 41.135
-104.753 41.189
-104.879 41.094
-104.779 41.124
-104.399 41.076
-104.148 41.188
-104.418 41.488
-104.166 41.436
-106.811 41.452
-106.567 41.123
-106.934 41.120
-104.862 41.036
-104.819 41.110
-104.827 41.121
-104.836 41.132
-104.822 41.139
-104.800 41.139
-104.945 41.165
-104.834 41.157
-107.657 43.171
-108.519 43.207
-107.983 43.175
-108.366 43.325
-108.678 43.348
-109.563 43.645
-108.782 42.461
-108.010 42.522
-108.861 43.293
-109.322 43.329
-109.095 43.037
-108.447 43.053
-108.473 43.097
-108.421 43.022
-108.277 43.099
-108.383 43.019
-108.361 43.023
-108.376 43.033
-108.376 43.052
-108.717 42.954
-108.021 42.863
-108.470 42.998
-108.550 42.904
-108.544 42.997
-108.745 42.824
-108.738 42.831
-108.727 42.821
-108.752 42.778
-108.726 42.830
-108.716 42.840
-108.741 42.841
-108.790 42.823
